{
    "camera_angle_x": 0.8575560450553894,
    "aabb": [
        [
            -0.35,
            -0.35,
            -0.35
        ],
        [
            0.35,
            0.35,
            0.35
        ]
    ],
    "frames": [
        {
            "file_path": "000.png",
            "transform_matrix": [
                [
                    -0.06112087517976761,
                    0.0614442341029644,
                    -0.9962375164031982,
                    -1.1954848766326904
                ],
                [
                    -0.9981305599212646,
                    -0.003762774867936969,
                    0.061004769057035446,
                    0.07320563495159149
                ],
                [
                    -4.2780850861845465e-08,
                    0.9981036186218262,
                    0.06155914440751076,
                    0.07387114316225052
                ],
                [
                    0,
                    0,
                    0,
                    1
                ]
            ]
        },
        {
            "file_path": "001.png",
            "transform_matrix": [
                [
                    -0.9722347855567932,
                    -0.04224568232893944,
                    0.23016324639320374,
                    0.2761958837509155
                ],
                [
                    0.23400814831256866,
                    -0.17551836371421814,
                    0.9562602639198303,
                    1.1475123167037964
                ],
                [
                    -8.90815243792531e-09,
                    0.9835693836212158,
                    0.18053072690963745,
                    0.21663695573806763
                ],
                [
                    0,
                    0,
                    0,
                    1
                ]
            ]
        },
        {
            "file_path": "002.png",
            "transform_matrix": [
                [
                    0.13223084807395935,
                    -0.08800401538610458,
                    0.9873046278953552,
                    1.1847654581069946
                ],
                [
                    0.9912190437316895,
                    0.011739830486476421,
                    -0.1317087560892105,
                    -0.158050537109375
                ],
                [
                    1.5114220985879e-08,
                    0.996051013469696,
                    0.08878353238105774,
                    0.1065405085682869
                ],
                [
                    0,
                    0,
                    0,
                    1
                ]
            ]
        },
        {
            "file_path": "003.png",
            "transform_matrix": [
                [
                    -0.15776196122169495,
                    -0.3853427469730377,
                    0.9091875553131104,
                    1.0910251140594482
                ],
                [
                    0.9874771237373352,
                    -0.0615633949637413,
                    0.1452542245388031,
                    0.17430517077445984
                ],
                [
                    3.046322660793521e-08,
                    0.9207175970077515,
                    0.39022958278656006,
                    0.4682755172252655
                ],
                [
                    0,
                    0,
                    0,
                    1
                ]
            ]
        },
        {
            "file_path": "004.png",
            "transform_matrix": [
                [
                    0.8448563814163208,
                    -0.25882476568222046,
                    0.46821728348731995,
                    0.5618607997894287
                ],
                [
                    0.5349931716918945,
                    0.4087337553501129,
                    -0.7394044995307922,
                    -0.8872854113578796
                ],
                [
                    -1.9959827568527544e-08,
                    0.875183641910553,
                    0.4837908148765564,
                    0.5805489420890808
                ],
                [
                    0,
                    0,
                    0,
                    1
                ]
            ]
        },
        {
            "file_path": "005.png",
            "transform_matrix": [
                [
                    0.8477728962898254,
                    0.20656786859035492,
                    -0.4884781241416931,
                    -0.5861737132072449
                ],
                [
                    -0.5303594470024109,
                    0.3301961421966553,
                    -0.7808260917663574,
                    -0.9369913339614868
                ],
                [
                    4.790901897422373e-09,
                    0.921032190322876,
                    0.38948655128479004,
                    0.4673839509487152
                ],
                [
                    0,
                    0,
                    0,
                    1
                ]
            ]
        }
    ]
}