{
    "camera_angle_x": 0.8575560450553894,
    "aabb": [
        [
            -0.35,
            -0.35,
            -0.35
        ],
        [
            0.35,
            0.35,
            0.35
        ]
    ],
    "frames": [
        {
            "file_path": "000.png",
            "transform_matrix": [
                [
                    -0.6565081477165222,
                    -0.3712241053581238,
                    0.6566503643989563,
                    0.7879803776741028
                ],
                [
                    0.7543189525604248,
                    -0.32308831810951233,
                    0.5715040564537048,
                    0.6858049631118774
                ],
                [
                    -1.6860159490761362e-08,
                    0.8705208897590637,
                    0.49213147163391113,
                    0.5905578136444092
                ],
                [
                    0,
                    0,
                    0,
                    1
                ]
            ]
        },
        {
            "file_path": "001.png",
            "transform_matrix": [
                [
                    0.868104875087738,
                    -0.017590424045920372,
                    0.496069073677063,
                    0.5952829122543335
                ],
                [
                    0.49638083577156067,
                    0.03076334297657013,
                    -0.8675596714019775,
                    -1.0410715341567993
                ],
                [
                    -2.0998211169853676e-08,
                    0.9993719458580017,
                    0.03543735295534134,
                    0.04252485930919647
                ],
                [
                    0,
                    0,
                    0,
                    1
                ]
            ]
        },
        {
            "file_path": "002.png",
            "transform_matrix": [
                [
                    -0.3951266407966614,
                    -0.4510669410228729,
                    0.8002583980560303,
                    0.960310161113739
                ],
                [
                    0.918626606464386,
                    -0.19401641190052032,
                    0.3442131578922272,
                    0.4130558371543884
                ],
                [
                    9.969539860321674e-08,
                    0.8711465001106262,
                    0.4910231828689575,
                    0.5892277956008911
                ],
                [
                    0,
                    0,
                    0,
                    1
                ]
            ]
        },
        {
            "file_path": "003.png",
            "transform_matrix": [
                [
                    -0.27571478486061096,
                    -0.4304342269897461,
                    0.8594812154769897,
                    1.0313774347305298
                ],
                [
                    0.9612395763397217,
                    -0.12346258759498596,
                    0.2465270757675171,
                    0.2958325147628784
                ],
                [
                    1.1346283912416766e-08,
                    0.8941384553909302,
                    0.4477907121181488,
                    0.5373489260673523
                ],
                [
                    0,
                    0,
                    0,
                    1
                ]
            ]
        },
        {
            "file_path": "004.png",
            "transform_matrix": [
                [
                    -0.899968683719635,
                    -0.1254606395959854,
                    0.41751179099082947,
                    0.5010141134262085
                ],
                [
                    0.43595466017723083,
                    -0.25899630784988403,
                    0.8618959188461304,
                    1.0342750549316406
                ],
                [
                    -1.5737372294211127e-08,
                    0.957695484161377,
                    0.2877836227416992,
                    0.34534046053886414
                ],
                [
                    0,
                    0,
                    0,
                    1
                ]
            ]
        },
        {
            "file_path": "005.png",
            "transform_matrix": [
                [
                    -0.43340498208999634,
                    0.2014593780040741,
                    -0.8783931136131287,
                    -1.0540716648101807
                ],
                [
                    -0.9011994004249573,
                    -0.09688588231801987,
                    0.42243692278862,
                    0.5069242715835571
                ],
                [
                    5.1037197579262283e-08,
                    0.9746934771537781,
                    0.22354575991630554,
                    0.2682550251483917
                ],
                [
                    0,
                    0,
                    0,
                    1
                ]
            ]
        }
    ]
}