{
    "camera_angle_x": 0.8575560450553894,
    "aabb": [
        [
            -0.35,
            -0.35,
            -0.35
        ],
        [
            0.35,
            0.35,
            0.35
        ]
    ],
    "frames": [
        {
            "file_path": "000.png",
            "transform_matrix": [
                [
                    0.9427044987678528,
                    -0.12492384016513824,
                    0.3093578517436981,
                    0.3712294399738312
                ],
                [
                    0.33362892270088196,
                    0.3529857397079468,
                    -0.8741241097450256,
                    -1.048948884010315
                ],
                [
                    3.8002561097982834e-09,
                    0.927251398563385,
                    0.37443941831588745,
                    0.4493274688720703
                ],
                [
                    0,
                    0,
                    0,
                    1
                ]
            ]
        },
        {
            "file_path": "001.png",
            "transform_matrix": [
                [
                    -0.9508256912231445,
                    0.010792284272611141,
                    -0.30953866243362427,
                    -0.3714463710784912
                ],
                [
                    -0.309726744890213,
                    -0.033131103962659836,
                    0.9502482414245605,
                    1.1402978897094727
                ],
                [
                    3.494800893122374e-09,
                    0.9993928074836731,
                    0.03484448418021202,
                    0.04181355610489845
                ],
                [
                    0,
                    0,
                    0,
                    1
                ]
            ]
        },
        {
            "file_path": "002.png",
            "transform_matrix": [
                [
                    0.7476251125335693,
                    0.04348466917872429,
                    -0.6626958847045898,
                    -0.7952350974082947
                ],
                [
                    -0.6641210317611694,
                    0.04895221069455147,
                    -0.7460208535194397,
                    -0.895224928855896
                ],
                [
                    9.219061070098178e-09,
                    0.9978541731834412,
                    0.06547696143388748,
                    0.07857251167297363
                ],
                [
                    0,
                    0,
                    0,
                    1
                ]
            ]
        },
        {
            "file_path": "003.png",
            "transform_matrix": [
                [
                    0.9962871074676514,
                    -0.0003009904467035085,
                    0.08609213680028915,
                    0.10331057012081146
                ],
                [
                    0.08609266579151154,
                    0.003483102424070239,
                    -0.996281087398529,
                    -1.1955373287200928
                ],
                [
                    2.5145308057972215e-10,
                    0.9999939203262329,
                    0.003496082965284586,
                    0.004195321351289749
                ],
                [
                    0,
                    0,
                    0,
                    1
                ]
            ]
        },
        {
            "file_path": "004.png",
            "transform_matrix": [
                [
                    -0.2642741799354553,
                    0.3300032317638397,
                    -0.9062324166297913,
                    -1.087478756904602
                ],
                [
                    -0.9644476771354675,
                    -0.09042617678642273,
                    0.24832221865653992,
                    0.2979866862297058
                ],
                [
                    5.995977403472352e-08,
                    0.9396387934684753,
                    0.34216803312301636,
                    0.41060179471969604
                ],
                [
                    0,
                    0,
                    0,
                    1
                ]
            ]
        },
        {
            "file_path": "005.png",
            "transform_matrix": [
                [
                    0.9965736269950867,
                    -0.008221928961575031,
                    0.08230072259902954,
                    0.09876088798046112
                ],
                [
                    0.0827103927731514,
                    0.09906557947397232,
                    -0.9916375279426575,
                    -1.1899651288986206
                ],
                [
                    3.1140203748947215e-09,
                    0.9950469732284546,
                    0.0994061827659607,
                    0.11928746849298477
                ],
                [
                    0,
                    0,
                    0,
                    1
                ]
            ]
        }
    ]
}