{
    "camera_angle_x": 0.8575560450553894,
    "aabb": [
        [
            -0.35,
            -0.35,
            -0.35
        ],
        [
            0.35,
            0.35,
            0.35
        ]
    ],
    "frames": [
        {
            "file_path": "000.png",
            "transform_matrix": [
                [
                    0.5369712114334106,
                    0.376457154750824,
                    -0.7549449801445007,
                    -0.9059339165687561
                ],
                [
                    -0.8436005711555481,
                    0.23962359130382538,
                    -0.4805399775505066,
                    -0.576647937297821
                ],
                [
                    -2.7563681115339023e-08,
                    0.8949081897735596,
                    0.44625040888786316,
                    0.5355006456375122
                ],
                [
                    0,
                    0,
                    0,
                    1
                ]
            ]
        },
        {
            "file_path": "001.png",
            "transform_matrix": [
                [
                    0.909067690372467,
                    0.010540067218244076,
                    -0.4165150821208954,
                    -0.4998181164264679
                ],
                [
                    -0.4166484475135803,
                    0.022996865212917328,
                    -0.9087768197059631,
                    -1.0905321836471558
                ],
                [
                    -1.350067613259398e-08,
                    0.9996799826622009,
                    0.02529720589518547,
                    0.03035663068294525
                ],
                [
                    0,
                    0,
                    0,
                    1
                ]
            ]
        },
        {
            "file_path": "002.png",
            "transform_matrix": [
                [
                    0.5427013039588928,
                    0.021820848807692528,
                    -0.839642345905304,
                    -1.0075706243515015
                ],
                [
                    -0.8399258255958557,
                    0.014098873361945152,
                    -0.5425182580947876,
                    -0.6510219573974609
                ],
                [
                    -9.781697940525191e-08,
                    0.9996625781059265,
                    0.025979315862059593,
                    0.03117544762790203
                ],
                [
                    0,
                    0,
                    0,
                    1
                ]
            ]
        },
        {
            "file_path": "003.png",
            "transform_matrix": [
                [
                    0.28822028636932373,
                    0.3122805953025818,
                    -0.9052126407623291,
                    -1.0862551927566528
                ],
                [
                    -0.957564115524292,
                    0.09399441629648209,
                    -0.2724628150463104,
                    -0.3269554376602173
                ],
                [
                    7.421299130783154e-08,
                    0.9453284740447998,
                    0.3261198103427887,
                    0.3913438320159912
                ],
                [
                    0,
                    0,
                    0,
                    1
                ]
            ]
        },
        {
            "file_path": "004.png",
            "transform_matrix": [
                [
                    0.5156887769699097,
                    -0.13746875524520874,
                    0.8456757068634033,
                    1.0148109197616577
                ],
                [
                    0.8567759990692139,
                    0.08274177461862564,
                    -0.5090075731277466,
                    -0.6108092069625854
                ],
                [
                    -7.946801616753874e-08,
                    0.9870441555976868,
                    0.16044892370700836,
                    0.19253869354724884
                ],
                [
                    0,
                    0,
                    0,
                    1
                ]
            ]
        },
        {
            "file_path": "005.png",
            "transform_matrix": [
                [
                    0.6049595475196838,
                    0.1499299257993698,
                    -0.782013475894928,
                    -0.938416063785553
                ],
                [
                    -0.7962563037872314,
                    0.11390998214483261,
                    -0.5941386818885803,
                    -0.7129663228988647
                ],
                [
                    1.0866708777257372e-07,
                    0.9821129441261292,
                    0.18829350173473358,
                    0.2259523570537567
                ],
                [
                    0,
                    0,
                    0,
                    1
                ]
            ]
        }
    ]
}