{
    "camera_angle_x": 0.8575560450553894,
    "aabb": [
        [
            -0.35,
            -0.35,
            -0.35
        ],
        [
            0.35,
            0.35,
            0.35
        ]
    ],
    "frames": [
        {
            "file_path": "000.png",
            "transform_matrix": [
                [
                    -0.9777089953422546,
                    0.011514902114868164,
                    -0.20964860916137695,
                    -0.25157833099365234
                ],
                [
                    -0.2099646031856537,
                    -0.05361960828304291,
                    0.9762375950813293,
                    1.171485185623169
                ],
                [
                    4.3654502235312975e-09,
                    0.9984950423240662,
                    0.05484209209680557,
                    0.06581053882837296
                ],
                [
                    0,
                    0,
                    0,
                    1
                ]
            ]
        },
        {
            "file_path": "001.png",
            "transform_matrix": [
                [
                    -0.9721017479896545,
                    -0.02094428800046444,
                    0.23362377285957336,
                    0.2803485095500946
                ],
                [
                    0.23456071317195892,
                    -0.08680059015750885,
                    0.9682185649871826,
                    1.1618621349334717
                ],
                [
                    5.0414765695450114e-09,
                    0.996005654335022,
                    0.08929144591093063,
                    0.10714980214834213
                ],
                [
                    0,
                    0,
                    0,
                    1
                ]
            ]
        },
        {
            "file_path": "002.png",
            "transform_matrix": [
                [
                    -0.004157599993050098,
                    -0.3853655159473419,
                    0.92275470495224,
                    1.107305645942688
                ],
                [
                    0.9999914169311523,
                    -0.0016021778574213386,
                    0.003836441319435835,
                    0.0046037109568715096
                ],
                [
                    -8.384908767311572e-08,
                    0.9227626919746399,
                    0.3853687644004822,
                    0.46244263648986816
                ],
                [
                    0,
                    0,
                    0,
                    1
                ]
            ]
        },
        {
            "file_path": "003.png",
            "transform_matrix": [
                [
                    -0.5966690182685852,
                    0.3578609228134155,
                    -0.7182769775390625,
                    -0.8619323372840881
                ],
                [
                    -0.8024875521659851,
                    -0.26607832312583923,
                    0.5340563654899597,
                    0.6408676505088806
                ],
                [
                    5.88326187767052e-09,
                    0.8950631022453308,
                    0.4459395110607147,
                    0.5351274609565735
                ],
                [
                    0,
                    0,
                    0,
                    1
                ]
            ]
        },
        {
            "file_path": "004.png",
            "transform_matrix": [
                [
                    0.9952035546302795,
                    0.002748502418398857,
                    -0.09778701514005661,
                    -0.11734439432621002
                ],
                [
                    -0.09782563149929047,
                    0.027960902079939842,
                    -0.9948108792304993,
                    -1.1937729120254517
                ],
                [
                    -8.268670192990157e-09,
                    0.9996054172515869,
                    0.028095662593841553,
                    0.03371505066752434
                ],
                [
                    0,
                    0,
                    0,
                    1
                ]
            ]
        },
        {
            "file_path": "005.png",
            "transform_matrix": [
                [
                    0.7782765030860901,
                    0.2994994819164276,
                    -0.5518928170204163,
                    -0.6622713804244995
                ],
                [
                    -0.6279217004776001,
                    0.3712141513824463,
                    -0.6840426921844482,
                    -0.8208512663841248
                ],
                [
                    -2.296271617296952e-09,
                    0.8789198398590088,
                    0.47696951031684875,
                    0.5723633766174316
                ],
                [
                    0,
                    0,
                    0,
                    1
                ]
            ]
        }
    ]
}