{
    "camera_angle_x": 0.8575560450553894,
    "aabb": [
        [
            -0.35,
            -0.35,
            -0.35
        ],
        [
            0.35,
            0.35,
            0.35
        ]
    ],
    "frames": [
        {
            "file_path": "000.png",
            "transform_matrix": [
                [
                    0.26339322328567505,
                    0.0019349883077666163,
                    -0.9646867513656616,
                    -1.1576238870620728
                ],
                [
                    -0.9646886587142944,
                    0.000528109900187701,
                    -0.263392835855484,
                    -0.3160715103149414
                ],
                [
                    -5.861099339199427e-08,
                    0.999998152256012,
                    0.0020056525245308876,
                    0.0024071212392300367
                ],
                [
                    0,
                    0,
                    0,
                    1
                ]
            ]
        },
        {
            "file_path": "001.png",
            "transform_matrix": [
                [
                    0.7521710395812988,
                    0.23214320838451385,
                    -0.6167238354682922,
                    -0.7400686144828796
                ],
                [
                    -0.6589679718017578,
                    0.26497700810432434,
                    -0.7039520144462585,
                    -0.8447423577308655
                ],
                [
                    -5.940552938454857e-09,
                    0.9358935952186584,
                    0.35228294134140015,
                    0.42273959517478943
                ],
                [
                    0,
                    0,
                    0,
                    1
                ]
            ]
        },
        {
            "file_path": "002.png",
            "transform_matrix": [
                [
                    -0.9168927073478699,
                    -0.13002467155456543,
                    0.3773610591888428,
                    0.4528332054615021
                ],
                [
                    0.3991338014602661,
                    -0.29869344830513,
                    0.8668763041496277,
                    1.0402514934539795
                ],
                [
                    -3.466604070467838e-08,
                    0.9454500675201416,
                    0.32576704025268555,
                    0.39092057943344116
                ],
                [
                    0,
                    0,
                    0,
                    1
                ]
            ]
        },
        {
            "file_path": "003.png",
            "transform_matrix": [
                [
                    0.5260491371154785,
                    0.0611233189702034,
                    -0.8482548594474792,
                    -1.017905831336975
                ],
                [
                    -0.8504542112350464,
                    0.03780783340334892,
                    -0.5246887803077698,
                    -0.6296265721321106
                ],
                [
                    2.794902798086696e-08,
                    0.9974139928817749,
                    0.071871317923069,
                    0.08624573051929474
                ],
                [
                    0,
                    0,
                    0,
                    1
                ]
            ]
        },
        {
            "file_path": "004.png",
            "transform_matrix": [
                [
                    -0.03137560561299324,
                    -0.07938709855079651,
                    0.9963500499725342,
                    1.195620059967041
                ],
                [
                    0.9995077252388,
                    -0.002492058789357543,
                    0.03127641603350639,
                    0.03753167390823364
                ],
                [
                    -5.051258611388221e-08,
                    0.9968408346176147,
                    0.0794261246919632,
                    0.09531155973672867
                ],
                [
                    0,
                    0,
                    0,
                    1
                ]
            ]
        },
        {
            "file_path": "005.png",
            "transform_matrix": [
                [
                    0.7712384462356567,
                    0.10403165966272354,
                    -0.627987802028656,
                    -0.7535853981971741
                ],
                [
                    -0.6365463733673096,
                    0.12604452669620514,
                    -0.7608689069747925,
                    -0.9130427241325378
                ],
                [
                    -9.846054638273927e-09,
                    0.986554741859436,
                    0.1634313464164734,
                    0.19611768424510956
                ],
                [
                    0,
                    0,
                    0,
                    1
                ]
            ]
        }
    ]
}