{
    "camera_angle_x": 0.8575560450553894,
    "aabb": [
        [
            -0.35,
            -0.35,
            -0.35
        ],
        [
            0.35,
            0.35,
            0.35
        ]
    ],
    "frames": [
        {
            "file_path": "000.png",
            "transform_matrix": [
                [
                    -0.9997424483299255,
                    0.00916380062699318,
                    -0.02076307311654091,
                    -0.02491568960249424
                ],
                [
                    -0.022695384919643402,
                    -0.40366965532302856,
                    0.9146233201026917,
                    1.097548007965088
                ],
                [
                    3.1129241406802066e-09,
                    0.9148589372634888,
                    0.40377360582351685,
                    0.48452839255332947
                ],
                [
                    0,
                    0,
                    0,
                    1
                ]
            ]
        },
        {
            "file_path": "001.png",
            "transform_matrix": [
                [
                    0.9977567195892334,
                    0.029941977933049202,
                    -0.059874940663576126,
                    -0.07184993475675583
                ],
                [
                    -0.06694423407316208,
                    0.4462641179561615,
                    -0.8923938870429993,
                    -1.0708726644515991
                ],
                [
                    1.4396090985968613e-09,
                    0.8944002985954285,
                    0.44726744294166565,
                    0.5367209911346436
                ],
                [
                    0,
                    0,
                    0,
                    1
                ]
            ]
        },
        {
            "file_path": "002.png",
            "transform_matrix": [
                [
                    -0.9790533185005188,
                    -0.06442006677389145,
                    0.19314488768577576,
                    0.23177385330200195
                ],
                [
                    0.20360475778579712,
                    -0.3097701370716095,
                    0.9287559986114502,
                    1.1145071983337402
                ],
                [
                    -1.4495125100211226e-08,
                    0.9486267566680908,
                    0.3163975179195404,
                    0.3796771466732025
                ],
                [
                    0,
                    0,
                    0,
                    1
                ]
            ]
        },
        {
            "file_path": "003.png",
            "transform_matrix": [
                [
                    0.934342622756958,
                    0.17546747624874115,
                    -0.3101854622364044,
                    -0.3722224533557892
                ],
                [
                    -0.3563759922981262,
                    0.46003851294517517,
                    -0.8132410049438477,
                    -0.9758890271186829
                ],
                [
                    -2.19340172691318e-08,
                    0.870388388633728,
                    0.4923659563064575,
                    0.5908393859863281
                ],
                [
                    0,
                    0,
                    0,
                    1
                ]
            ]
        },
        {
            "file_path": "004.png",
            "transform_matrix": [
                [
                    0.8743545413017273,
                    0.062332458794116974,
                    -0.48126792907714844,
                    -0.5775214433670044
                ],
                [
                    -0.48528772592544556,
                    0.11230576038360596,
                    -0.8671121001243591,
                    -1.040534496307373
                ],
                [
                    -3.498406186963621e-08,
                    0.9917168021202087,
                    0.12844422459602356,
                    0.15413330495357513
                ],
                [
                    0,
                    0,
                    0,
                    1
                ]
            ]
        },
        {
            "file_path": "005.png",
            "transform_matrix": [
                [
                    0.899120032787323,
                    -0.05606473237276077,
                    0.43409663438796997,
                    0.5209160447120667
                ],
                [
                    0.43770211935043335,
                    0.11516716331243515,
                    -0.8917137384414673,
                    -1.0700565576553345
                ],
                [
                    1.3161324474708636e-08,
                    0.9917626976966858,
                    0.12808875739574432,
                    0.1537064015865326
                ],
                [
                    0,
                    0,
                    0,
                    1
                ]
            ]
        }
    ]
}