{
    "camera_angle_x": 0.8575560450553894,
    "aabb": [
        [
            -0.35,
            -0.35,
            -0.35
        ],
        [
            0.35,
            0.35,
            0.35
        ]
    ],
    "frames": [
        {
            "file_path": "000.png",
            "transform_matrix": [
                [
                    0.29307612776756287,
                    -0.27374064922332764,
                    0.9160636067390442,
                    1.0992761850357056
                ],
                [
                    0.956089198589325,
                    0.08391132950782776,
                    -0.2808069586753845,
                    -0.33696848154067993
                ],
                [
                    7.247590616543675e-08,
                    0.958136260509491,
                    0.2863127887248993,
                    0.3435755670070648
                ],
                [
                    0,
                    0,
                    0,
                    1
                ]
            ]
        },
        {
            "file_path": "001.png",
            "transform_matrix": [
                [
                    -0.26292383670806885,
                    -0.2433515042066574,
                    0.9336225986480713,
                    1.1203471422195435
                ],
                [
                    0.9648166298866272,
                    -0.0663161352276802,
                    0.2544230818748474,
                    0.3053075969219208
                ],
                [
                    -2.7530063562153373e-08,
                    0.9676684737205505,
                    0.2522256076335907,
                    0.30267074704170227
                ],
                [
                    0,
                    0,
                    0,
                    1
                ]
            ]
        },
        {
            "file_path": "002.png",
            "transform_matrix": [
                [
                    -0.9386163949966431,
                    -0.09128965437412262,
                    0.3326645791530609,
                    0.39919742941856384
                ],
                [
                    0.34496307373046875,
                    -0.24839168787002563,
                    0.9051531553268433,
                    1.0861836671829224
                ],
                [
                    -1.8837319260001095e-08,
                    0.9643484354019165,
                    0.26463592052459717,
                    0.3175632953643799
                ],
                [
                    0,
                    0,
                    0,
                    1
                ]
            ]
        },
        {
            "file_path": "003.png",
            "transform_matrix": [
                [
                    0.46750423312187195,
                    0.23282764852046967,
                    -0.8527784943580627,
                    -1.0233341455459595
                ],
                [
                    -0.8839908838272095,
                    0.12313234061002731,
                    -0.4509974420070648,
                    -0.5411968231201172
                ],
                [
                    1.5765479588480957e-08,
                    0.9646915793418884,
                    0.26338234543800354,
                    0.31605905294418335
                ],
                [
                    0,
                    0,
                    0,
                    1
                ]
            ]
        },
        {
            "file_path": "004.png",
            "transform_matrix": [
                [
                    0.6677898168563843,
                    0.3609267473220825,
                    -0.6509906053543091,
                    -0.7811886072158813
                ],
                [
                    -0.744350016117096,
                    0.32380351424217224,
                    -0.5840331315994263,
                    -0.700839638710022
                ],
                [
                    2.9034879389655543e-08,
                    0.874576210975647,
                    0.4848884046077728,
                    0.5818661451339722
                ],
                [
                    0,
                    0,
                    0,
                    1
                ]
            ]
        },
        {
            "file_path": "005.png",
            "transform_matrix": [
                [
                    -0.8519178032875061,
                    0.15298722684383392,
                    -0.5008305907249451,
                    -0.600996732711792
                ],
                [
                    -0.523675799369812,
                    -0.2488802969455719,
                    0.814752995967865,
                    0.9777035117149353
                ],
                [
                    -2.6571909117478754e-08,
                    0.9563753008842468,
                    0.2921411097049713,
                    0.3505694270133972
                ],
                [
                    0,
                    0,
                    0,
                    1
                ]
            ]
        }
    ]
}