{
    "camera_angle_x": 0.8575560450553894,
    "aabb": [
        [
            -0.35,
            -0.35,
            -0.35
        ],
        [
            0.35,
            0.35,
            0.35
        ]
    ],
    "frames": [
        {
            "file_path": "000.png",
            "transform_matrix": [
                [
                    0.44518986344337463,
                    -0.3939966559410095,
                    0.8040974140167236,
                    0.964917004108429
                ],
                [
                    0.89543616771698,
                    0.19588591158390045,
                    -0.3997783362865448,
                    -0.47973397374153137
                ],
                [
                    -2.037293000967111e-08,
                    0.8979951739311218,
                    0.4400053024291992,
                    0.5280062556266785
                ],
                [
                    0,
                    0,
                    0,
                    1
                ]
            ]
        },
        {
            "file_path": "001.png",
            "transform_matrix": [
                [
                    0.11781661957502365,
                    0.23189008235931396,
                    -0.9655807614326477,
                    -1.1586970090866089
                ],
                [
                    -0.9930353760719299,
                    0.027512170374393463,
                    -0.11455929279327393,
                    -0.13747107982635498
                ],
                [
                    3.4304353135894416e-08,
                    0.9723528027534485,
                    0.23351646959781647,
                    0.280219703912735
                ],
                [
                    0,
                    0,
                    0,
                    1
                ]
            ]
        },
        {
            "file_path": "002.png",
            "transform_matrix": [
                [
                    -0.2540935277938843,
                    0.07558104395866394,
                    -0.9642220139503479,
                    -1.1570663452148438
                ],
                [
                    -0.9671797156333923,
                    -0.01985638402402401,
                    0.2533164620399475,
                    0.3039797246456146
                ],
                [
                    -7.523397016484523e-09,
                    0.9969419836997986,
                    0.07814578711986542,
                    0.09377500414848328
                ],
                [
                    0,
                    0,
                    0,
                    1
                ]
            ]
        },
        {
            "file_path": "003.png",
            "transform_matrix": [
                [
                    -0.9937818050384521,
                    0.02192130871117115,
                    -0.10916725546121597,
                    -0.13100071251392365
                ],
                [
                    -0.11134645342826843,
                    -0.19565054774284363,
                    0.9743320941925049,
                    1.1691985130310059
                ],
                [
                    9.52797307718356e-09,
                    0.9804287552833557,
                    0.19687464833259583,
                    0.2362496554851532
                ],
                [
                    0,
                    0,
                    0,
                    1
                ]
            ]
        },
        {
            "file_path": "004.png",
            "transform_matrix": [
                [
                    -0.8148236274719238,
                    0.2865380346775055,
                    -0.5039429068565369,
                    -0.604731559753418
                ],
                [
                    -0.579708993434906,
                    -0.40275028347969055,
                    0.7083288431167603,
                    0.8499945998191833
                ],
                [
                    1.060080734305302e-08,
                    0.869303286075592,
                    0.49427908658981323,
                    0.5931349396705627
                ],
                [
                    0,
                    0,
                    0,
                    1
                ]
            ]
        },
        {
            "file_path": "005.png",
            "transform_matrix": [
                [
                    0.2745269536972046,
                    0.35106420516967773,
                    -0.8952033519744873,
                    -1.0742439031600952
                ],
                [
                    -0.9615795016288757,
                    0.10022716224193573,
                    -0.2555769681930542,
                    -0.3066924214363098
                ],
                [
                    -1.42081404419514e-07,
                    0.9309718608856201,
                    0.36509108543395996,
                    0.43810945749282837
                ],
                [
                    0,
                    0,
                    0,
                    1
                ]
            ]
        }
    ]
}