{
    "camera_angle_x": 0.8575560450553894,
    "aabb": [
        [
            -0.35,
            -0.35,
            -0.35
        ],
        [
            0.35,
            0.35,
            0.35
        ]
    ],
    "frames": [
        {
            "file_path": "000.png",
            "transform_matrix": [
                [
                    0.9264898896217346,
                    -0.015245101414620876,
                    0.3760107159614563,
                    0.45121288299560547
                ],
                [
                    0.37631964683532715,
                    0.03753301501274109,
                    -0.9257293939590454,
                    -1.1108752489089966
                ],
                [
                    -2.1534060645755915e-10,
                    0.9991791248321533,
                    0.040510986000299454,
                    0.04861332103610039
                ],
                [
                    0,
                    0,
                    0,
                    1
                ]
            ]
        },
        {
            "file_path": "001.png",
            "transform_matrix": [
                [
                    -0.6820970177650452,
                    0.2825440466403961,
                    -0.6744722127914429,
                    -0.8093667030334473
                ],
                [
                    -0.7312618494033813,
                    -0.2635479271411896,
                    0.6291254162788391,
                    0.7549504637718201
                ],
                [
                    -6.145185693640087e-08,
                    0.9223402738571167,
                    0.38637876510620117,
                    0.4636545479297638
                ],
                [
                    0,
                    0,
                    0,
                    1
                ]
            ]
        },
        {
            "file_path": "002.png",
            "transform_matrix": [
                [
                    0.6520559191703796,
                    0.34558624029159546,
                    -0.674828290939331,
                    -0.809794008731842
                ],
                [
                    -0.7581709027290344,
                    0.29721739888191223,
                    -0.5803781151771545,
                    -0.6964537501335144
                ],
                [
                    3.3597192583556534e-08,
                    0.8900741338729858,
                    0.45581579208374023,
                    0.5469788908958435
                ],
                [
                    0,
                    0,
                    0,
                    1
                ]
            ]
        },
        {
            "file_path": "003.png",
            "transform_matrix": [
                [
                    0.3996027708053589,
                    0.24526745080947876,
                    -0.8832675218582153,
                    -1.0599210262298584
                ],
                [
                    -0.9166883826255798,
                    0.10691700875759125,
                    -0.3850339353084564,
                    -0.4620407819747925
                ],
                [
                    3.443895479904313e-08,
                    0.9635417461395264,
                    0.26755815744400024,
                    0.32106977701187134
                ],
                [
                    0,
                    0,
                    0,
                    1
                ]
            ]
        },
        {
            "file_path": "004.png",
            "transform_matrix": [
                [
                    -0.9533535838127136,
                    0.04021001607179642,
                    -0.299166202545166,
                    -0.35899943113327026
                ],
                [
                    -0.3018563687801361,
                    -0.12699544429779053,
                    0.9448571801185608,
                    1.1338285207748413
                ],
                [
                    4.544526532868076e-09,
                    0.9910880327224731,
                    0.1332090198993683,
                    0.15985096991062164
                ],
                [
                    0,
                    0,
                    0,
                    1
                ]
            ]
        },
        {
            "file_path": "005.png",
            "transform_matrix": [
                [
                    -0.4203205704689026,
                    0.17293602228164673,
                    -0.8907434940338135,
                    -1.0688921213150024
                ],
                [
                    -0.9073758125305176,
                    -0.08010853081941605,
                    0.41261598467826843,
                    0.4951392114162445
                ],
                [
                    7.848203864568859e-08,
                    0.9816699624061584,
                    0.19058910012245178,
                    0.22870709002017975
                ],
                [
                    0,
                    0,
                    0,
                    1
                ]
            ]
        }
    ]
}