{
    "camera_angle_x": 0.8575560450553894,
    "aabb": [
        [
            -0.35,
            -0.35,
            -0.35
        ],
        [
            0.35,
            0.35,
            0.35
        ]
    ],
    "frames": [
        {
            "file_path": "000.png",
            "transform_matrix": [
                [
                    0.03970395028591156,
                    -0.3485400974750519,
                    0.9364525675773621,
                    1.1237430572509766
                ],
                [
                    0.9992114901542664,
                    0.013849280774593353,
                    -0.037210240960121155,
                    -0.04465217515826225
                ],
                [
                    5.132386249329102e-08,
                    0.9371915459632874,
                    0.3488151431083679,
                    0.41857829689979553
                ],
                [
                    0,
                    0,
                    0,
                    1
                ]
            ]
        },
        {
            "file_path": "001.png",
            "transform_matrix": [
                [
                    0.7828511595726013,
                    -0.23571746051311493,
                    0.5758310556411743,
                    0.6909972429275513
                ],
                [
                    0.6222090721130371,
                    0.29657498002052307,
                    -0.7244993448257446,
                    -0.8693991303443909
                ],
                [
                    -7.893447673268383e-09,
                    0.9254624247550964,
                    0.37883955240249634,
                    0.45460763573646545
                ],
                [
                    0,
                    0,
                    0,
                    1
                ]
            ]
        },
        {
            "file_path": "002.png",
            "transform_matrix": [
                [
                    0.9939309358596802,
                    0.0491953045129776,
                    -0.09839288890361786,
                    -0.11807147413492203
                ],
                [
                    -0.11000608652830124,
                    0.4444912374019623,
                    -0.8890029788017273,
                    -1.0668035745620728
                ],
                [
                    1.1479835748673395e-08,
                    0.8944313526153564,
                    0.4472053647041321,
                    0.53664630651474
                ],
                [
                    0,
                    0,
                    0,
                    1
                ]
            ]
        },
        {
            "file_path": "003.png",
            "transform_matrix": [
                [
                    -0.8773163557052612,
                    0.15597191452980042,
                    -0.45385998487472534,
                    -0.5446320176124573
                ],
                [
                    -0.4799126088619232,
                    -0.2851283848285675,
                    0.829690158367157,
                    0.9956282377243042
                ],
                [
                    5.656414003851751e-09,
                    0.9457138180732727,
                    0.3250006139278412,
                    0.3900007903575897
                ],
                [
                    0,
                    0,
                    0,
                    1
                ]
            ]
        },
        {
            "file_path": "004.png",
            "transform_matrix": [
                [
                    -0.8762903809547424,
                    0.0032376686576753855,
                    -0.48177263140678406,
                    -0.5781271457672119
                ],
                [
                    -0.48178350925445557,
                    -0.005888877436518669,
                    0.8762705326080322,
                    1.0515246391296387
                ],
                [
                    -9.734673511729852e-09,
                    0.9999774694442749,
                    0.006720157340168953,
                    0.008064194582402706
                ],
                [
                    0,
                    0,
                    0,
                    1
                ]
            ]
        },
        {
            "file_path": "005.png",
            "transform_matrix": [
                [
                    -0.4285683333873749,
                    0.3765224814414978,
                    -0.8213160634040833,
                    -0.9855793118476868
                ],
                [
                    -0.9035094380378723,
                    -0.17859876155853271,
                    0.3895809054374695,
                    0.4674970805644989
                ],
                [
                    -3.2552314621625555e-08,
                    0.9090288281440735,
                    0.4167332947254181,
                    0.5000801086425781
                ],
                [
                    0,
                    0,
                    0,
                    1
                ]
            ]
        }
    ]
}