{
    "camera_angle_x": 0.8575560450553894,
    "aabb": [
        [
            -0.35,
            -0.35,
            -0.35
        ],
        [
            0.35,
            0.35,
            0.35
        ]
    ],
    "frames": [
        {
            "file_path": "000.png",
            "transform_matrix": [
                [
                    -0.7966474294662476,
                    0.025369474664330482,
                    -0.6039115786552429,
                    -0.7246938943862915
                ],
                [
                    -0.6044442057609558,
                    -0.03343654423952103,
                    0.7959454655647278,
                    0.9551345705986023
                ],
                [
                    -5.367644106968328e-09,
                    0.9991188049316406,
                    0.041971590369939804,
                    0.050365809351205826
                ],
                [
                    0,
                    0,
                    0,
                    1
                ]
            ]
        },
        {
            "file_path": "001.png",
            "transform_matrix": [
                [
                    0.7096835374832153,
                    -0.31903600692749023,
                    0.628144383430481,
                    0.7537732720375061
                ],
                [
                    0.7045206427574158,
                    0.32137396931648254,
                    -0.6327475905418396,
                    -0.7592971324920654
                ],
                [
                    -6.7057825958727335e-09,
                    0.8915911912918091,
                    0.45284125208854675,
                    0.5434094667434692
                ],
                [
                    0,
                    0,
                    0,
                    1
                ]
            ]
        },
        {
            "file_path": "002.png",
            "transform_matrix": [
                [
                    0.8045446276664734,
                    0.025375159457325935,
                    -0.5933498740196228,
                    -0.7120198011398315
                ],
                [
                    -0.5938922166824341,
                    0.03437555581331253,
                    -0.8038100004196167,
                    -0.9645718932151794
                ],
                [
                    -1.0670948569213579e-08,
                    0.9990869164466858,
                    0.042726755142211914,
                    0.05127236247062683
                ],
                [
                    0,
                    0,
                    0,
                    1
                ]
            ]
        },
        {
            "file_path": "003.png",
            "transform_matrix": [
                [
                    -0.9950841665267944,
                    0.03654924035072327,
                    -0.09204169362783432,
                    -0.11045002937316895
                ],
                [
                    -0.099032923579216,
                    -0.3672471344470978,
                    0.9248362183570862,
                    1.1098034381866455
                ],
                [
                    1.026191309705382e-08,
                    0.9294050335884094,
                    0.3690613806247711,
                    0.44287392497062683
                ],
                [
                    0,
                    0,
                    0,
                    1
                ]
            ]
        },
        {
            "file_path": "004.png",
            "transform_matrix": [
                [
                    -0.6651264429092407,
                    -0.05064792186021805,
                    0.7450112700462341,
                    0.8940134644508362
                ],
                [
                    0.7467308640480042,
                    -0.045113012194633484,
                    0.6635947227478027,
                    0.7963137030601501
                ],
                [
                    -2.6116470763781763e-08,
                    0.9976971745491028,
                    0.06782613694667816,
                    0.08139153569936752
                ],
                [
                    0,
                    0,
                    0,
                    1
                ]
            ]
        },
        {
            "file_path": "005.png",
            "transform_matrix": [
                [
                    0.8691899180412292,
                    -0.19118241965770721,
                    0.4560243487358093,
                    0.5472292304039001
                ],
                [
                    0.4944784343242645,
                    0.3360587954521179,
                    -0.8015956878662109,
                    -0.9619147777557373
                ],
                [
                    -2.39256117140485e-08,
                    0.9222331047058105,
                    0.38663449883461,
                    0.4639613926410675
                ],
                [
                    0,
                    0,
                    0,
                    1
                ]
            ]
        }
    ]
}