{
    "camera_angle_x": 0.8575560450553894,
    "aabb": [
        [
            -0.35,
            -0.35,
            -0.35
        ],
        [
            0.35,
            0.35,
            0.35
        ]
    ],
    "frames": [
        {
            "file_path": "000.png",
            "transform_matrix": [
                [
                    -0.4025074243545532,
                    -0.04106742888689041,
                    0.9144952893257141,
                    1.0973942279815674
                ],
                [
                    0.915416955947876,
                    -0.018057310953736305,
                    0.4021020531654358,
                    0.48252251744270325
                ],
                [
                    -9.997640404435515e-08,
                    0.9989933371543884,
                    0.0448618158698082,
                    0.0538344532251358
                ],
                [
                    0,
                    0,
                    0,
                    1
                ]
            ]
        },
        {
            "file_path": "001.png",
            "transform_matrix": [
                [
                    0.6827189922332764,
                    0.043691687285900116,
                    -0.7293736338615417,
                    -0.8752483129501343
                ],
                [
                    -0.7306811213493347,
                    0.04082372412085533,
                    -0.6814974546432495,
                    -0.8177968859672546
                ],
                [
                    6.090802173730481e-08,
                    0.9982107281684875,
                    0.05979578197002411,
                    0.07175496965646744
                ],
                [
                    0,
                    0,
                    0,
                    1
                ]
            ]
        },
        {
            "file_path": "002.png",
            "transform_matrix": [
                [
                    -0.9340291023254395,
                    0.13519111275672913,
                    -0.3306253254413605,
                    -0.39675042033195496
                ],
                [
                    -0.3571970760822296,
                    -0.35350918769836426,
                    0.864547073841095,
                    1.0374565124511719
                ],
                [
                    -6.555939791041965e-09,
                    0.9256104826927185,
                    0.37847763299942017,
                    0.4541732370853424
                ],
                [
                    0,
                    0,
                    0,
                    1
                ]
            ]
        },
        {
            "file_path": "003.png",
            "transform_matrix": [
                [
                    -0.7602881193161011,
                    -0.04508703202009201,
                    0.6480196714401245,
                    0.7776236534118652
                ],
                [
                    0.6495862603187561,
                    -0.05277081951498985,
                    0.7584543824195862,
                    0.9101452231407166
                ],
                [
                    1.1946561073727935e-08,
                    0.9975883960723877,
                    0.06940877437591553,
                    0.08329068124294281
                ],
                [
                    0,
                    0,
                    0,
                    1
                ]
            ]
        },
        {
            "file_path": "004.png",
            "transform_matrix": [
                [
                    0.8589382171630859,
                    0.23515616357326508,
                    -0.45489200949668884,
                    -0.5458704233169556
                ],
                [
                    -0.5120792984962463,
                    0.3944401144981384,
                    -0.7630149722099304,
                    -0.9156180024147034
                ],
                [
                    -7.585768457829545e-09,
                    0.8883234858512878,
                    0.45921826362609863,
                    0.5510619878768921
                ],
                [
                    0,
                    0,
                    0,
                    1
                ]
            ]
        },
        {
            "file_path": "005.png",
            "transform_matrix": [
                [
                    0.9998420476913452,
                    -0.004107295069843531,
                    0.017291676253080368,
                    0.020750004798173904
                ],
                [
                    0.01777278631925583,
                    0.23106344044208527,
                    -0.9727765321731567,
                    -1.167331576347351
                ],
                [
                    1.6807720770728451e-09,
                    0.9729301929473877,
                    0.2310999482870102,
                    0.27732017636299133
                ],
                [
                    0,
                    0,
                    0,
                    1
                ]
            ]
        }
    ]
}