{
    "camera_angle_x": 0.8575560450553894,
    "aabb": [
        [
            -0.35,
            -0.35,
            -0.35
        ],
        [
            0.35,
            0.35,
            0.35
        ]
    ],
    "frames": [
        {
            "file_path": "000.png",
            "transform_matrix": [
                [
                    -0.9710939526557922,
                    0.005758557468652725,
                    -0.238628551363945,
                    -0.2863542437553406
                ],
                [
                    -0.23869802057743073,
                    -0.023427465930581093,
                    0.9708112478256226,
                    1.164973497390747
                ],
                [
                    2.055667636113867e-08,
                    0.9997090101242065,
                    0.024124737828969955,
                    0.02894979901611805
                ],
                [
                    0,
                    0,
                    0,
                    1
                ]
            ]
        },
        {
            "file_path": "001.png",
            "transform_matrix": [
                [
                    -0.218796044588089,
                    0.28837549686431885,
                    -0.9321845769882202,
                    -1.1186213493347168
                ],
                [
                    -0.9757707715034485,
                    -0.06466211378574371,
                    0.20902270078659058,
                    0.25082728266716003
                ],
                [
                    9.972805514735228e-08,
                    0.9553316831588745,
                    0.2955360412597656,
                    0.35464340448379517
                ],
                [
                    0,
                    0,
                    0,
                    1
                ]
            ]
        },
        {
            "file_path": "002.png",
            "transform_matrix": [
                [
                    0.9756675958633423,
                    -0.09271170198917389,
                    0.19868896901607513,
                    0.23842675983905792
                ],
                [
                    0.21925503015518188,
                    0.4125596582889557,
                    -0.8841503858566284,
                    -1.0609804391860962
                ],
                [
                    5.2165560759931395e-09,
                    0.9062004089355469,
                    0.4228486120700836,
                    0.5074183344841003
                ],
                [
                    0,
                    0,
                    0,
                    1
                ]
            ]
        },
        {
            "file_path": "003.png",
            "transform_matrix": [
                [
                    -0.16411077976226807,
                    -0.458967387676239,
                    0.8731647729873657,
                    1.047797679901123
                ],
                [
                    0.986441969871521,
                    -0.07635673135519028,
                    0.14526523649692535,
                    0.17431825399398804
                ],
                [
                    -3.747863175362909e-08,
                    0.8851658701896667,
                    0.4652755856513977,
                    0.558330774307251
                ],
                [
                    0,
                    0,
                    0,
                    1
                ]
            ]
        },
        {
            "file_path": "004.png",
            "transform_matrix": [
                [
                    0.9731804728507996,
                    0.07234326750040054,
                    -0.21837179362773895,
                    -0.26204612851142883
                ],
                [
                    -0.23004300892353058,
                    0.30604293942451477,
                    -0.9238062500953674,
                    -1.108567476272583
                ],
                [
                    -1.4679875093293049e-08,
                    0.9492651224136353,
                    0.3144770562648773,
                    0.3773725628852844
                ],
                [
                    0,
                    0,
                    0,
                    1
                ]
            ]
        },
        {
            "file_path": "005.png",
            "transform_matrix": [
                [
                    0.9496594667434692,
                    0.12198260426521301,
                    -0.2885604798793793,
                    -0.3462725579738617
                ],
                [
                    -0.3132840692996979,
                    0.3697664141654968,
                    -0.8747148513793945,
                    -1.0496577024459839
                ],
                [
                    1.3278086186119253e-08,
                    0.921082615852356,
                    0.38936737179756165,
                    0.46724092960357666
                ],
                [
                    0,
                    0,
                    0,
                    1
                ]
            ]
        }
    ]
}