{
    "camera_angle_x": 0.8575560450553894,
    "aabb": [
        [
            -0.35,
            -0.35,
            -0.35
        ],
        [
            0.35,
            0.35,
            0.35
        ]
    ],
    "frames": [
        {
            "file_path": "000.png",
            "transform_matrix": [
                [
                    -0.021823475137352943,
                    0.004262539558112621,
                    -0.9997527599334717,
                    -1.199703335762024
                ],
                [
                    -0.9997618198394775,
                    -9.307938307756558e-05,
                    0.021823298186063766,
                    0.026187865063548088
                ],
                [
                    -5.5300539258951176e-08,
                    0.9999908804893494,
                    0.0042635779827833176,
                    0.005116295535117388
                ],
                [
                    0,
                    0,
                    0,
                    1
                ]
            ]
        },
        {
            "file_path": "001.png",
            "transform_matrix": [
                [
                    0.6891611218452454,
                    -0.04803154245018959,
                    0.7230144739151001,
                    0.8676174283027649
                ],
                [
                    0.7246081233024597,
                    0.04568193852901459,
                    -0.687645435333252,
                    -0.8251745104789734
                ],
                [
                    -4.7578126327607606e-08,
                    0.9978006482124329,
                    0.06628625839948654,
                    0.07954353094100952
                ],
                [
                    0,
                    0,
                    0,
                    1
                ]
            ]
        },
        {
            "file_path": "002.png",
            "transform_matrix": [
                [
                    -0.4673581123352051,
                    0.37050893902778625,
                    -0.8026828169822693,
                    -0.9632193446159363
                ],
                [
                    -0.8840681910514832,
                    -0.1958676427602768,
                    0.4243341088294983,
                    0.5092008709907532
                ],
                [
                    3.9072169499831944e-08,
                    0.9079422950744629,
                    0.41909536719322205,
                    0.502914547920227
                ],
                [
                    0,
                    0,
                    0,
                    1
                ]
            ]
        },
        {
            "file_path": "003.png",
            "transform_matrix": [
                [
                    -0.9469343423843384,
                    0.14382880926132202,
                    -0.2874521315097809,
                    -0.344942569732666
                ],
                [
                    -0.32142719626426697,
                    -0.4237240254878998,
                    0.8468427062034607,
                    1.0162112712860107
                ],
                [
                    2.1214781042999675e-09,
                    0.894299328327179,
                    0.4474692940711975,
                    0.5369632244110107
                ],
                [
                    0,
                    0,
                    0,
                    1
                ]
            ]
        },
        {
            "file_path": "004.png",
            "transform_matrix": [
                [
                    0.8408787250518799,
                    -0.1255483329296112,
                    0.5264604687690735,
                    0.631752610206604
                ],
                [
                    0.5412235856056213,
                    0.19505971670150757,
                    -0.8179418444633484,
                    -0.9815301299095154
                ],
                [
                    -3.7302527289284626e-08,
                    0.9727227091789246,
                    0.23197127878665924,
                    0.2783656418323517
                ],
                [
                    0,
                    0,
                    0,
                    1
                ]
            ]
        },
        {
            "file_path": "005.png",
            "transform_matrix": [
                [
                    0.5117260813713074,
                    -0.3109464943408966,
                    0.8009049296379089,
                    0.961085855960846
                ],
                [
                    0.8591486811637878,
                    0.18520580232143402,
                    -0.4770350754261017,
                    -0.5724421143531799
                ],
                [
                    8.042679411346398e-08,
                    0.9322077035903931,
                    0.36192387342453003,
                    0.4343087673187256
                ],
                [
                    0,
                    0,
                    0,
                    1
                ]
            ]
        }
    ]
}