{
    "camera_angle_x": 0.8575560450553894,
    "aabb": [
        [
            -0.35,
            -0.35,
            -0.35
        ],
        [
            0.35,
            0.35,
            0.35
        ]
    ],
    "frames": [
        {
            "file_path": "000.png",
            "transform_matrix": [
                [
                    0.06833037734031677,
                    -0.22946946322917938,
                    0.9709143042564392,
                    1.1650972366333008
                ],
                [
                    0.9976626634597778,
                    0.015716413035988808,
                    -0.06649832427501678,
                    -0.07979806512594223
                ],
                [
                    1.1735783544963851e-07,
                    0.9731888771057129,
                    0.2300071269273758,
                    0.2760085463523865
                ],
                [
                    0,
                    0,
                    0,
                    1
                ]
            ]
        },
        {
            "file_path": "001.png",
            "transform_matrix": [
                [
                    -0.8832288384437561,
                    -0.07023037225008011,
                    0.4636538624763489,
                    0.5563845634460449
                ],
                [
                    0.46894267201423645,
                    -0.13227520883083344,
                    0.8732675909996033,
                    1.047921061515808
                ],
                [
                    -4.2181817150321876e-08,
                    0.9887219667434692,
                    0.1497630774974823,
                    0.17971591651439667
                ],
                [
                    0,
                    0,
                    0,
                    1
                ]
            ]
        },
        {
            "file_path": "002.png",
            "transform_matrix": [
                [
                    0.5861808657646179,
                    -0.40044763684272766,
                    0.7042967677116394,
                    0.8451558947563171
                ],
                [
                    0.8101803660392761,
                    0.28973135352134705,
                    -0.5095722675323486,
                    -0.6114866733551025
                ],
                [
                    -1.9472306433954145e-08,
                    0.8693088293075562,
                    0.49426960945129395,
                    0.593123733997345
                ],
                [
                    0,
                    0,
                    0,
                    1
                ]
            ]
        },
        {
            "file_path": "003.png",
            "transform_matrix": [
                [
                    0.5662938356399536,
                    0.009770805947482586,
                    -0.8241456151008606,
                    -0.9889745712280273
                ],
                [
                    -0.8242034912109375,
                    0.006713149603456259,
                    -0.566254198551178,
                    -0.6795049905776978
                ],
                [
                    -7.246203637123472e-09,
                    0.9999299049377441,
                    0.011854673735797405,
                    0.014225729741156101
                ],
                [
                    0,
                    0,
                    0,
                    1
                ]
            ]
        },
        {
            "file_path": "004.png",
            "transform_matrix": [
                [
                    -0.9701634645462036,
                    0.0057616825215518475,
                    -0.2423839420080185,
                    -0.29086071252822876
                ],
                [
                    -0.24245241284370422,
                    -0.02305528335273266,
                    0.9698894023895264,
                    1.1638672351837158
                ],
                [
                    -1.75146723790931e-08,
                    0.999717652797699,
                    0.023764176294207573,
                    0.02851695381104946
                ],
                [
                    0,
                    0,
                    0,
                    1
                ]
            ]
        },
        {
            "file_path": "005.png",
            "transform_matrix": [
                [
                    -0.3201960325241089,
                    0.28628212213516235,
                    -0.9030598402023315,
                    -1.0836718082427979
                ],
                [
                    -0.947351336479187,
                    -0.09676074236631393,
                    0.3052259087562561,
                    0.36627110838890076
                ],
                [
                    -8.108589355515505e-10,
                    0.9532470703125,
                    0.3021921217441559,
                    0.3626306354999542
                ],
                [
                    0,
                    0,
                    0,
                    1
                ]
            ]
        }
    ]
}