{
    "camera_angle_x": 0.8575560450553894,
    "aabb": [
        [
            -0.35,
            -0.35,
            -0.35
        ],
        [
            0.35,
            0.35,
            0.35
        ]
    ],
    "frames": [
        {
            "file_path": "000.png",
            "transform_matrix": [
                [
                    0.1351298689842224,
                    -0.04779816418886185,
                    0.98967444896698,
                    1.1876091957092285
                ],
                [
                    0.9908280372619629,
                    0.006518498528748751,
                    -0.1349727064371109,
                    -0.16196732223033905
                ],
                [
                    9.330188532885586e-08,
                    0.9988359212875366,
                    0.048240456730127335,
                    0.057888902723789215
                ],
                [
                    0,
                    0,
                    0,
                    1
                ]
            ]
        },
        {
            "file_path": "001.png",
            "transform_matrix": [
                [
                    -0.8323040008544922,
                    0.2178436517715454,
                    -0.5097202062606812,
                    -0.6116641759872437
                ],
                [
                    -0.5543199181556702,
                    -0.3270893692970276,
                    0.7653380632400513,
                    0.9184055924415588
                ],
                [
                    5.0350319469316673e-08,
                    0.9195417761802673,
                    0.3929924964904785,
                    0.4715912342071533
                ],
                [
                    0,
                    0,
                    0,
                    1
                ]
            ]
        },
        {
            "file_path": "002.png",
            "transform_matrix": [
                [
                    -0.9996867775917053,
                    0.0027611341793090105,
                    -0.024878518655896187,
                    -0.029854221269488335
                ],
                [
                    -0.02503127045929432,
                    -0.11027288436889648,
                    0.9935861825942993,
                    1.1923034191131592
                ],
                [
                    5.341769249156414e-10,
                    0.993897557258606,
                    0.11030731350183487,
                    0.13236887753009796
                ],
                [
                    0,
                    0,
                    0,
                    1
                ]
            ]
        },
        {
            "file_path": "003.png",
            "transform_matrix": [
                [
                    -0.7083613276481628,
                    -0.13617365062236786,
                    0.6925902962684631,
                    0.8311082720756531
                ],
                [
                    0.7058502435684204,
                    -0.13665811717510223,
                    0.6950541138648987,
                    0.8340649008750916
                ],
                [
                    -3.689513761173657e-08,
                    0.9812142848968506,
                    0.19292131066322327,
                    0.23150578141212463
                ],
                [
                    0,
                    0,
                    0,
                    1
                ]
            ]
        },
        {
            "file_path": "004.png",
            "transform_matrix": [
                [
                    -0.4292706251144409,
                    -0.16597098112106323,
                    0.8877953290939331,
                    1.065354347229004
                ],
                [
                    0.9031760096549988,
                    -0.07888438552618027,
                    0.4219602644443512,
                    0.506352424621582
                ],
                [
                    -2.360804529644156e-08,
                    0.9829705357551575,
                    0.18376365303993225,
                    0.22051645815372467
                ],
                [
                    0,
                    0,
                    0,
                    1
                ]
            ]
        },
        {
            "file_path": "005.png",
            "transform_matrix": [
                [
                    -0.9976357221603394,
                    0.030766254290938377,
                    -0.0614539198577404,
                    -0.07374471426010132
                ],
                [
                    -0.06872515380382538,
                    -0.44661256670951843,
                    0.8920841813087463,
                    1.0705010890960693
                ],
                [
                    -9.564815606211141e-10,
                    0.8941984176635742,
                    0.44767093658447266,
                    0.5372051000595093
                ],
                [
                    0,
                    0,
                    0,
                    1
                ]
            ]
        }
    ]
}