{
    "camera_angle_x": 0.8575560450553894,
    "aabb": [
        [
            -0.35,
            -0.35,
            -0.35
        ],
        [
            0.35,
            0.35,
            0.35
        ]
    ],
    "frames": [
        {
            "file_path": "000.png",
            "transform_matrix": [
                [
                    -0.2622436583042145,
                    -0.08130080997943878,
                    0.9615707993507385,
                    1.153885006904602
                ],
                [
                    0.96500164270401,
                    -0.022093845531344414,
                    0.2613113224506378,
                    0.3135736286640167
                ],
                [
                    8.828137665339852e-10,
                    0.9964446425437927,
                    0.08424942940473557,
                    0.10109920054674149
                ],
                [
                    0,
                    0,
                    0,
                    1
                ]
            ]
        },
        {
            "file_path": "001.png",
            "transform_matrix": [
                [
                    0.9793812036514282,
                    -0.08398522436618805,
                    0.18373607099056244,
                    0.22048328816890717
                ],
                [
                    0.20202094316482544,
                    0.4071534276008606,
                    -0.8907377123832703,
                    -1.0688852071762085
                ],
                [
                    2.2628316997952425e-08,
                    0.9094903469085693,
                    0.4157252013683319,
                    0.4988703727722168
                ],
                [
                    0,
                    0,
                    0,
                    1
                ]
            ]
        },
        {
            "file_path": "002.png",
            "transform_matrix": [
                [
                    0.9354450106620789,
                    0.08507931232452393,
                    -0.3430803716182709,
                    -0.4116964340209961
                ],
                [
                    -0.3534722626209259,
                    0.22515760362148285,
                    -0.9079435467720032,
                    -1.0895322561264038
                ],
                [
                    -3.544123927667897e-08,
                    0.9706006646156311,
                    0.24069572985172272,
                    0.2888350486755371
                ],
                [
                    0,
                    0,
                    0,
                    1
                ]
            ]
        },
        {
            "file_path": "003.png",
            "transform_matrix": [
                [
                    -0.8816647529602051,
                    -0.16522686183452606,
                    0.4420042335987091,
                    0.5304050445556641
                ],
                [
                    0.47187674045562744,
                    -0.30871355533599854,
                    0.8258501887321472,
                    0.991020143032074
                ],
                [
                    1.115760461800619e-08,
                    0.9366943836212158,
                    0.3501482903957367,
                    0.4201781153678894
                ],
                [
                    0,
                    0,
                    0,
                    1
                ]
            ]
        },
        {
            "file_path": "004.png",
            "transform_matrix": [
                [
                    0.14812271296977997,
                    0.15844129025936127,
                    -0.9761947393417358,
                    -1.1714335680007935
                ],
                [
                    -0.9889690279960632,
                    0.023730482906103134,
                    -0.1462095081806183,
                    -0.17545145750045776
                ],
                [
                    2.0671699019203515e-08,
                    0.9870832562446594,
                    0.16020847856998444,
                    0.1922503113746643
                ],
                [
                    0,
                    0,
                    0,
                    1
                ]
            ]
        },
        {
            "file_path": "005.png",
            "transform_matrix": [
                [
                    0.7875807285308838,
                    -0.14137357473373413,
                    0.5997750163078308,
                    0.7197301387786865
                ],
                [
                    0.616211473941803,
                    0.18068988621234894,
                    -0.7665732502937317,
                    -0.9198879599571228
                ],
                [
                    -5.950403902943435e-08,
                    0.973326563835144,
                    0.2294238954782486,
                    0.27530863881111145
                ],
                [
                    0,
                    0,
                    0,
                    1
                ]
            ]
        }
    ]
}