{
    "camera_angle_x": 0.8575560450553894,
    "aabb": [
        [
            -0.35,
            -0.35,
            -0.35
        ],
        [
            0.35,
            0.35,
            0.35
        ]
    ],
    "frames": [
        {
            "file_path": "000.png",
            "transform_matrix": [
                [
                    -0.34114083647727966,
                    0.19828914105892181,
                    -0.9188604950904846,
                    -1.1026325225830078
                ],
                [
                    -0.9400123357772827,
                    -0.07196134328842163,
                    0.33346450328826904,
                    0.40015745162963867
                ],
                [
                    4.1101433367884965e-08,
                    0.9774984121322632,
                    0.2109430581331253,
                    0.25313177704811096
                ],
                [
                    0,
                    0,
                    0,
                    1
                ]
            ]
        },
        {
            "file_path": "001.png",
            "transform_matrix": [
                [
                    0.23453949391841888,
                    -0.3420437276363373,
                    0.9099436402320862,
                    1.0919322967529297
                ],
                [
                    0.9721066355705261,
                    0.08252466470003128,
                    -0.2195414900779724,
                    -0.2634498178958893
                ],
                [
                    -4.8120199380718987e-08,
                    0.9360533356666565,
                    0.3518581986427307,
                    0.4222298860549927
                ],
                [
                    0,
                    0,
                    0,
                    1
                ]
            ]
        },
        {
            "file_path": "002.png",
            "transform_matrix": [
                [
                    0.574942409992218,
                    0.2773709297180176,
                    -0.7697445154190063,
                    -0.9236934781074524
                ],
                [
                    -0.8181939125061035,
                    0.19490781426429749,
                    -0.5408971309661865,
                    -0.6490766406059265
                ],
                [
                    8.011274843511274e-08,
                    0.9407849311828613,
                    0.33900395035743713,
                    0.4068046510219574
                ],
                [
                    0,
                    0,
                    0,
                    1
                ]
            ]
        },
        {
            "file_path": "003.png",
            "transform_matrix": [
                [
                    -0.03957398980855942,
                    0.047432903200387955,
                    -0.9980901479721069,
                    -1.197708249092102
                ],
                [
                    -0.999216616153717,
                    -0.0018786414293572307,
                    0.03952939063310623,
                    0.04743514582514763
                ],
                [
                    -7.649551037047786e-08,
                    0.9988726377487183,
                    0.047470107674598694,
                    0.056964050978422165
                ],
                [
                    0,
                    0,
                    0,
                    1
                ]
            ]
        },
        {
            "file_path": "004.png",
            "transform_matrix": [
                [
                    -0.13469649851322174,
                    -0.0548655204474926,
                    0.9893669486045837,
                    1.1872401237487793
                ],
                [
                    0.9908870458602905,
                    -0.007458198349922895,
                    0.13448971509933472,
                    0.16138769686222076
                ],
                [
                    -9.418155144658158e-08,
                    0.9984660148620605,
                    0.05536995828151703,
                    0.06644411385059357
                ],
                [
                    0,
                    0,
                    0,
                    1
                ]
            ]
        },
        {
            "file_path": "005.png",
            "transform_matrix": [
                [
                    -0.7697686553001404,
                    0.23407210409641266,
                    -0.593858003616333,
                    -0.7126294374465942
                ],
                [
                    -0.6383236050605774,
                    -0.28227296471595764,
                    0.7161462903022766,
                    0.8593754172325134
                ],
                [
                    -2.8668576845802818e-08,
                    0.9303401708602905,
                    0.3666980564594269,
                    0.44003787636756897
                ],
                [
                    0,
                    0,
                    0,
                    1
                ]
            ]
        }
    ]
}