{
    "camera_angle_x": 0.8575560450553894,
    "aabb": [
        [
            -0.35,
            -0.35,
            -0.35
        ],
        [
            0.35,
            0.35,
            0.35
        ]
    ],
    "frames": [
        {
            "file_path": "000.png",
            "transform_matrix": [
                [
                    0.4602601230144501,
                    -0.39860424399375916,
                    0.7932687401771545,
                    0.9519225358963013
                ],
                [
                    0.8877841234207153,
                    0.20665113627910614,
                    -0.4112599194049835,
                    -0.4935118556022644
                ],
                [
                    6.9096159904802334e-09,
                    0.8935379385948181,
                    0.448987752199173,
                    0.5387853384017944
                ],
                [
                    0,
                    0,
                    0,
                    1
                ]
            ]
        },
        {
            "file_path": "001.png",
            "transform_matrix": [
                [
                    -0.019448116421699524,
                    0.3034158945083618,
                    -0.9526599049568176,
                    -1.1431916952133179
                ],
                [
                    -0.999811053276062,
                    -0.005902011413127184,
                    0.01853080652654171,
                    0.02223709411919117
                ],
                [
                    9.586022997609689e-08,
                    0.9528401494026184,
                    0.3034731149673462,
                    0.3641679584980011
                ],
                [
                    0,
                    0,
                    0,
                    1
                ]
            ]
        },
        {
            "file_path": "002.png",
            "transform_matrix": [
                [
                    0.6170598864555359,
                    -0.012662743218243122,
                    0.7868143320083618,
                    0.9441772103309631
                ],
                [
                    0.786916196346283,
                    0.009929478168487549,
                    -0.6169800162315369,
                    -0.7403759956359863
                ],
                [
                    -7.111815136795485e-09,
                    0.9998705387115479,
                    0.016091594472527504,
                    0.01930992305278778
                ],
                [
                    0,
                    0,
                    0,
                    1
                ]
            ]
        },
        {
            "file_path": "003.png",
            "transform_matrix": [
                [
                    -0.6484320759773254,
                    -0.10282810032367706,
                    0.754295825958252,
                    0.9051550030708313
                ],
                [
                    0.7612724900245667,
                    -0.08758631348609924,
                    0.6424895524978638,
                    0.7709875106811523
                ],
                [
                    1.0718842702317488e-08,
                    0.9908354878425598,
                    0.13507398962974548,
                    0.16208869218826294
                ],
                [
                    0,
                    0,
                    0,
                    1
                ]
            ]
        },
        {
            "file_path": "004.png",
            "transform_matrix": [
                [
                    0.25778475403785706,
                    -0.08872294425964355,
                    0.9621202945709229,
                    1.1545442342758179
                ],
                [
                    0.9662024974822998,
                    0.023671425879001617,
                    -0.25669577717781067,
                    -0.30803483724594116
                ],
                [
                    -1.193075718219916e-07,
                    0.9957752227783203,
                    0.09182632714509964,
                    0.11019168794155121
                ],
                [
                    0,
                    0,
                    0,
                    1
                ]
            ]
        },
        {
            "file_path": "005.png",
            "transform_matrix": [
                [
                    0.9210586547851562,
                    0.11184929311275482,
                    -0.3730156719684601,
                    -0.4476187825202942
                ],
                [
                    -0.3894238770008087,
                    0.26454395055770874,
                    -0.8822503089904785,
                    -1.0587003231048584
                ],
                [
                    -2.437565882473791e-08,
                    0.9578654766082764,
                    0.28721728920936584,
                    0.3446608781814575
                ],
                [
                    0,
                    0,
                    0,
                    1
                ]
            ]
        }
    ]
}