{
    "camera_angle_x": 0.8575560450553894,
    "aabb": [
        [
            -0.35,
            -0.35,
            -0.35
        ],
        [
            0.35,
            0.35,
            0.35
        ]
    ],
    "frames": [
        {
            "file_path": "000.png",
            "transform_matrix": [
                [
                    -0.9829050898551941,
                    0.01604086346924305,
                    -0.1834132969379425,
                    -0.2200959473848343
                ],
                [
                    -0.18411341309547424,
                    -0.08563549816608429,
                    0.9791674613952637,
                    1.1750009059906006
                ],
                [
                    7.56359774811699e-09,
                    0.9961974024772644,
                    0.08712484687566757,
                    0.10454987734556198
                ],
                [
                    0,
                    0,
                    0,
                    1
                ]
            ]
        },
        {
            "file_path": "001.png",
            "transform_matrix": [
                [
                    -0.19591674208641052,
                    -0.047036297619342804,
                    0.9794918894767761,
                    1.1753902435302734
                ],
                [
                    0.9806206226348877,
                    -0.009397279471158981,
                    0.19569119811058044,
                    0.23482947051525116
                ],
                [
                    -8.082515989826788e-08,
                    0.9988490343093872,
                    0.04796578362584114,
                    0.05755901336669922
                ],
                [
                    0,
                    0,
                    0,
                    1
                ]
            ]
        },
        {
            "file_path": "002.png",
            "transform_matrix": [
                [
                    0.9999180436134338,
                    4.8646514187566936e-05,
                    -0.012802548706531525,
                    -0.0153630580753088
                ],
                [
                    -0.012802640907466412,
                    0.0037993353325873613,
                    -0.9999108910560608,
                    -1.1998929977416992
                ],
                [
                    -4.0218361974098116e-10,
                    0.999992847442627,
                    0.0037996466271579266,
                    0.0045597185380756855
                ],
                [
                    0,
                    0,
                    0,
                    1
                ]
            ]
        },
        {
            "file_path": "003.png",
            "transform_matrix": [
                [
                    -0.9865599274635315,
                    -0.006495607551187277,
                    0.16327062249183655,
                    0.19592474400997162
                ],
                [
                    0.16339978575706482,
                    -0.03921857103705406,
                    0.9857801198959351,
                    1.182936191558838
                ],
                [
                    -1.5230174066349633e-10,
                    0.9992095232009888,
                    0.03975285217165947,
                    0.04770347848534584
                ],
                [
                    0,
                    0,
                    0,
                    1
                ]
            ]
        },
        {
            "file_path": "004.png",
            "transform_matrix": [
                [
                    0.8402072787284851,
                    0.1468849927186966,
                    -0.5219928622245789,
                    -0.6263914704322815
                ],
                [
                    -0.5422654151916504,
                    0.22758929431438446,
                    -0.808796226978302,
                    -0.9705554842948914
                ],
                [
                    -2.758314820994201e-08,
                    0.9626151323318481,
                    0.2708728313446045,
                    0.32504743337631226
                ],
                [
                    0,
                    0,
                    0,
                    1
                ]
            ]
        },
        {
            "file_path": "005.png",
            "transform_matrix": [
                [
                    -0.15510128438472748,
                    0.16402313113212585,
                    -0.9741868376731873,
                    -1.1690242290496826
                ],
                [
                    -0.987898588180542,
                    -0.02575179748237133,
                    0.1529485285282135,
                    0.18353822827339172
                ],
                [
                    4.934049258054074e-08,
                    0.986120343208313,
                    0.1660323441028595,
                    0.1992388516664505
                ],
                [
                    0,
                    0,
                    0,
                    1
                ]
            ]
        }
    ]
}