{
    "camera_angle_x": 0.8575560450553894,
    "aabb": [
        [
            -0.35,
            -0.35,
            -0.35
        ],
        [
            0.35,
            0.35,
            0.35
        ]
    ],
    "frames": [
        {
            "file_path": "000.png",
            "transform_matrix": [
                [
                    0.3212900757789612,
                    -0.0031732269562780857,
                    0.946975588798523,
                    1.1363706588745117
                ],
                [
                    0.946980893611908,
                    0.0010765211191028357,
                    -0.3212883770465851,
                    -0.38554617762565613
                ],
                [
                    -6.231761773278777e-09,
                    0.9999944567680359,
                    0.003350797574967146,
                    0.004021155182272196
                ],
                [
                    0,
                    0,
                    0,
                    1
                ]
            ]
        },
        {
            "file_path": "001.png",
            "transform_matrix": [
                [
                    0.996426522731781,
                    -0.0016636851942166686,
                    0.08444763720035553,
                    0.10133715718984604
                ],
                [
                    0.08446402847766876,
                    0.01962653361260891,
                    -0.996233344078064,
                    -1.1954798698425293
                ],
                [
                    -5.776270572965814e-09,
                    0.9998061060905457,
                    0.019696921110153198,
                    0.023636283352971077
                ],
                [
                    0,
                    0,
                    0,
                    1
                ]
            ]
        },
        {
            "file_path": "002.png",
            "transform_matrix": [
                [
                    0.8073323965072632,
                    -0.2813800275325775,
                    0.5186903476715088,
                    0.6224285364151001
                ],
                [
                    0.5900969505310059,
                    0.3849658966064453,
                    -0.7096385359764099,
                    -0.8515662550926208
                ],
                [
                    -9.670040768128274e-09,
                    0.8789917826652527,
                    0.4768369495868683,
                    0.5722042322158813
                ],
                [
                    0,
                    0,
                    0,
                    1
                ]
            ]
        },
        {
            "file_path": "003.png",
            "transform_matrix": [
                [
                    0.7044758796691895,
                    -0.3508990705013275,
                    0.6169145703315735,
                    0.7402974963188171
                ],
                [
                    0.7097278833389282,
                    0.34830242395401,
                    -0.6123493313789368,
                    -0.734819233417511
                ],
                [
                    -3.023979644467545e-08,
                    0.8692268133163452,
                    0.4944135248661041,
                    0.593296229839325
                ],
                [
                    0,
                    0,
                    0,
                    1
                ]
            ]
        },
        {
            "file_path": "004.png",
            "transform_matrix": [
                [
                    -0.9567270278930664,
                    0.001049154787324369,
                    -0.29098498821258545,
                    -0.34918203949928284
                ],
                [
                    -0.29098689556121826,
                    -0.0034495785366743803,
                    0.9567208290100098,
                    1.1480650901794434
                ],
                [
                    -2.6241696815532123e-08,
                    0.9999935030937195,
                    0.0036055881064385176,
                    0.004326562397181988
                ],
                [
                    0,
                    0,
                    0,
                    1
                ]
            ]
        },
        {
            "file_path": "005.png",
            "transform_matrix": [
                [
                    0.8324782848358154,
                    0.24732953310012817,
                    -0.4957903027534485,
                    -0.5949483513832092
                ],
                [
                    -0.5540576577186584,
                    0.37161555886268616,
                    -0.7449308633804321,
                    -0.8939170241355896
                ],
                [
                    1.4515466162379198e-08,
                    0.8948352336883545,
                    0.44639670848846436,
                    0.5356761813163757
                ],
                [
                    0,
                    0,
                    0,
                    1
                ]
            ]
        }
    ]
}