{
    "camera_angle_x": 0.8575560450553894,
    "aabb": [
        [
            -0.35,
            -0.35,
            -0.35
        ],
        [
            0.35,
            0.35,
            0.35
        ]
    ],
    "frames": [
        {
            "file_path": "000.png",
            "transform_matrix": [
                [
                    0.0655551329255104,
                    -0.0842127650976181,
                    0.9942891597747803,
                    1.1931469440460205
                ],
                [
                    0.9978490471839905,
                    0.00553232803940773,
                    -0.06532137840986252,
                    -0.07838565111160278
                ],
                [
                    4.890823390724108e-08,
                    0.9964325428009033,
                    0.0843941867351532,
                    0.10127320885658264
                ],
                [
                    0,
                    0,
                    0,
                    1
                ]
            ]
        },
        {
            "file_path": "001.png",
            "transform_matrix": [
                [
                    -0.17983344197273254,
                    -0.08801104128360748,
                    0.9797520637512207,
                    1.175702452659607
                ],
                [
                    0.9836971163749695,
                    -0.01608969084918499,
                    0.17911219596862793,
                    0.21493469178676605
                ],
                [
                    1.8263737189272433e-08,
                    0.9959895610809326,
                    0.08946962654590607,
                    0.10736367106437683
                ],
                [
                    0,
                    0,
                    0,
                    1
                ]
            ]
        },
        {
            "file_path": "002.png",
            "transform_matrix": [
                [
                    0.5220282077789307,
                    0.41807907819747925,
                    -0.7434356212615967,
                    -0.8921226859092712
                ],
                [
                    -0.8529282808303833,
                    0.25588199496269226,
                    -0.455014169216156,
                    -0.5460169315338135
                ],
                [
                    -3.7037086286773047e-08,
                    0.8716274499893188,
                    0.4901690185070038,
                    0.588202953338623
                ],
                [
                    0,
                    0,
                    0,
                    1
                ]
            ]
        },
        {
            "file_path": "003.png",
            "transform_matrix": [
                [
                    -0.2287733405828476,
                    -0.11647449433803558,
                    0.9664867520332336,
                    1.1597840785980225
                ],
                [
                    0.9734798073768616,
                    -0.027372190728783607,
                    0.22712987661361694,
                    0.2725558280944824
                ],
                [
                    -4.573916712047321e-08,
                    0.9928165078163147,
                    0.11964749544858932,
                    0.14357717335224152
                ],
                [
                    0,
                    0,
                    0,
                    1
                ]
            ]
        },
        {
            "file_path": "004.png",
            "transform_matrix": [
                [
                    -0.6507009267807007,
                    -0.23196794092655182,
                    0.7230347394943237,
                    0.8676417469978333
                ],
                [
                    0.7593342065811157,
                    -0.19878177344799042,
                    0.6195945739746094,
                    0.7435135245323181
                ],
                [
                    4.114025387025322e-08,
                    0.9521957635879517,
                    0.30548861622810364,
                    0.3665863573551178
                ],
                [
                    0,
                    0,
                    0,
                    1
                ]
            ]
        },
        {
            "file_path": "005.png",
            "transform_matrix": [
                [
                    0.9775363206863403,
                    -0.0750374048948288,
                    0.19695717096328735,
                    0.23634858429431915
                ],
                [
                    0.21076703071594238,
                    0.3480229675769806,
                    -0.9134863615036011,
                    -1.0961836576461792
                ],
                [
                    1.2547229921722192e-08,
                    0.934478223323822,
                    0.3560205101966858,
                    0.4272248148918152
                ],
                [
                    0,
                    0,
                    0,
                    1
                ]
            ]
        }
    ]
}