{
    "camera_angle_x": 0.8575560450553894,
    "aabb": [
        [
            -0.35,
            -0.35,
            -0.35
        ],
        [
            0.35,
            0.35,
            0.35
        ]
    ],
    "frames": [
        {
            "file_path": "000.png",
            "transform_matrix": [
                [
                    0.805206298828125,
                    -0.041674982756376266,
                    0.5915285348892212,
                    0.7098343372344971
                ],
                [
                    0.5929948091506958,
                    0.05658908188343048,
                    -0.8032152652740479,
                    -0.963858425617218
                ],
                [
                    -4.363369754400992e-08,
                    0.9975273013114929,
                    0.07027894258499146,
                    0.08433461934328079
                ],
                [
                    0,
                    0,
                    0,
                    1
                ]
            ]
        },
        {
            "file_path": "001.png",
            "transform_matrix": [
                [
                    -0.4894196689128876,
                    -0.4298194944858551,
                    0.7587646842002869,
                    0.9105175733566284
                ],
                [
                    0.872048556804657,
                    -0.24122750759124756,
                    0.425841361284256,
                    0.5110096335411072
                ],
                [
                    -6.403514873909444e-08,
                    0.8700946569442749,
                    0.4928847551345825,
                    0.5914617776870728
                ],
                [
                    0,
                    0,
                    0,
                    1
                ]
            ]
        },
        {
            "file_path": "002.png",
            "transform_matrix": [
                [
                    0.2745763063430786,
                    -0.13639472424983978,
                    0.9518427848815918,
                    1.1422110795974731
                ],
                [
                    0.9615654945373535,
                    0.03894759714603424,
                    -0.2718001902103424,
                    -0.3261600732803345
                ],
                [
                    -8.099001291839159e-08,
                    0.9898888468742371,
                    0.14184637367725372,
                    0.1702159345149994
                ],
                [
                    0,
                    0,
                    0,
                    1
                ]
            ]
        },
        {
            "file_path": "003.png",
            "transform_matrix": [
                [
                    0.4509056508541107,
                    0.09380243718624115,
                    -0.887628972530365,
                    -1.065154790878296
                ],
                [
                    -0.8925716280937195,
                    0.04738672822713852,
                    -0.4484087824821472,
                    -0.5380905866622925
                ],
                [
                    3.7738157487865465e-08,
                    0.9944624900817871,
                    0.10509230941534042,
                    0.1261107474565506
                ],
                [
                    0,
                    0,
                    0,
                    1
                ]
            ]
        },
        {
            "file_path": "004.png",
            "transform_matrix": [
                [
                    -0.8356722593307495,
                    0.152362659573555,
                    -0.5276716947555542,
                    -0.6332060694694519
                ],
                [
                    -0.5492283701896667,
                    -0.23182569444179535,
                    0.8028729557991028,
                    0.963447630405426
                ],
                [
                    -3.4773837143120545e-09,
                    0.9607509970664978,
                    0.2774122357368469,
                    0.3328946530818939
                ],
                [
                    0,
                    0,
                    0,
                    1
                ]
            ]
        },
        {
            "file_path": "005.png",
            "transform_matrix": [
                [
                    -0.001387731172144413,
                    -0.4841723144054413,
                    0.8749715685844421,
                    1.0499659776687622
                ],
                [
                    0.9999990463256836,
                    -0.0006719267112202942,
                    0.0012142050545662642,
                    0.0014569420600309968
                ],
                [
                    2.1155610596679253e-08,
                    0.874972403049469,
                    0.4841727614402771,
                    0.5810073614120483
                ],
                [
                    0,
                    0,
                    0,
                    1
                ]
            ]
        }
    ]
}