{
    "camera_angle_x": 0.8575560450553894,
    "aabb": [
        [
            -0.35,
            -0.35,
            -0.35
        ],
        [
            0.35,
            0.35,
            0.35
        ]
    ],
    "frames": [
        {
            "file_path": "000.png",
            "transform_matrix": [
                [
                    0.8003963828086853,
                    -0.16250385344028473,
                    0.5770252346992493,
                    0.6924303770065308
                ],
                [
                    0.5994711518287659,
                    0.21697035431861877,
                    -0.7704273462295532,
                    -0.9245128035545349
                ],
                [
                    1.6685454795606347e-08,
                    0.9625571966171265,
                    0.2710786461830139,
                    0.3252944350242615
                ],
                [
                    0,
                    0,
                    0,
                    1
                ]
            ]
        },
        {
            "file_path": "001.png",
            "transform_matrix": [
                [
                    0.799849271774292,
                    0.1472100019454956,
                    -0.5818679928779602,
                    -0.6982415914535522
                ],
                [
                    -0.6002009510993958,
                    0.19617724418640137,
                    -0.775418221950531,
                    -0.9305018186569214
                ],
                [
                    -3.0471188239289404e-08,
                    0.9694554209709167,
                    0.24526779353618622,
                    0.2943214774131775
                ],
                [
                    0,
                    0,
                    0,
                    1
                ]
            ]
        },
        {
            "file_path": "002.png",
            "transform_matrix": [
                [
                    0.9999939203262329,
                    0.0011086525628343225,
                    -0.0033030628692358732,
                    -0.00396367534995079
                ],
                [
                    -0.0034841548185795546,
                    0.3181964159011841,
                    -0.9480184316635132,
                    -1.1376221179962158
                ],
                [
                    -1.222383305687913e-10,
                    0.9480242133140564,
                    0.3181983530521393,
                    0.3818381726741791
                ],
                [
                    0,
                    0,
                    0,
                    1
                ]
            ]
        },
        {
            "file_path": "003.png",
            "transform_matrix": [
                [
                    -0.3597831726074219,
                    0.25418752431869507,
                    -0.8977445960044861,
                    -1.0772933959960938
                ],
                [
                    -0.9330362677574158,
                    -0.09801600873470306,
                    0.34617435932159424,
                    0.415409117937088
                ],
                [
                    4.2851372228369655e-08,
                    0.9621756672859192,
                    0.27243033051490784,
                    0.3269166648387909
                ],
                [
                    0,
                    0,
                    0,
                    1
                ]
            ]
        },
        {
            "file_path": "004.png",
            "transform_matrix": [
                [
                    -0.9979031085968018,
                    -0.023792468011379242,
                    0.06019160524010658,
                    0.07222992926836014
                ],
                [
                    0.06472334265708923,
                    -0.36683180928230286,
                    0.9280329346656799,
                    1.1136395931243896
                ],
                [
                    3.935836101476298e-09,
                    0.9299829006195068,
                    0.36760270595550537,
                    0.44112318754196167
                ],
                [
                    0,
                    0,
                    0,
                    1
                ]
            ]
        },
        {
            "file_path": "005.png",
            "transform_matrix": [
                [
                    0.5778894424438477,
                    0.046686552464962006,
                    -0.8147785663604736,
                    -0.9777343273162842
                ],
                [
                    -0.8161150217056274,
                    0.03305862843990326,
                    -0.5769430994987488,
                    -0.6923317909240723
                ],
                [
                    -3.8180065331516744e-08,
                    0.9983623623847961,
                    0.057205840945243835,
                    0.06864697486162186
                ],
                [
                    0,
                    0,
                    0,
                    1
                ]
            ]
        }
    ]
}