{
    "camera_angle_x": 0.8575560450553894,
    "aabb": [
        [
            -0.35,
            -0.35,
            -0.35
        ],
        [
            0.35,
            0.35,
            0.35
        ]
    ],
    "frames": [
        {
            "file_path": "000.png",
            "transform_matrix": [
                [
                    0.6121863722801208,
                    0.35322752594947815,
                    -0.7074306607246399,
                    -0.8489168286323547
                ],
                [
                    -0.7907134890556335,
                    0.27347585558891296,
                    -0.547707200050354,
                    -0.6572486162185669
                ],
                [
                    -1.622958833991106e-08,
                    0.8946738839149475,
                    0.4467199742794037,
                    0.5360640287399292
                ],
                [
                    0,
                    0,
                    0,
                    1
                ]
            ]
        },
        {
            "file_path": "001.png",
            "transform_matrix": [
                [
                    -0.018951697275042534,
                    0.31903204321861267,
                    -0.9475545287132263,
                    -1.1370652914047241
                ],
                [
                    -0.9998204708099365,
                    -0.006047387141734362,
                    0.01796089857816696,
                    0.021553155034780502
                ],
                [
                    -5.2232174141408905e-08,
                    0.9477246999740601,
                    0.31908929347991943,
                    0.38290727138519287
                ],
                [
                    0,
                    0,
                    0,
                    1
                ]
            ]
        },
        {
            "file_path": "002.png",
            "transform_matrix": [
                [
                    0.8252638578414917,
                    -0.23906734585762024,
                    0.5116506218910217,
                    0.613980770111084
                ],
                [
                    0.5647473335266113,
                    0.3493485152721405,
                    -0.7476738095283508,
                    -0.8972085118293762
                ],
                [
                    1.2109264702075961e-09,
                    0.9059814810752869,
                    0.4233173429965973,
                    0.5079809427261353
                ],
                [
                    0,
                    0,
                    0,
                    1
                ]
            ]
        },
        {
            "file_path": "003.png",
            "transform_matrix": [
                [
                    -0.531091034412384,
                    0.1334512084722519,
                    -0.8367395401000977,
                    -1.0040874481201172
                ],
                [
                    -0.8473147749900818,
                    -0.08364628255367279,
                    0.5244625806808472,
                    0.6293551325798035
                ],
                [
                    1.2804679982991729e-08,
                    0.9875191450119019,
                    0.15749895572662354,
                    0.18899886310100555
                ],
                [
                    0,
                    0,
                    0,
                    1
                ]
            ]
        },
        {
            "file_path": "004.png",
            "transform_matrix": [
                [
                    -0.7569138407707214,
                    0.03091130219399929,
                    -0.6527832746505737,
                    -0.7833399176597595
                ],
                [
                    -0.6535147428512573,
                    -0.03580210730433464,
                    0.756066620349884,
                    0.9072799682617188
                ],
                [
                    8.26019252997412e-09,
                    0.9988807439804077,
                    0.04730004072189331,
                    0.056759994477033615
                ],
                [
                    0,
                    0,
                    0,
                    1
                ]
            ]
        },
        {
            "file_path": "005.png",
            "transform_matrix": [
                [
                    -0.5930325388908386,
                    -0.39587411284446716,
                    0.7011392116546631,
                    0.8413669466972351
                ],
                [
                    0.8051785230636597,
                    -0.29157039523124695,
                    0.5164051651954651,
                    0.6196862459182739
                ],
                [
                    -2.6351365534083016e-08,
                    0.8707872629165649,
                    0.4916600286960602,
                    0.5899922251701355
                ],
                [
                    0,
                    0,
                    0,
                    1
                ]
            ]
        }
    ]
}