{
    "camera_angle_x": 0.8575560450553894,
    "aabb": [
        [
            -0.35,
            -0.35,
            -0.35
        ],
        [
            0.35,
            0.35,
            0.35
        ]
    ],
    "frames": [
        {
            "file_path": "000.png",
            "transform_matrix": [
                [
                    0.42287373542785645,
                    0.0801796019077301,
                    -0.9026345014572144,
                    -1.083161473274231
                ],
                [
                    -0.9061886072158813,
                    0.03741582855582237,
                    -0.4212152361869812,
                    -0.5054582357406616
                ],
                [
                    -2.6739847669432493e-08,
                    0.9960779547691345,
                    0.08847999572753906,
                    0.1061759889125824
                ],
                [
                    0,
                    0,
                    0,
                    1
                ]
            ]
        },
        {
            "file_path": "001.png",
            "transform_matrix": [
                [
                    -0.7921483516693115,
                    -0.1438952088356018,
                    0.5931232571601868,
                    0.711747944355011
                ],
                [
                    0.6103286743164062,
                    -0.1867622584104538,
                    0.7698174118995667,
                    0.9237809181213379
                ],
                [
                    -9.413511747879966e-09,
                    0.9718096852302551,
                    0.2357667088508606,
                    0.28292015194892883
                ],
                [
                    0,
                    0,
                    0,
                    1
                ]
            ]
        },
        {
            "file_path": "002.png",
            "transform_matrix": [
                [
                    0.4268253743648529,
                    -0.04453795775771141,
                    0.9032367467880249,
                    1.0838840007781982
                ],
                [
                    0.9043341279029846,
                    0.021020736545324326,
                    -0.4263075292110443,
                    -0.5115690231323242
                ],
                [
                    8.484128954933112e-08,
                    0.9987866282463074,
                    0.049249324947595596,
                    0.05909939855337143
                ],
                [
                    0,
                    0,
                    0,
                    1
                ]
            ]
        },
        {
            "file_path": "003.png",
            "transform_matrix": [
                [
                    0.8493711948394775,
                    0.24143372476100922,
                    -0.46933823823928833,
                    -0.5632057785987854
                ],
                [
                    -0.5277959704399109,
                    0.3885342478752136,
                    -0.7552964091300964,
                    -0.9063555598258972
                ],
                [
                    5.723638452082014e-09,
                    0.8892418146133423,
                    0.45743754506111145,
                    0.5489252209663391
                ],
                [
                    0,
                    0,
                    0,
                    1
                ]
            ]
        },
        {
            "file_path": "004.png",
            "transform_matrix": [
                [
                    0.8555517196655273,
                    0.19321377575397491,
                    -0.4803120791912079,
                    -0.5763745307922363
                ],
                [
                    -0.5177173614501953,
                    0.31929466128349304,
                    -0.7937377691268921,
                    -0.9524853825569153
                ],
                [
                    1.4355869382143283e-08,
                    0.9277496337890625,
                    0.37320321798324585,
                    0.4478439390659332
                ],
                [
                    0,
                    0,
                    0,
                    1
                ]
            ]
        },
        {
            "file_path": "005.png",
            "transform_matrix": [
                [
                    0.9103823304176331,
                    0.19317713379859924,
                    -0.3659052550792694,
                    -0.43908625841140747
                ],
                [
                    -0.41376811265945435,
                    0.4250327944755554,
                    -0.8050734400749207,
                    -0.9660879969596863
                ],
                [
                    -3.575649998310837e-09,
                    0.8843244910240173,
                    0.4668728709220886,
                    0.560247540473938
                ],
                [
                    0,
                    0,
                    0,
                    1
                ]
            ]
        }
    ]
}