{
    "camera_angle_x": 0.8575560450553894,
    "aabb": [
        [
            -0.35,
            -0.35,
            -0.35
        ],
        [
            0.35,
            0.35,
            0.35
        ]
    ],
    "frames": [
        {
            "file_path": "000.png",
            "transform_matrix": [
                [
                    -0.9967769980430603,
                    -0.018711235374212265,
                    0.07801125943660736,
                    0.09361352026462555
                ],
                [
                    0.08022385835647583,
                    -0.23248618841171265,
                    0.9692855477333069,
                    1.1631426811218262
                ],
                [
                    5.941872327497322e-09,
                    0.972419798374176,
                    0.23323781788349152,
                    0.27988553047180176
                ],
                [
                    0,
                    0,
                    0,
                    1
                ]
            ]
        },
        {
            "file_path": "001.png",
            "transform_matrix": [
                [
                    0.7987558245658875,
                    0.14563103020191193,
                    -0.5837642550468445,
                    -0.7005171179771423
                ],
                [
                    -0.6016553044319153,
                    0.19333937764167786,
                    -0.7750037312507629,
                    -0.9300045371055603
                ],
                [
                    2.4327810876911826e-09,
                    0.9702636003494263,
                    0.2420506477355957,
                    0.2904606759548187
                ],
                [
                    0,
                    0,
                    0,
                    1
                ]
            ]
        },
        {
            "file_path": "002.png",
            "transform_matrix": [
                [
                    -0.9611346125602722,
                    0.11287800222635269,
                    -0.2519517242908478,
                    -0.3023419976234436
                ],
                [
                    -0.27608171105384827,
                    -0.39296695590019226,
                    0.8771296739578247,
                    1.0525554418563843
                ],
                [
                    -2.285139188984431e-09,
                    0.9125985503196716,
                    0.4088571071624756,
                    0.4906286597251892
                ],
                [
                    0,
                    0,
                    0,
                    1
                ]
            ]
        },
        {
            "file_path": "003.png",
            "transform_matrix": [
                [
                    0.9943192005157471,
                    0.039938438683748245,
                    -0.09866242855787277,
                    -0.11839491128921509
                ],
                [
                    -0.10643943399190903,
                    0.37309059500694275,
                    -0.9216691851615906,
                    -1.1060030460357666
                ],
                [
                    1.1957479451041308e-09,
                    0.9269349575042725,
                    0.37522217631340027,
                    0.4502667486667633
                ],
                [
                    0,
                    0,
                    0,
                    1
                ]
            ]
        },
        {
            "file_path": "004.png",
            "transform_matrix": [
                [
                    -0.29908841848373413,
                    -0.05460532382130623,
                    0.9526617527008057,
                    1.1431941986083984
                ],
                [
                    0.9542254209518433,
                    -0.017115319147706032,
                    0.2985982894897461,
                    0.3583179712295532
                ],
                [
                    2.790260822393975e-08,
                    0.998361349105835,
                    0.05722474679350853,
                    0.06866975128650665
                ],
                [
                    0,
                    0,
                    0,
                    1
                ]
            ]
        },
        {
            "file_path": "005.png",
            "transform_matrix": [
                [
                    0.13547009229660034,
                    -0.38605207204818726,
                    0.9124755263328552,
                    1.094970703125
                ],
                [
                    0.9907814264297485,
                    0.052785083651542664,
                    -0.12476326525211334,
                    -0.14971613883972168
                ],
                [
                    6.046329303899256e-08,
                    0.9209654927253723,
                    0.389644056558609,
                    0.4675729274749756
                ],
                [
                    0,
                    0,
                    0,
                    1
                ]
            ]
        }
    ]
}