{
    "camera_angle_x": 0.8575560450553894,
    "aabb": [
        [
            -0.35,
            -0.35,
            -0.35
        ],
        [
            0.35,
            0.35,
            0.35
        ]
    ],
    "frames": [
        {
            "file_path": "000.png",
            "transform_matrix": [
                [
                    0.09750132262706757,
                    -0.48691606521606445,
                    0.8679898977279663,
                    1.0415877103805542
                ],
                [
                    0.9952355027198792,
                    0.0477021224796772,
                    -0.08503543585538864,
                    -0.10204262286424637
                ],
                [
                    6.91118344775532e-08,
                    0.8721452951431274,
                    0.48924702405929565,
                    0.587096631526947
                ],
                [
                    0,
                    0,
                    0,
                    1
                ]
            ]
        },
        {
            "file_path": "001.png",
            "transform_matrix": [
                [
                    0.2771567404270172,
                    -0.16541938483715057,
                    0.946478009223938,
                    1.1357735395431519
                ],
                [
                    0.960824728012085,
                    0.047716375440359116,
                    -0.27301836013793945,
                    -0.32762205600738525
                ],
                [
                    1.8513617305870866e-09,
                    0.9850683212280273,
                    0.1721639335155487,
                    0.20659685134887695
                ],
                [
                    0,
                    0,
                    0,
                    1
                ]
            ]
        },
        {
            "file_path": "002.png",
            "transform_matrix": [
                [
                    0.8251795768737793,
                    0.21182651817798615,
                    -0.5236489772796631,
                    -0.6283788084983826
                ],
                [
                    -0.5648705363273621,
                    0.3094424605369568,
                    -0.764961838722229,
                    -0.9179542660713196
                ],
                [
                    7.635627241597831e-09,
                    0.927024781703949,
                    0.37500011920928955,
                    0.45000016689300537
                ],
                [
                    0,
                    0,
                    0,
                    1
                ]
            ]
        },
        {
            "file_path": "003.png",
            "transform_matrix": [
                [
                    -0.9922732710838318,
                    0.05990041419863701,
                    -0.1086549162864685,
                    -0.13038590550422668
                ],
                [
                    -0.1240723580121994,
                    -0.4790557622909546,
                    0.8689716458320618,
                    1.0427659749984741
                ],
                [
                    3.0470421741313203e-09,
                    0.8757383227348328,
                    0.4827860891819,
                    0.579343318939209
                ],
                [
                    0,
                    0,
                    0,
                    1
                ]
            ]
        },
        {
            "file_path": "004.png",
            "transform_matrix": [
                [
                    0.15603414177894592,
                    -0.27005425095558167,
                    0.9501179456710815,
                    1.140141487121582
                ],
                [
                    0.9877516627311707,
                    0.04266025498509407,
                    -0.15008915960788727,
                    -0.18010707199573517
                ],
                [
                    -6.80483580595137e-08,
                    0.9618995785713196,
                    0.27340298891067505,
                    0.3280836045742035
                ],
                [
                    0,
                    0,
                    0,
                    1
                ]
            ]
        },
        {
            "file_path": "005.png",
            "transform_matrix": [
                [
                    0.9484694004058838,
                    0.0546284057199955,
                    -0.31212419271469116,
                    -0.3745490312576294
                ],
                [
                    -0.31686872243881226,
                    0.16351671516895294,
                    -0.9342679977416992,
                    -1.1211215257644653
                ],
                [
                    -9.812764822925146e-09,
                    0.985027015209198,
                    0.17240063846111298,
                    0.2068808525800705
                ],
                [
                    0,
                    0,
                    0,
                    1
                ]
            ]
        }
    ]
}