{
    "camera_angle_x": 0.8575560450553894,
    "aabb": [
        [
            -0.35,
            -0.35,
            -0.35
        ],
        [
            0.35,
            0.35,
            0.35
        ]
    ],
    "frames": [
        {
            "file_path": "000.png",
            "transform_matrix": [
                [
                    -0.3551591634750366,
                    -0.3495672345161438,
                    0.8669860363006592,
                    1.040383219718933
                ],
                [
                    0.9348058700561523,
                    -0.13281048834323883,
                    0.3293924629688263,
                    0.3952710032463074
                ],
                [
                    1.5841228773183502e-08,
                    0.9274503588676453,
                    0.3739463686943054,
                    0.44873565435409546
                ],
                [
                    0,
                    0,
                    0,
                    1
                ]
            ]
        },
        {
            "file_path": "001.png",
            "transform_matrix": [
                [
                    -0.5182065963745117,
                    -0.25057676434516907,
                    0.8177245259284973,
                    0.9812694191932678
                ],
                [
                    0.8552555441856384,
                    -0.1518266350030899,
                    0.4954661428928375,
                    0.594559371471405
                ],
                [
                    1.345319944334733e-08,
                    0.9561172127723694,
                    0.29298463463783264,
                    0.3515816330909729
                ],
                [
                    0,
                    0,
                    0,
                    1
                ]
            ]
        },
        {
            "file_path": "002.png",
            "transform_matrix": [
                [
                    -0.18336954712867737,
                    -0.2786642014980316,
                    0.9427205324172974,
                    1.131264567375183
                ],
                [
                    0.9830440878868103,
                    -0.051979951560497284,
                    0.1758478581905365,
                    0.2110174149274826
                ],
                [
                    3.460895925400109e-08,
                    0.958980917930603,
                    0.28347069025039673,
                    0.34016478061676025
                ],
                [
                    0,
                    0,
                    0,
                    1
                ]
            ]
        },
        {
            "file_path": "003.png",
            "transform_matrix": [
                [
                    -0.9610200524330139,
                    0.041276462376117706,
                    -0.2733802795410156,
                    -0.32805633544921875
                ],
                [
                    -0.2764787971973419,
                    -0.14347398281097412,
                    0.9502498507499695,
                    1.1402997970581055
                ],
                [
                    -4.92288876330349e-10,
                    0.9887929558753967,
                    0.14929337799549103,
                    0.17915207147598267
                ],
                [
                    0,
                    0,
                    0,
                    1
                ]
            ]
        },
        {
            "file_path": "004.png",
            "transform_matrix": [
                [
                    -0.6059314608573914,
                    0.2900485694408417,
                    -0.740755558013916,
                    -0.8889066576957703
                ],
                [
                    -0.7955167889595032,
                    -0.22092503309249878,
                    0.5642207860946655,
                    0.6770650148391724
                ],
                [
                    -2.314040514761473e-08,
                    0.9311626553535461,
                    0.36460399627685547,
                    0.4375248849391937
                ],
                [
                    0,
                    0,
                    0,
                    1
                ]
            ]
        },
        {
            "file_path": "005.png",
            "transform_matrix": [
                [
                    -0.19592896103858948,
                    -0.24111054837703705,
                    0.9505144357681274,
                    1.1406172513961792
                ],
                [
                    0.9806181192398071,
                    -0.04817432537674904,
                    0.18991412222385406,
                    0.22789695858955383
                ],
                [
                    5.0470145396275257e-08,
                    0.9693012833595276,
                    0.24587605893611908,
                    0.2950512170791626
                ],
                [
                    0,
                    0,
                    0,
                    1
                ]
            ]
        }
    ]
}