{
    "camera_angle_x": 0.8575560450553894,
    "aabb": [
        [
            -0.35,
            -0.35,
            -0.35
        ],
        [
            0.35,
            0.35,
            0.35
        ]
    ],
    "frames": [
        {
            "file_path": "000.png",
            "transform_matrix": [
                [
                    -0.9849805235862732,
                    -0.06135474890470505,
                    0.16139745712280273,
                    0.1936769187450409
                ],
                [
                    0.17266598343849182,
                    -0.35000079870224,
                    0.9206986427307129,
                    1.1048383712768555
                ],
                [
                    -5.372342570808541e-10,
                    0.9347379803657532,
                    0.3553377687931061,
                    0.42640551924705505
                ],
                [
                    0,
                    0,
                    0,
                    1
                ]
            ]
        },
        {
            "file_path": "001.png",
            "transform_matrix": [
                [
                    0.7988846302032471,
                    -0.032812055200338364,
                    0.6005886793136597,
                    0.7207063436508179
                ],
                [
                    0.6014843583106995,
                    0.04358048364520073,
                    -0.7976952195167542,
                    -0.9572341442108154
                ],
                [
                    -1.981882924440015e-08,
                    0.9985110759735107,
                    0.054551683366298676,
                    0.0654621496796608
                ],
                [
                    0,
                    0,
                    0,
                    1
                ]
            ]
        },
        {
            "file_path": "002.png",
            "transform_matrix": [
                [
                    0.28758567571640015,
                    -0.396889328956604,
                    0.8716498017311096,
                    1.0459797382354736
                ],
                [
                    0.9577549695968628,
                    0.11917419731616974,
                    -0.2617308795452118,
                    -0.31407707929611206
                ],
                [
                    -2.3525156933601465e-08,
                    0.9100969433784485,
                    0.41439545154571533,
                    0.4972746670246124
                ],
                [
                    0,
                    0,
                    0,
                    1
                ]
            ]
        },
        {
            "file_path": "003.png",
            "transform_matrix": [
                [
                    0.7471892237663269,
                    0.009126954711973667,
                    -0.6645486950874329,
                    -0.7974583506584167
                ],
                [
                    -0.6646113395690918,
                    0.010260828770697117,
                    -0.7471188306808472,
                    -0.8965426087379456
                ],
                [
                    -5.25976275866924e-08,
                    0.9999057650566101,
                    0.013732640072703362,
                    0.016479359939694405
                ],
                [
                    0,
                    0,
                    0,
                    1
                ]
            ]
        },
        {
            "file_path": "004.png",
            "transform_matrix": [
                [
                    0.8526247143745422,
                    0.07370983809232712,
                    -0.517298698425293,
                    -0.6207584142684937
                ],
                [
                    -0.5225237607955933,
                    0.12027536332607269,
                    -0.8440989255905151,
                    -1.0129185914993286
                ],
                [
                    -3.048863916887967e-08,
                    0.9900004863739014,
                    0.1410648673772812,
                    0.16927817463874817
                ],
                [
                    0,
                    0,
                    0,
                    1
                ]
            ]
        },
        {
            "file_path": "005.png",
            "transform_matrix": [
                [
                    -0.346529483795166,
                    0.028746796771883965,
                    -0.9375985860824585,
                    -1.1251182556152344
                ],
                [
                    -0.9380391836166382,
                    -0.010619573295116425,
                    0.34636667370796204,
                    0.41564005613327026
                ],
                [
                    9.782387877521614e-08,
                    0.9995303750038147,
                    0.030645525082945824,
                    0.036774780601263046
                ],
                [
                    0,
                    0,
                    0,
                    1
                ]
            ]
        }
    ]
}