{
    "camera_angle_x": 0.8575560450553894,
    "aabb": [
        [
            -0.35,
            -0.35,
            -0.35
        ],
        [
            0.35,
            0.35,
            0.35
        ]
    ],
    "frames": [
        {
            "file_path": "000.png",
            "transform_matrix": [
                [
                    -0.9348428249359131,
                    -0.07592063397169113,
                    0.34685054421424866,
                    0.41622060537338257
                ],
                [
                    0.3550623059272766,
                    -0.19989131391048431,
                    0.9132220149040222,
                    1.095866322517395
                ],
                [
                    -1.1953807721454268e-08,
                    0.976872444152832,
                    0.21382330358028412,
                    0.2565881609916687
                ],
                [
                    0,
                    0,
                    0,
                    1
                ]
            ]
        },
        {
            "file_path": "001.png",
            "transform_matrix": [
                [
                    -0.886692225933075,
                    -0.2030567228794098,
                    0.4153856635093689,
                    0.4984627366065979
                ],
                [
                    0.46236053109169006,
                    -0.3894122838973999,
                    0.7966060042381287,
                    0.9559270739555359
                ],
                [
                    3.643090806804139e-08,
                    0.8984020948410034,
                    0.43917399644851685,
                    0.5270088315010071
                ],
                [
                    0,
                    0,
                    0,
                    1
                ]
            ]
        },
        {
            "file_path": "002.png",
            "transform_matrix": [
                [
                    0.9839927554130554,
                    0.06356916576623917,
                    -0.16648490726947784,
                    -0.19978190958499908
                ],
                [
                    -0.17820848524570465,
                    0.35100239515304565,
                    -0.9192600846290588,
                    -1.1031121015548706
                ],
                [
                    8.976842380548078e-09,
                    0.9342142343521118,
                    0.35671237111091614,
                    0.42805492877960205
                ],
                [
                    0,
                    0,
                    0,
                    1
                ]
            ]
        },
        {
            "file_path": "003.png",
            "transform_matrix": [
                [
                    -0.6988883018493652,
                    -0.257015585899353,
                    0.667457103729248,
                    0.8009483218193054
                ],
                [
                    0.7152314186096191,
                    -0.25114285945892334,
                    0.6522054076194763,
                    0.7826462984085083
                ],
                [
                    -2.1648773440574587e-08,
                    0.9332046508789062,
                    0.35934585332870483,
                    0.43121519684791565
                ],
                [
                    0,
                    0,
                    0,
                    1
                ]
            ]
        },
        {
            "file_path": "004.png",
            "transform_matrix": [
                [
                    -0.9795562624931335,
                    0.01441959012299776,
                    -0.20065350830554962,
                    -0.24078421294689178
                ],
                [
                    -0.20117096602916718,
                    -0.07021304965019226,
                    0.9770365953445435,
                    1.1724438667297363
                ],
                [
                    -1.4014067239997985e-08,
                    0.9974278807640076,
                    0.0716782957315445,
                    0.08601395040750504
                ],
                [
                    0,
                    0,
                    0,
                    1
                ]
            ]
        },
        {
            "file_path": "005.png",
            "transform_matrix": [
                [
                    -0.524915337562561,
                    -0.024500424042344093,
                    0.8508017659187317,
                    1.020962119102478
                ],
                [
                    0.8511544466018677,
                    -0.015109619125723839,
                    0.5246978402137756,
                    0.6296374201774597
                ],
                [
                    -4.377476869876773e-08,
                    0.9995856285095215,
                    0.028784887865185738,
                    0.0345420204102993
                ],
                [
                    0,
                    0,
                    0,
                    1
                ]
            ]
        }
    ]
}