{
    "camera_angle_x": 0.8575560450553894,
    "aabb": [
        [
            -0.35,
            -0.35,
            -0.35
        ],
        [
            0.35,
            0.35,
            0.35
        ]
    ],
    "frames": [
        {
            "file_path": "000.png",
            "transform_matrix": [
                [
                    0.9864808320999146,
                    0.05202994868159294,
                    -0.15539765357971191,
                    -0.1864771842956543
                ],
                [
                    -0.16387662291526794,
                    0.31320229172706604,
                    -0.9354404807090759,
                    -1.1225284337997437
                ],
                [
                    -2.83906320674987e-09,
                    0.9482601881027222,
                    0.31749454140663147,
                    0.3809936046600342
                ],
                [
                    0,
                    0,
                    0,
                    1
                ]
            ]
        },
        {
            "file_path": "001.png",
            "transform_matrix": [
                [
                    -0.819869875907898,
                    -0.2248769998550415,
                    0.5265396237373352,
                    0.6318475008010864
                ],
                [
                    0.5725501179695129,
                    -0.3220152258872986,
                    0.7539845705032349,
                    0.9047814607620239
                ],
                [
                    -6.3190796595336e-08,
                    0.9196394681930542,
                    0.39276373386383057,
                    0.4713166356086731
                ],
                [
                    0,
                    0,
                    0,
                    1
                ]
            ]
        },
        {
            "file_path": "002.png",
            "transform_matrix": [
                [
                    -0.9644695520401001,
                    0.09797785431146622,
                    -0.24535416066646576,
                    -0.29442501068115234
                ],
                [
                    -0.26419374346733093,
                    -0.35767942667007446,
                    0.8956936001777649,
                    1.0748324394226074
                ],
                [
                    -7.283530223389789e-09,
                    0.9286903142929077,
                    0.3708561360836029,
                    0.44502732157707214
                ],
                [
                    0,
                    0,
                    0,
                    1
                ]
            ]
        },
        {
            "file_path": "003.png",
            "transform_matrix": [
                [
                    -0.682153582572937,
                    -0.08523183315992355,
                    0.7262244820594788,
                    0.8714694976806641
                ],
                [
                    0.7312089204788208,
                    -0.0795138031244278,
                    0.6775035858154297,
                    0.8130042552947998
                ],
                [
                    -8.343096880025769e-09,
                    0.9931833148002625,
                    0.11656288802623749,
                    0.1398754119873047
                ],
                [
                    0,
                    0,
                    0,
                    1
                ]
            ]
        },
        {
            "file_path": "004.png",
            "transform_matrix": [
                [
                    -0.8421611189842224,
                    -0.126938134431839,
                    0.5240721106529236,
                    0.6288864612579346
                ],
                [
                    0.5392261743545532,
                    -0.1982513815164566,
                    0.8184935450553894,
                    0.9821922183036804
                ],
                [
                    -4.7363016619783593e-08,
                    0.9718967080116272,
                    0.23540784418582916,
                    0.2824895977973938
                ],
                [
                    0,
                    0,
                    0,
                    1
                ]
            ]
        },
        {
            "file_path": "005.png",
            "transform_matrix": [
                [
                    0.9883424043655396,
                    0.03867330774664879,
                    -0.14725361764431,
                    -0.17670434713363647
                ],
                [
                    -0.1522473394870758,
                    0.2510550022125244,
                    -0.9559248089790344,
                    -1.1471097469329834
                ],
                [
                    -8.366464854248079e-09,
                    0.967199981212616,
                    0.2540162205696106,
                    0.3048195540904999
                ],
                [
                    0,
                    0,
                    0,
                    1
                ]
            ]
        }
    ]
}