{
    "camera_angle_x": 0.8575560450553894,
    "aabb": [
        [
            -0.35,
            -0.35,
            -0.35
        ],
        [
            0.35,
            0.35,
            0.35
        ]
    ],
    "frames": [
        {
            "file_path": "000.png",
            "transform_matrix": [
                [
                    -0.4612140357494354,
                    0.06135062500834465,
                    -0.8851653933525085,
                    -1.062198519706726
                ],
                [
                    -0.8872889280319214,
                    -0.031890224665403366,
                    0.4601101875305176,
                    0.5521321892738342
                ],
                [
                    -4.960723032354508e-08,
                    0.9976066946983337,
                    0.06914390623569489,
                    0.08297277241945267
                ],
                [
                    0,
                    0,
                    0,
                    1
                ]
            ]
        },
        {
            "file_path": "001.png",
            "transform_matrix": [
                [
                    -0.6715695858001709,
                    0.1875886768102646,
                    -0.7168017625808716,
                    -0.8601621389389038
                ],
                [
                    -0.7409414649009705,
                    -0.17002534866333008,
                    0.6496900320053101,
                    0.7796280980110168
                ],
                [
                    1.597994270241543e-08,
                    0.967420220375061,
                    0.25317609310150146,
                    0.30381137132644653
                ],
                [
                    0,
                    0,
                    0,
                    1
                ]
            ]
        },
        {
            "file_path": "002.png",
            "transform_matrix": [
                [
                    -0.45654621720314026,
                    -0.274974524974823,
                    0.8461410999298096,
                    1.0153692960739136
                ],
                [
                    0.8896998167037964,
                    -0.1411021649837494,
                    0.4341941773891449,
                    0.5210329294204712
                ],
                [
                    -4.6172409895461897e-08,
                    0.9510411620140076,
                    0.3090643286705017,
                    0.37087735533714294
                ],
                [
                    0,
                    0,
                    0,
                    1
                ]
            ]
        },
        {
            "file_path": "003.png",
            "transform_matrix": [
                [
                    0.8629220724105835,
                    -0.006321031600236893,
                    0.5052974224090576,
                    0.6063568592071533
                ],
                [
                    0.5053369998931885,
                    0.010793796740472317,
                    -0.8628546595573425,
                    -1.0354255437850952
                ],
                [
                    2.925524889008102e-08,
                    0.9999217987060547,
                    0.012508450075984001,
                    0.01501026377081871
                ],
                [
                    0,
                    0,
                    0,
                    1
                ]
            ]
        },
        {
            "file_path": "004.png",
            "transform_matrix": [
                [
                    -0.9809529185295105,
                    -0.0009224624955095351,
                    0.19424383342266083,
                    0.23309259116649628
                ],
                [
                    0.19424602389335632,
                    -0.004658491816371679,
                    0.9809418320655823,
                    1.1771302223205566
                ],
                [
                    -4.197790559601344e-09,
                    0.9999887347221375,
                    0.004748889710754156,
                    0.005698745604604483
                ],
                [
                    0,
                    0,
                    0,
                    1
                ]
            ]
        },
        {
            "file_path": "005.png",
            "transform_matrix": [
                [
                    -0.7950924038887024,
                    -0.24172204732894897,
                    0.5562360286712646,
                    0.6674832701683044
                ],
                [
                    0.6064882874488831,
                    -0.3168920576572418,
                    0.7292128205299377,
                    0.8750554323196411
                ],
                [
                    -2.571230339754038e-08,
                    0.9171422123908997,
                    0.398560106754303,
                    0.47827211022377014
                ],
                [
                    0,
                    0,
                    0,
                    1
                ]
            ]
        }
    ]
}