{
    "camera_angle_x": 0.8575560450553894,
    "aabb": [
        [
            -0.35,
            -0.35,
            -0.35
        ],
        [
            0.35,
            0.35,
            0.35
        ]
    ],
    "frames": [
        {
            "file_path": "000.png",
            "transform_matrix": [
                [
                    -0.3887113332748413,
                    0.1374761462211609,
                    -0.9110455513000488,
                    -1.0932546854019165
                ],
                [
                    -0.9213597178459167,
                    -0.057999689131975174,
                    0.38435983657836914,
                    0.46123185753822327
                ],
                [
                    1.3492950756699429e-08,
                    0.9888055920600891,
                    0.14920999109745026,
                    0.17905211448669434
                ],
                [
                    0,
                    0,
                    0,
                    1
                ]
            ]
        },
        {
            "file_path": "001.png",
            "transform_matrix": [
                [
                    -0.08051922172307968,
                    -0.34098485112190247,
                    0.9366142153739929,
                    1.1239370107650757
                ],
                [
                    0.9967531561851501,
                    -0.027545258402824402,
                    0.0756610557436943,
                    0.09079332649707794
                ],
                [
                    -7.0350488101667e-08,
                    0.9396652579307556,
                    0.3420955240726471,
                    0.41051480174064636
                ],
                [
                    0,
                    0,
                    0,
                    1
                ]
            ]
        },
        {
            "file_path": "002.png",
            "transform_matrix": [
                [
                    0.8576189875602722,
                    -0.22111116349697113,
                    0.464326947927475,
                    0.5571922659873962
                ],
                [
                    0.5142855644226074,
                    0.36872339248657227,
                    -0.7743083238601685,
                    -0.9291700124740601
                ],
                [
                    7.992493777919663e-09,
                    0.9028581976890564,
                    0.4299384653568268,
                    0.5159263610839844
                ],
                [
                    0,
                    0,
                    0,
                    1
                ]
            ]
        },
        {
            "file_path": "003.png",
            "transform_matrix": [
                [
                    -0.29688289761543274,
                    0.053071774542331696,
                    -0.9534379839897156,
                    -1.1441255807876587
                ],
                [
                    -0.9549139142036438,
                    -0.01650003343820572,
                    0.296424001455307,
                    0.3557088375091553
                ],
                [
                    1.902238722095717e-08,
                    0.9984543919563293,
                    0.055577509105205536,
                    0.06669296324253082
                ],
                [
                    0,
                    0,
                    0,
                    1
                ]
            ]
        },
        {
            "file_path": "004.png",
            "transform_matrix": [
                [
                    -0.1742439717054367,
                    0.016174206510186195,
                    -0.9845697283744812,
                    -1.1814836263656616
                ],
                [
                    -0.9847025871276855,
                    -0.002862069522961974,
                    0.17422039806842804,
                    0.2090645730495453
                ],
                [
                    4.002315989737326e-08,
                    0.9998651742935181,
                    0.016425395384430885,
                    0.019710596650838852
                ],
                [
                    0,
                    0,
                    0,
                    1
                ]
            ]
        },
        {
            "file_path": "005.png",
            "transform_matrix": [
                [
                    0.9992000460624695,
                    -0.0009049872751347721,
                    0.03998129069805145,
                    0.047977548092603683
                ],
                [
                    0.039991531521081924,
                    0.022611260414123535,
                    -0.9989442229270935,
                    -1.1987330913543701
                ],
                [
                    1.1669927246771294e-09,
                    0.9997439980506897,
                    0.02262936346232891,
                    0.027155468240380287
                ],
                [
                    0,
                    0,
                    0,
                    1
                ]
            ]
        }
    ]
}