{
    "camera_angle_x": 0.8575560450553894,
    "aabb": [
        [
            -0.35,
            -0.35,
            -0.35
        ],
        [
            0.35,
            0.35,
            0.35
        ]
    ],
    "frames": [
        {
            "file_path": "000.png",
            "transform_matrix": [
                [
                    0.9582881927490234,
                    -0.064285509288311,
                    0.2784801125526428,
                    0.33417612314224243
                ],
                [
                    0.28580376505851746,
                    0.21554657816886902,
                    -0.933732271194458,
                    -1.1204787492752075
                ],
                [
                    1.0841944231287926e-08,
                    0.9743752479553223,
                    0.22492876648902893,
                    0.2699147164821625
                ],
                [
                    0,
                    0,
                    0,
                    1
                ]
            ]
        },
        {
            "file_path": "001.png",
            "transform_matrix": [
                [
                    0.81657874584198,
                    0.21960154175758362,
                    -0.5338298678398132,
                    -0.6405957341194153
                ],
                [
                    -0.5772340297698975,
                    0.3106570839881897,
                    -0.7551775574684143,
                    -0.9062129855155945
                ],
                [
                    -9.117414379034017e-08,
                    0.9248067140579224,
                    0.3804374635219574,
                    0.4565252661705017
                ],
                [
                    0,
                    0,
                    0,
                    1
                ]
            ]
        },
        {
            "file_path": "002.png",
            "transform_matrix": [
                [
                    -0.03324287012219429,
                    -0.10261300951242447,
                    0.9941657781600952,
                    1.1929988861083984
                ],
                [
                    0.9994473457336426,
                    -0.003413092577829957,
                    0.033067140728235245,
                    0.039680540561676025
                ],
                [
                    3.3966642831728677e-09,
                    0.9947155714035034,
                    0.10266970098018646,
                    0.1232035905122757
                ],
                [
                    0,
                    0,
                    0,
                    1
                ]
            ]
        },
        {
            "file_path": "003.png",
            "transform_matrix": [
                [
                    0.90024733543396,
                    0.13857410848140717,
                    -0.4127372205257416,
                    -0.49528467655181885
                ],
                [
                    -0.43537890911102295,
                    0.28653427958488464,
                    -0.8534303307533264,
                    -1.0241163969039917
                ],
                [
                    4.2333610394962307e-08,
                    0.9479954838752747,
                    0.31828394532203674,
                    0.3819408118724823
                ],
                [
                    0,
                    0,
                    0,
                    1
                ]
            ]
        },
        {
            "file_path": "004.png",
            "transform_matrix": [
                [
                    0.8738964796066284,
                    -0.11315352469682693,
                    0.4727591574192047,
                    0.5673109889030457
                ],
                [
                    0.4861120879650116,
                    0.20341899991035461,
                    -0.849891722202301,
                    -1.0198700428009033
                ],
                [
                    2.8848514688206706e-09,
                    0.9725313186645508,
                    0.23277242481708527,
                    0.27932700514793396
                ],
                [
                    0,
                    0,
                    0,
                    1
                ]
            ]
        },
        {
            "file_path": "005.png",
            "transform_matrix": [
                [
                    -0.9736524224281311,
                    -0.08202850073575974,
                    0.21277394890785217,
                    0.2553287148475647
                ],
                [
                    0.22803820669651031,
                    -0.35023632645606995,
                    0.9084786176681519,
                    1.0901741981506348
                ],
                [
                    2.8273241525766935e-09,
                    0.9330627918243408,
                    0.35971376299858093,
                    0.43165677785873413
                ],
                [
                    0,
                    0,
                    0,
                    1
                ]
            ]
        }
    ]
}