{
    "camera_angle_x": 0.8575560450553894,
    "aabb": [
        [
            -0.35,
            -0.35,
            -0.35
        ],
        [
            0.35,
            0.35,
            0.35
        ]
    ],
    "frames": [
        {
            "file_path": "000.png",
            "transform_matrix": [
                [
                    -0.06010863557457924,
                    -0.31417274475097656,
                    0.9474610686302185,
                    1.136953353881836
                ],
                [
                    0.9981918334960938,
                    -0.01891872100532055,
                    0.05705373361706734,
                    0.06846453249454498
                ],
                [
                    5.042508632868703e-09,
                    0.9491773247718811,
                    0.3147418200969696,
                    0.3776901960372925
                ],
                [
                    0,
                    0,
                    0,
                    1
                ]
            ]
        },
        {
            "file_path": "001.png",
            "transform_matrix": [
                [
                    -0.376760333776474,
                    0.0005157915293239057,
                    -0.9263107180595398,
                    -1.1115728616714478
                ],
                [
                    -0.9263108968734741,
                    -0.00020979200780857354,
                    0.37676021456718445,
                    0.4521122872829437
                ],
                [
                    6.647107397839136e-08,
                    0.9999999403953552,
                    0.0005567215266637504,
                    0.0006682188832201064
                ],
                [
                    0,
                    0,
                    0,
                    1
                ]
            ]
        },
        {
            "file_path": "002.png",
            "transform_matrix": [
                [
                    -0.3278544843196869,
                    -0.34288981556892395,
                    0.8803057074546814,
                    1.0563668012619019
                ],
                [
                    0.9447283148765564,
                    -0.1189950555562973,
                    0.30549749732017517,
                    0.3665969967842102
                ],
                [
                    -1.3598068449027778e-08,
                    0.9318084120750427,
                    0.3629506826400757,
                    0.43554094433784485
                ],
                [
                    0,
                    0,
                    0,
                    1
                ]
            ]
        },
        {
            "file_path": "003.png",
            "transform_matrix": [
                [
                    0.20915842056274414,
                    -0.29098474979400635,
                    0.9335848689079285,
                    1.1203018426895142
                ],
                [
                    0.9778817892074585,
                    0.062238410115242004,
                    -0.19968384504318237,
                    -0.2396206259727478
                ],
                [
                    7.053890982433586e-08,
                    0.9547011852264404,
                    0.29756632447242737,
                    0.35707956552505493
                ],
                [
                    0,
                    0,
                    0,
                    1
                ]
            ]
        },
        {
            "file_path": "004.png",
            "transform_matrix": [
                [
                    0.12300755828619003,
                    0.37342730164527893,
                    -0.9194679260253906,
                    -1.1033614873886108
                ],
                [
                    -0.9924057722091675,
                    0.04628587141633034,
                    -0.11396702378988266,
                    -0.136760413646698
                ],
                [
                    1.7495765947117548e-09,
                    0.9265040159225464,
                    0.3762848675251007,
                    0.4515419602394104
                ],
                [
                    0,
                    0,
                    0,
                    1
                ]
            ]
        },
        {
            "file_path": "005.png",
            "transform_matrix": [
                [
                    0.9507059454917908,
                    0.058321673423051834,
                    -0.30456000566482544,
                    -0.3654720187187195
                ],
                [
                    -0.31009387969970703,
                    0.17880631983280182,
                    -0.9337398409843445,
                    -1.1204878091812134
                ],
                [
                    -1.4969312900348086e-08,
                    0.9821541905403137,
                    0.1880774199962616,
                    0.22569307684898376
                ],
                [
                    0,
                    0,
                    0,
                    1
                ]
            ]
        }
    ]
}