{
    "camera_angle_x": 0.8575560450553894,
    "aabb": [
        [
            -0.35,
            -0.35,
            -0.35
        ],
        [
            0.35,
            0.35,
            0.35
        ]
    ],
    "frames": [
        {
            "file_path": "000.png",
            "transform_matrix": [
                [
                    -0.9864081144332886,
                    0.024771234020590782,
                    -0.1624365895986557,
                    -0.19492392241954803
                ],
                [
                    -0.16431450843811035,
                    -0.1487060785293579,
                    0.975134551525116,
                    1.170161485671997
                ],
                [
                    -8.748873625563647e-09,
                    0.9885712265968323,
                    0.15075500309467316,
                    0.18090610206127167
                ],
                [
                    0,
                    0,
                    0,
                    1
                ]
            ]
        },
        {
            "file_path": "001.png",
            "transform_matrix": [
                [
                    -0.8200660943984985,
                    0.006044258829206228,
                    -0.5722371339797974,
                    -0.6866844892501831
                ],
                [
                    -0.5722690224647522,
                    -0.008661484345793724,
                    0.8200202584266663,
                    0.9840243458747864
                ],
                [
                    2.486628858378026e-08,
                    0.999944269657135,
                    0.010561826638877392,
                    0.012674356810748577
                ],
                [
                    0,
                    0,
                    0,
                    1
                ]
            ]
        },
        {
            "file_path": "002.png",
            "transform_matrix": [
                [
                    0.9838011264801025,
                    -0.04008147493004799,
                    0.1747249811887741,
                    0.20967000722885132
                ],
                [
                    0.17926333844661713,
                    0.21996796131134033,
                    -0.9588945508003235,
                    -1.150673508644104
                ],
                [
                    4.722600088769013e-09,
                    0.9746833443641663,
                    0.22358986735343933,
                    0.2683078944683075
                ],
                [
                    0,
                    0,
                    0,
                    1
                ]
            ]
        },
        {
            "file_path": "003.png",
            "transform_matrix": [
                [
                    -0.849200963973999,
                    0.07698404043912888,
                    -0.522428572177887,
                    -0.6269142627716064
                ],
                [
                    -0.5280702114105225,
                    -0.12379972636699677,
                    0.8401284217834473,
                    1.0081539154052734
                ],
                [
                    3.308949203528755e-08,
                    0.9893166422843933,
                    0.14578355848789215,
                    0.17494063079357147
                ],
                [
                    0,
                    0,
                    0,
                    1
                ]
            ]
        },
        {
            "file_path": "004.png",
            "transform_matrix": [
                [
                    0.17214755713939667,
                    0.2944890558719635,
                    -0.9400221109390259,
                    -1.1280264854431152
                ],
                [
                    -0.9850712418556213,
                    0.05146373063325882,
                    -0.16427500545978546,
                    -0.1971300095319748
                ],
                [
                    -8.846291166264564e-08,
                    0.954268217086792,
                    0.29895198345184326,
                    0.35874247550964355
                ],
                [
                    0,
                    0,
                    0,
                    1
                ]
            ]
        },
        {
            "file_path": "005.png",
            "transform_matrix": [
                [
                    -0.12668156623840332,
                    0.25279146432876587,
                    -0.9591915607452393,
                    -1.1510298252105713
                ],
                [
                    -0.9919435381889343,
                    -0.03228418529033661,
                    0.12249872088432312,
                    0.1469983607530594
                ],
                [
                    -8.709125864925227e-09,
                    0.9669820666313171,
                    0.2548445761203766,
                    0.305813729763031
                ],
                [
                    0,
                    0,
                    0,
                    1
                ]
            ]
        }
    ]
}