{
    "camera_angle_x": 0.8575560450553894,
    "aabb": [
        [
            -0.35,
            -0.35,
            -0.35
        ],
        [
            0.35,
            0.35,
            0.35
        ]
    ],
    "frames": [
        {
            "file_path": "000.png",
            "transform_matrix": [
                [
                    0.845721960067749,
                    0.10066467523574829,
                    -0.5240429639816284,
                    -0.628851592540741
                ],
                [
                    -0.5336238741874695,
                    0.1595398485660553,
                    -0.8305375576019287,
                    -0.9966450929641724
                ],
                [
                    -3.887300081828471e-08,
                    0.9820457100868225,
                    0.1886434108018875,
                    0.22637225687503815
                ],
                [
                    0,
                    0,
                    0,
                    1
                ]
            ]
        },
        {
            "file_path": "001.png",
            "transform_matrix": [
                [
                    -0.32377129793167114,
                    0.10940825194120407,
                    -0.939788281917572,
                    -1.1277459859848022
                ],
                [
                    -0.946135401725769,
                    -0.037439968436956406,
                    0.3215992748737335,
                    0.38591906428337097
                ],
                [
                    -1.9703421116901154e-09,
                    0.9932915568351746,
                    0.11563696712255478,
                    0.1387643665075302
                ],
                [
                    0,
                    0,
                    0,
                    1
                ]
            ]
        },
        {
            "file_path": "002.png",
            "transform_matrix": [
                [
                    -0.9878660440444946,
                    0.03410350903868675,
                    -0.1515183448791504,
                    -0.1818220168352127
                ],
                [
                    -0.15530890226364136,
                    -0.2169206142425537,
                    0.9637554883956909,
                    1.1565066576004028
                ],
                [
                    -5.466009866950117e-10,
                    0.9755933880805969,
                    0.21958498656749725,
                    0.2635020911693573
                ],
                [
                    0,
                    0,
                    0,
                    1
                ]
            ]
        },
        {
            "file_path": "003.png",
            "transform_matrix": [
                [
                    0.8461421132087708,
                    0.2003394067287445,
                    -0.4938700795173645,
                    -0.5926440358161926
                ],
                [
                    -0.5329573154449463,
                    0.31806597113609314,
                    -0.7840858697891235,
                    -0.9409029483795166
                ],
                [
                    9.79234471287782e-10,
                    0.9266597628593445,
                    0.37590134143829346,
                    0.4510818123817444
                ],
                [
                    0,
                    0,
                    0,
                    1
                ]
            ]
        },
        {
            "file_path": "004.png",
            "transform_matrix": [
                [
                    0.08034225553274155,
                    -0.43017998337745667,
                    0.8991609811782837,
                    1.0789932012557983
                ],
                [
                    0.9967674612998962,
                    0.034673675894737244,
                    -0.07247499376535416,
                    -0.0869700238108635
                ],
                [
                    -2.2185663084428597e-08,
                    0.9020771384239197,
                    0.4315750300884247,
                    0.5178900957107544
                ],
                [
                    0,
                    0,
                    0,
                    1
                ]
            ]
        },
        {
            "file_path": "005.png",
            "transform_matrix": [
                [
                    -0.6094324588775635,
                    0.2846306264400482,
                    -0.7399848103523254,
                    -0.8879818916320801
                ],
                [
                    -0.7928379774093628,
                    -0.21878761053085327,
                    0.5688056349754333,
                    0.68256676197052
                ],
                [
                    -2.3589521447320294e-09,
                    0.9333366751670837,
                    0.3590022623538971,
                    0.4308026134967804
                ],
                [
                    0,
                    0,
                    0,
                    1
                ]
            ]
        }
    ]
}