{
    "camera_angle_x": 0.8575560450553894,
    "aabb": [
        [
            -0.35,
            -0.35,
            -0.35
        ],
        [
            0.35,
            0.35,
            0.35
        ]
    ],
    "frames": [
        {
            "file_path": "000.png",
            "transform_matrix": [
                [
                    -0.9645910263061523,
                    0.09967450052499771,
                    -0.24419072270393372,
                    -0.293028861284256
                ],
                [
                    -0.2637501060962677,
                    -0.36453118920326233,
                    0.8930581212043762,
                    1.0716698169708252
                ],
                [
                    -1.4423280347841683e-08,
                    0.925841212272644,
                    0.3779127299785614,
                    0.4534952938556671
                ],
                [
                    0,
                    0,
                    0,
                    1
                ]
            ]
        },
        {
            "file_path": "001.png",
            "transform_matrix": [
                [
                    -0.8214136958122253,
                    0.15824393928050995,
                    -0.5479403138160706,
                    -0.6575284004211426
                ],
                [
                    -0.5703330039978027,
                    -0.22790847718715668,
                    0.7891629338264465,
                    0.9469954371452332
                ],
                [
                    3.384105440318308e-08,
                    0.9607375860214233,
                    0.2774587571620941,
                    0.3329506516456604
                ],
                [
                    0,
                    0,
                    0,
                    1
                ]
            ]
        },
        {
            "file_path": "002.png",
            "transform_matrix": [
                [
                    0.38048055768013,
                    -0.1507805585861206,
                    0.9124143123626709,
                    1.0948970317840576
                ],
                [
                    0.9247890114784241,
                    0.06203458830714226,
                    -0.3753894567489624,
                    -0.4504673182964325
                ],
                [
                    8.858035727143942e-08,
                    0.9866190552711487,
                    0.1630430817604065,
                    0.1956517994403839
                ],
                [
                    0,
                    0,
                    0,
                    1
                ]
            ]
        },
        {
            "file_path": "003.png",
            "transform_matrix": [
                [
                    -0.9993748068809509,
                    -0.014926726929843426,
                    0.0320507176220417,
                    0.0384608618915081
                ],
                [
                    0.035356126725673676,
                    -0.42191821336746216,
                    0.905944287776947,
                    1.0871331691741943
                ],
                [
                    -2.667576382009429e-09,
                    0.9065110683441162,
                    0.4221821129322052,
                    0.5066186785697937
                ],
                [
                    0,
                    0,
                    0,
                    1
                ]
            ]
        },
        {
            "file_path": "004.png",
            "transform_matrix": [
                [
                    -0.28573328256607056,
                    0.3132762014865875,
                    -0.9056569933891296,
                    -1.0867884159088135
                ],
                [
                    -0.9583092331886292,
                    -0.09340769052505493,
                    0.2700342535972595,
                    0.3240411579608917
                ],
                [
                    8.027043918445997e-09,
                    0.945057213306427,
                    0.32690510153770447,
                    0.3922862112522125
                ],
                [
                    0,
                    0,
                    0,
                    1
                ]
            ]
        },
        {
            "file_path": "005.png",
            "transform_matrix": [
                [
                    -0.8364777565002441,
                    -0.2641020715236664,
                    0.4801616072654724,
                    0.5761939883232117
                ],
                [
                    0.5480009913444519,
                    -0.40312984585762024,
                    0.7329265475273132,
                    0.8795118927955627
                ],
                [
                    3.9044319777303826e-08,
                    0.8762057423591614,
                    0.4819372296333313,
                    0.5783246159553528
                ],
                [
                    0,
                    0,
                    0,
                    1
                ]
            ]
        }
    ]
}