{
    "camera_angle_x": 0.8575560450553894,
    "aabb": [
        [
            -0.35,
            -0.35,
            -0.35
        ],
        [
            0.35,
            0.35,
            0.35
        ]
    ],
    "frames": [
        {
            "file_path": "000.png",
            "transform_matrix": [
                [
                    0.8786579370498657,
                    -0.08273554593324661,
                    0.47022876143455505,
                    0.5642744898796082
                ],
                [
                    0.4774518311023712,
                    0.1522587537765503,
                    -0.8653653264045715,
                    -1.038438320159912
                ],
                [
                    -1.4834117934015012e-08,
                    0.9848716855049133,
                    0.1732855886220932,
                    0.20794278383255005
                ],
                [
                    0,
                    0,
                    0,
                    1
                ]
            ]
        },
        {
            "file_path": "001.png",
            "transform_matrix": [
                [
                    -0.4642335772514343,
                    -0.39521604776382446,
                    0.7926485538482666,
                    0.9511781334877014
                ],
                [
                    0.8857129216194153,
                    -0.2071467936038971,
                    0.415455162525177,
                    0.49854621291160583
                ],
                [
                    -8.790593142293801e-09,
                    0.8949272036552429,
                    0.4462122917175293,
                    0.5354548692703247
                ],
                [
                    0,
                    0,
                    0,
                    1
                ]
            ]
        },
        {
            "file_path": "002.png",
            "transform_matrix": [
                [
                    -0.6779671311378479,
                    0.2670118510723114,
                    -0.6848833560943604,
                    -0.8218600749969482
                ],
                [
                    -0.7350922226905823,
                    -0.24626193940639496,
                    0.6316601037979126,
                    0.757992148399353
                ],
                [
                    2.7176589867394796e-08,
                    0.9316972494125366,
                    0.36323583126068115,
                    0.4358830749988556
                ],
                [
                    0,
                    0,
                    0,
                    1
                ]
            ]
        },
        {
            "file_path": "003.png",
            "transform_matrix": [
                [
                    -0.23583580553531647,
                    -0.47613444924354553,
                    0.8471584320068359,
                    1.0165901184082031
                ],
                [
                    0.9717928767204285,
                    -0.11554884165525436,
                    0.2055893838405609,
                    0.24670730531215668
                ],
                [
                    -2.8394637752171548e-09,
                    0.8717479109764099,
                    0.4899546504020691,
                    0.5879456996917725
                ],
                [
                    0,
                    0,
                    0,
                    1
                ]
            ]
        },
        {
            "file_path": "004.png",
            "transform_matrix": [
                [
                    0.8921740055084229,
                    0.18799038231372833,
                    -0.4107130169868469,
                    -0.49285560846328735
                ],
                [
                    -0.4516918957233429,
                    0.37131527066230774,
                    -0.8112332820892334,
                    -0.9734799861907959
                ],
                [
                    -1.3428739009668789e-08,
                    0.9092769622802734,
                    0.41619157791137695,
                    0.4994299113750458
                ],
                [
                    0,
                    0,
                    0,
                    1
                ]
            ]
        },
        {
            "file_path": "005.png",
            "transform_matrix": [
                [
                    -0.2831583023071289,
                    -0.45455625653266907,
                    0.8445117473602295,
                    1.0134141445159912
                ],
                [
                    0.9590732455253601,
                    -0.13420389592647552,
                    0.24933497607707977,
                    0.29920196533203125
                ],
                [
                    -5.1908507714415464e-08,
                    0.8805498480796814,
                    0.47395357489585876,
                    0.5687443017959595
                ],
                [
                    0,
                    0,
                    0,
                    1
                ]
            ]
        }
    ]
}