{
    "camera_angle_x": 0.8575560450553894,
    "aabb": [
        [
            -0.35,
            -0.35,
            -0.35
        ],
        [
            0.35,
            0.35,
            0.35
        ]
    ],
    "frames": [
        {
            "file_path": "000.png",
            "transform_matrix": [
                [
                    -0.9158065915107727,
                    0.18189403414726257,
                    -0.3580685257911682,
                    -0.42968225479125977
                ],
                [
                    -0.4016198515892029,
                    -0.4147696793079376,
                    0.8164972066879272,
                    0.9797965884208679
                ],
                [
                    1.0993088217503555e-08,
                    0.8915609121322632,
                    0.4529009163379669,
                    0.543481171131134
                ],
                [
                    0,
                    0,
                    0,
                    1
                ]
            ]
        },
        {
            "file_path": "001.png",
            "transform_matrix": [
                [
                    0.9184988737106323,
                    -0.14002208411693573,
                    0.36980220675468445,
                    0.4437626600265503
                ],
                [
                    0.39542362093925476,
                    0.3252464234828949,
                    -0.8589848279953003,
                    -1.030781865119934
                ],
                [
                    6.5067977672583766e-09,
                    0.9352051019668579,
                    0.35410651564598083,
                    0.42492780089378357
                ],
                [
                    0,
                    0,
                    0,
                    1
                ]
            ]
        },
        {
            "file_path": "002.png",
            "transform_matrix": [
                [
                    0.9515388011932373,
                    -0.12081810086965561,
                    0.2828018069267273,
                    0.33936217427253723
                ],
                [
                    0.30752864480018616,
                    0.3738289177417755,
                    -0.8750303387641907,
                    -1.0500364303588867
                ],
                [
                    8.349189783984912e-09,
                    0.9195950031280518,
                    0.3928677439689636,
                    0.4714413583278656
                ],
                [
                    0,
                    0,
                    0,
                    1
                ]
            ]
        },
        {
            "file_path": "003.png",
            "transform_matrix": [
                [
                    -0.8073810338973999,
                    -0.2629028856754303,
                    0.5282212495803833,
                    0.6338655352592468
                ],
                [
                    0.5900301933288574,
                    -0.3597490191459656,
                    0.7228034734725952,
                    0.8673642873764038
                ],
                [
                    4.085537241849124e-09,
                    0.8952444195747375,
                    0.4455753266811371,
                    0.5346903800964355
                ],
                [
                    0,
                    0,
                    0,
                    1
                ]
            ]
        },
        {
            "file_path": "004.png",
            "transform_matrix": [
                [
                    -0.4854801297187805,
                    0.4208422303199768,
                    -0.7662904262542725,
                    -0.9195484519004822
                ],
                [
                    -0.8742477893829346,
                    -0.23369865119457245,
                    0.4255301058292389,
                    0.5106360912322998
                ],
                [
                    3.645600088475476e-08,
                    0.8765140771865845,
                    0.4813763201236725,
                    0.5776517391204834
                ],
                [
                    0,
                    0,
                    0,
                    1
                ]
            ]
        },
        {
            "file_path": "005.png",
            "transform_matrix": [
                [
                    -0.5103659629821777,
                    -0.0361189991235733,
                    0.8591985702514648,
                    1.0310382843017578
                ],
                [
                    0.8599573969841003,
                    -0.02143584005534649,
                    0.5099155306816101,
                    0.61189866065979
                ],
                [
                    -3.3682812983215626e-08,
                    0.9991176128387451,
                    0.04200085252523422,
                    0.05040113627910614
                ],
                [
                    0,
                    0,
                    0,
                    1
                ]
            ]
        }
    ]
}