{
    "camera_angle_x": 0.8575560450553894,
    "aabb": [
        [
            -0.35,
            -0.35,
            -0.35
        ],
        [
            0.35,
            0.35,
            0.35
        ]
    ],
    "frames": [
        {
            "file_path": "000.png",
            "transform_matrix": [
                [
                    0.1496555358171463,
                    -0.45976459980010986,
                    0.8753397464752197,
                    1.0504077672958374
                ],
                [
                    0.9887381792068481,
                    0.06959008425474167,
                    -0.13249149918556213,
                    -0.15898987650871277
                ],
                [
                    -6.303125843487578e-08,
                    0.8853099346160889,
                    0.4650013744831085,
                    0.5580015778541565
                ],
                [
                    0,
                    0,
                    0,
                    1
                ]
            ]
        },
        {
            "file_path": "001.png",
            "transform_matrix": [
                [
                    0.5918121337890625,
                    -0.2674455940723419,
                    0.7604151368141174,
                    0.9124982953071594
                ],
                [
                    0.8060758709907532,
                    0.1963556557893753,
                    -0.5582884550094604,
                    -0.6699462532997131
                ],
                [
                    1.5142116893684943e-08,
                    0.9433542490005493,
                    0.3317871391773224,
                    0.39814454317092896
                ],
                [
                    0,
                    0,
                    0,
                    1
                ]
            ]
        },
        {
            "file_path": "002.png",
            "transform_matrix": [
                [
                    -0.12983150780200958,
                    -0.12298309057950974,
                    0.9838796257972717,
                    1.1806554794311523
                ],
                [
                    0.9915361404418945,
                    -0.016103388741612434,
                    0.12882891297340393,
                    0.15459465980529785
                ],
                [
                    -4.082916404968273e-08,
                    0.9922781586647034,
                    0.12403282523155212,
                    0.14883951842784882
                ],
                [
                    0,
                    0,
                    0,
                    1
                ]
            ]
        },
        {
            "file_path": "003.png",
            "transform_matrix": [
                [
                    -0.163821741938591,
                    0.023234320804476738,
                    -0.9862164258956909,
                    -1.1834596395492554
                ],
                [
                    -0.9864900708198547,
                    -0.0038584531284868717,
                    0.1637762039899826,
                    0.19653156399726868
                ],
                [
                    4.885156101863686e-08,
                    0.9997227191925049,
                    0.023552415892481804,
                    0.028263065963983536
                ],
                [
                    0,
                    0,
                    0,
                    1
                ]
            ]
        },
        {
            "file_path": "004.png",
            "transform_matrix": [
                [
                    0.330127477645874,
                    -0.019145948812365532,
                    0.9437422156333923,
                    1.132490634918213
                ],
                [
                    0.9439364075660706,
                    0.006695913150906563,
                    -0.33005958795547485,
                    -0.39607152342796326
                ],
                [
                    4.722739532780906e-08,
                    0.9997943043708801,
                    0.020283032208681107,
                    0.024339789524674416
                ],
                [
                    0,
                    0,
                    0,
                    1
                ]
            ]
        },
        {
            "file_path": "005.png",
            "transform_matrix": [
                [
                    0.6620358824729919,
                    -0.3044339418411255,
                    0.6848565340042114,
                    0.8218278884887695
                ],
                [
                    0.7494721412658691,
                    0.2689174711704254,
                    -0.6049585938453674,
                    -0.7259503602981567
                ],
                [
                    1.7284381925719572e-08,
                    0.9137852191925049,
                    0.40619775652885437,
                    0.48743736743927
                ],
                [
                    0,
                    0,
                    0,
                    1
                ]
            ]
        }
    ]
}