{
    "camera_angle_x": 0.8575560450553894,
    "aabb": [
        [
            -0.35,
            -0.35,
            -0.35
        ],
        [
            0.35,
            0.35,
            0.35
        ]
    ],
    "frames": [
        {
            "file_path": "000.png",
            "transform_matrix": [
                [
                    0.6164978742599487,
                    0.3761007785797119,
                    -0.6917214393615723,
                    -0.8300657868385315
                ],
                [
                    -0.7873565554618835,
                    0.29448580741882324,
                    -0.541615903377533,
                    -0.6499391198158264
                ],
                [
                    1.6532313296124812e-08,
                    0.8785365223884583,
                    0.47767528891563416,
                    0.5732102394104004
                ],
                [
                    0,
                    0,
                    0,
                    1
                ]
            ]
        },
        {
            "file_path": "001.png",
            "transform_matrix": [
                [
                    -0.30592092871665955,
                    -0.18175838887691498,
                    0.934546172618866,
                    1.1214553117752075
                ],
                [
                    0.9520570635795593,
                    -0.058403756469488144,
                    0.3002941310405731,
                    0.36035293340682983
                ],
                [
                    -7.789194000906718e-08,
                    0.9816074371337891,
                    0.19091111421585083,
                    0.22909344732761383
                ],
                [
                    0,
                    0,
                    0,
                    1
                ]
            ]
        },
        {
            "file_path": "002.png",
            "transform_matrix": [
                [
                    0.808648407459259,
                    0.002818770008161664,
                    -0.588285505771637,
                    -0.7059425711631775
                ],
                [
                    -0.5882922410964966,
                    0.0038745056372135878,
                    -0.8086391091346741,
                    -0.9703670144081116
                ],
                [
                    -4.484133242499411e-08,
                    0.9999885559082031,
                    0.0047913710586726665,
                    0.005749677307903767
                ],
                [
                    0,
                    0,
                    0,
                    1
                ]
            ]
        },
        {
            "file_path": "003.png",
            "transform_matrix": [
                [
                    0.37020137906074524,
                    -0.08809710294008255,
                    0.9247646927833557,
                    1.1097177267074585
                ],
                [
                    0.9289515018463135,
                    0.035108134150505066,
                    -0.36853283643722534,
                    -0.442239373922348
                ],
                [
                    -4.2216090179181265e-08,
                    0.9954929351806641,
                    0.09483505040407181,
                    0.11380190402269363
                ],
                [
                    0,
                    0,
                    0,
                    1
                ]
            ]
        },
        {
            "file_path": "004.png",
            "transform_matrix": [
                [
                    -0.7887243032455444,
                    -0.2916216552257538,
                    0.5411755442619324,
                    0.6494105458259583
                ],
                [
                    0.6147472262382507,
                    -0.3741523027420044,
                    0.6943313479423523,
                    0.8331975936889648
                ],
                [
                    -2.7740604480186448e-08,
                    0.8803220987319946,
                    0.47437649965286255,
                    0.5692519545555115
                ],
                [
                    0,
                    0,
                    0,
                    1
                ]
            ]
        },
        {
            "file_path": "005.png",
            "transform_matrix": [
                [
                    -0.933101236820221,
                    0.15356190502643585,
                    -0.3251781165599823,
                    -0.3902137577533722
                ],
                [
                    -0.3596137762069702,
                    -0.39845195412635803,
                    0.8437499403953552,
                    1.0124999284744263
                ],
                [
                    -4.6345087767463156e-09,
                    0.9042426347732544,
                    0.42701900005340576,
                    0.5124228000640869
                ],
                [
                    0,
                    0,
                    0,
                    1
                ]
            ]
        }
    ]
}