{
    "camera_angle_x": 0.8575560450553894,
    "aabb": [
        [
            -0.35,
            -0.35,
            -0.35
        ],
        [
            0.35,
            0.35,
            0.35
        ]
    ],
    "frames": [
        {
            "file_path": "000.png",
            "transform_matrix": [
                [
                    -0.4770701825618744,
                    -0.08821354806423187,
                    0.874427080154419,
                    1.0493124723434448
                ],
                [
                    0.8788653612136841,
                    -0.047884583473205566,
                    0.47466087341308594,
                    0.5695929527282715
                ],
                [
                    -3.650725588499881e-08,
                    0.9949500560760498,
                    0.10037197172641754,
                    0.1204465851187706
                ],
                [
                    0,
                    0,
                    0,
                    1
                ]
            ]
        },
        {
            "file_path": "001.png",
            "transform_matrix": [
                [
                    0.8121526837348938,
                    -0.07518523931503296,
                    0.5785803198814392,
                    0.6942964196205139
                ],
                [
                    0.5834449529647827,
                    0.10465739667415619,
                    -0.8053812980651855,
                    -0.9664574265480042
                ],
                [
                    -1.1692439016997014e-08,
                    0.9916623830795288,
                    0.12886421382427216,
                    0.1546371728181839
                ],
                [
                    0,
                    0,
                    0,
                    1
                ]
            ]
        },
        {
            "file_path": "002.png",
            "transform_matrix": [
                [
                    -0.8780756592750549,
                    0.007432234473526478,
                    -0.47846418619155884,
                    -0.5741570591926575
                ],
                [
                    -0.4785218834877014,
                    -0.013638053089380264,
                    0.8779697418212891,
                    1.0535637140274048
                ],
                [
                    -3.745561016899046e-08,
                    0.9998793601989746,
                    0.015531706623733044,
                    0.018638016656041145
                ],
                [
                    0,
                    0,
                    0,
                    1
                ]
            ]
        },
        {
            "file_path": "003.png",
            "transform_matrix": [
                [
                    0.32866448163986206,
                    0.10536272078752518,
                    -0.9385513067245483,
                    -1.1262613534927368
                ],
                [
                    -0.944446861743927,
                    0.03666580468416214,
                    -0.32661303877830505,
                    -0.39193567633628845
                ],
                [
                    7.599149398629379e-08,
                    0.9937578439712524,
                    0.11156009882688522,
                    0.13387222588062286
                ],
                [
                    0,
                    0,
                    0,
                    1
                ]
            ]
        },
        {
            "file_path": "004.png",
            "transform_matrix": [
                [
                    0.11274940520524979,
                    -0.33474022150039673,
                    0.9355409741401672,
                    1.1226489543914795
                ],
                [
                    0.993623673915863,
                    0.037983860820531845,
                    -0.1061587929725647,
                    -0.1273905634880066
                ],
                [
                    -5.882261078227202e-08,
                    0.9415448307991028,
                    0.3368881940841675,
                    0.4042661488056183
                ],
                [
                    0,
                    0,
                    0,
                    1
                ]
            ]
        },
        {
            "file_path": "005.png",
            "transform_matrix": [
                [
                    0.3784520626068115,
                    0.4338104724884033,
                    -0.8176689743995667,
                    -0.9812027215957642
                ],
                [
                    -0.9256209135055542,
                    0.17736901342868805,
                    -0.3343145549297333,
                    -0.4011774957180023
                ],
                [
                    2.734747894805878e-08,
                    0.8833735585212708,
                    0.46866968274116516,
                    0.562403678894043
                ],
                [
                    0,
                    0,
                    0,
                    1
                ]
            ]
        }
    ]
}