{
    "camera_angle_x": 0.8575560450553894,
    "aabb": [
        [
            -0.35,
            -0.35,
            -0.35
        ],
        [
            0.35,
            0.35,
            0.35
        ]
    ],
    "frames": [
        {
            "file_path": "000.png",
            "transform_matrix": [
                [
                    0.4252277910709381,
                    0.14775480329990387,
                    -0.8929445743560791,
                    -1.071533441543579
                ],
                [
                    -0.9050864577293396,
                    0.06941799074411392,
                    -0.4195235073566437,
                    -0.5034281015396118
                ],
                [
                    -2.0996612448698215e-08,
                    0.9865850210189819,
                    0.163249209523201,
                    0.1958991438150406
                ],
                [
                    0,
                    0,
                    0,
                    1
                ]
            ]
        },
        {
            "file_path": "001.png",
            "transform_matrix": [
                [
                    0.09278139472007751,
                    -0.36132127046585083,
                    0.9278138875961304,
                    1.1133766174316406
                ],
                [
                    0.9956865310668945,
                    0.03366909176111221,
                    -0.08645682036876678,
                    -0.10374817997217178
                ],
                [
                    2.1705560016016534e-08,
                    0.9318333268165588,
                    0.36288654804229736,
                    0.43546393513679504
                ],
                [
                    0,
                    0,
                    0,
                    1
                ]
            ]
        },
        {
            "file_path": "002.png",
            "transform_matrix": [
                [
                    0.09986981004476547,
                    0.3182027339935303,
                    -0.9427476525306702,
                    -1.1312971115112305
                ],
                [
                    -0.9950005412101746,
                    0.03193844482302666,
                    -0.09462516754865646,
                    -0.11355035752058029
                ],
                [
                    -3.990341213011561e-08,
                    0.9474846124649048,
                    0.3198015093803406,
                    0.3837619721889496
                ],
                [
                    0,
                    0,
                    0,
                    1
                ]
            ]
        },
        {
            "file_path": "003.png",
            "transform_matrix": [
                [
                    -0.3854553997516632,
                    0.28983020782470703,
                    -0.8760266900062561,
                    -1.0512319803237915
                ],
                [
                    -0.922726571559906,
                    -0.12107226997613907,
                    0.3659471869468689,
                    0.43913671374320984
                ],
                [
                    7.07686780287986e-08,
                    0.9493893384933472,
                    0.3141018748283386,
                    0.3769223988056183
                ],
                [
                    0,
                    0,
                    0,
                    1
                ]
            ]
        },
        {
            "file_path": "004.png",
            "transform_matrix": [
                [
                    0.2658992409706116,
                    0.3596707284450531,
                    -0.8943907022476196,
                    -1.0732686519622803
                ],
                [
                    -0.964000940322876,
                    0.09920742362737656,
                    -0.24669885635375977,
                    -0.2960387170314789
                ],
                [
                    -4.655743168768822e-08,
                    0.9277904033660889,
                    0.37310194969177246,
                    0.44772258400917053
                ],
                [
                    0,
                    0,
                    0,
                    1
                ]
            ]
        },
        {
            "file_path": "005.png",
            "transform_matrix": [
                [
                    -0.1665453463792801,
                    -0.37344205379486084,
                    0.9125807881355286,
                    1.0950969457626343
                ],
                [
                    0.9860337972640991,
                    -0.0630759745836258,
                    0.15413880348205566,
                    0.1849665641784668
                ],
                [
                    7.1373094101545576e-09,
                    0.925506591796875,
                    0.37873148918151855,
                    0.45447781682014465
                ],
                [
                    0,
                    0,
                    0,
                    1
                ]
            ]
        }
    ]
}