{
    "camera_angle_x": 0.8575560450553894,
    "aabb": [
        [
            -0.35,
            -0.35,
            -0.35
        ],
        [
            0.35,
            0.35,
            0.35
        ]
    ],
    "frames": [
        {
            "file_path": "000.png",
            "transform_matrix": [
                [
                    -0.4140643775463104,
                    0.25488871335983276,
                    -0.873832106590271,
                    -1.0485985279083252
                ],
                [
                    -0.9102476835250854,
                    -0.11594685912132263,
                    0.3974991738796234,
                    0.47699907422065735
                ],
                [
                    5.2589044230444415e-09,
                    0.959993839263916,
                    0.28002122044563293,
                    0.33602553606033325
                ],
                [
                    0,
                    0,
                    0,
                    1
                ]
            ]
        },
        {
            "file_path": "001.png",
            "transform_matrix": [
                [
                    0.48705124855041504,
                    0.06683149188756943,
                    -0.8708126544952393,
                    -1.0449751615524292
                ],
                [
                    -0.8733733892440796,
                    0.03726964071393013,
                    -0.48562324047088623,
                    -0.5827478766441345
                ],
                [
                    -1.6724321483252425e-08,
                    0.9970679879188538,
                    0.07652104645967484,
                    0.09182536602020264
                ],
                [
                    0,
                    0,
                    0,
                    1
                ]
            ]
        },
        {
            "file_path": "002.png",
            "transform_matrix": [
                [
                    0.9646640419960022,
                    -0.06389645487070084,
                    0.2556179165840149,
                    0.30674150586128235
                ],
                [
                    0.2634829580783844,
                    0.23393769562244415,
                    -0.9358685612678528,
                    -1.1230422258377075
                ],
                [
                    -6.59075460873737e-10,
                    0.9701497554779053,
                    0.24250690639019012,
                    0.2910084128379822
                ],
                [
                    0,
                    0,
                    0,
                    1
                ]
            ]
        },
        {
            "file_path": "003.png",
            "transform_matrix": [
                [
                    0.30697453022003174,
                    0.43877363204956055,
                    -0.8445379734039307,
                    -1.0134456157684326
                ],
                [
                    -0.9517177939414978,
                    0.14152544736862183,
                    -0.2724039554595947,
                    -0.32688474655151367
                ],
                [
                    -1.356764300908253e-08,
                    0.8873828649520874,
                    0.46103331446647644,
                    0.5532400608062744
                ],
                [
                    0,
                    0,
                    0,
                    1
                ]
            ]
        },
        {
            "file_path": "004.png",
            "transform_matrix": [
                [
                    -0.9975805282592773,
                    0.029194509610533714,
                    -0.06309352070093155,
                    -0.07571222633123398
                ],
                [
                    -0.06952058523893356,
                    -0.4189244508743286,
                    0.9053558707237244,
                    1.0864269733428955
                ],
                [
                    1.673632787912993e-09,
                    0.907551646232605,
                    0.4199405014514923,
                    0.5039286613464355
                ],
                [
                    0,
                    0,
                    0,
                    1
                ]
            ]
        },
        {
            "file_path": "005.png",
            "transform_matrix": [
                [
                    -0.11705433577299118,
                    0.26499396562576294,
                    -0.9571188688278198,
                    -1.1485426425933838
                ],
                [
                    -0.9931254982948303,
                    -0.031233470886945724,
                    0.1128104031085968,
                    0.1353725641965866
                ],
                [
                    -6.0771441212637e-08,
                    0.9637441039085388,
                    0.2668282687664032,
                    0.3201940357685089
                ],
                [
                    0,
                    0,
                    0,
                    1
                ]
            ]
        }
    ]
}