{
    "camera_angle_x": 0.8575560450553894,
    "aabb": [
        [
            -0.35,
            -0.35,
            -0.35
        ],
        [
            0.35,
            0.35,
            0.35
        ]
    ],
    "frames": [
        {
            "file_path": "000.png",
            "transform_matrix": [
                [
                    0.45244041085243225,
                    -0.3919718563556671,
                    0.8010342121124268,
                    0.9612410068511963
                ],
                [
                    0.8917946815490723,
                    0.19886167347431183,
                    -0.4063943922519684,
                    -0.48767322301864624
                ],
                [
                    7.008535618524547e-08,
                    0.8982272744178772,
                    0.4395314157009125,
                    0.5274378061294556
                ],
                [
                    0,
                    0,
                    0,
                    1
                ]
            ]
        },
        {
            "file_path": "001.png",
            "transform_matrix": [
                [
                    -0.008106294088065624,
                    -0.21434664726257324,
                    0.9767241477966309,
                    1.1720688343048096
                ],
                [
                    0.9999672174453735,
                    -0.0017376038013026118,
                    0.007917791604995728,
                    0.00950128398835659
                ],
                [
                    -9.252424604255793e-08,
                    0.97675621509552,
                    0.21435359120368958,
                    0.257224440574646
                ],
                [
                    0,
                    0,
                    0,
                    1
                ]
            ]
        },
        {
            "file_path": "002.png",
            "transform_matrix": [
                [
                    -0.8740281462669373,
                    0.018461603671312332,
                    -0.4855246841907501,
                    -0.5826295614242554
                ],
                [
                    -0.48587554693222046,
                    -0.03321013227105141,
                    0.8733969330787659,
                    1.0480762720108032
                ],
                [
                    3.4516389746386267e-09,
                    0.9992779493331909,
                    0.03799649327993393,
                    0.04559605196118355
                ],
                [
                    0,
                    0,
                    0,
                    1
                ]
            ]
        },
        {
            "file_path": "003.png",
            "transform_matrix": [
                [
                    -0.9465013146400452,
                    -0.04902711883187294,
                    0.31895437836647034,
                    0.38274526596069336
                ],
                [
                    0.3227004110813141,
                    -0.1437997817993164,
                    0.9355139136314392,
                    1.1226166486740112
                ],
                [
                    -5.8707714245542775e-09,
                    0.9883916974067688,
                    0.15192757546901703,
                    0.18231332302093506
                ],
                [
                    0,
                    0,
                    0,
                    1
                ]
            ]
        },
        {
            "file_path": "004.png",
            "transform_matrix": [
                [
                    -0.023466847836971283,
                    -0.09202206879854202,
                    0.995480477809906,
                    1.1945765018463135
                ],
                [
                    0.9997246861457825,
                    -0.002160059055313468,
                    0.023367173969745636,
                    0.028040645644068718
                ],
                [
                    -5.2902173308666534e-08,
                    0.9957546591758728,
                    0.09204735606908798,
                    0.11045701056718826
                ],
                [
                    0,
                    0,
                    0,
                    1
                ]
            ]
        },
        {
            "file_path": "005.png",
            "transform_matrix": [
                [
                    0.9463410973548889,
                    0.1486373245716095,
                    -0.2869590222835541,
                    -0.3443509340286255
                ],
                [
                    -0.3231695294380188,
                    0.4352564811706543,
                    -0.8403054475784302,
                    -1.0083667039871216
                ],
                [
                    1.2704992613521426e-08,
                    0.8879519701004028,
                    0.45993614196777344,
                    0.5519232749938965
                ],
                [
                    0,
                    0,
                    0,
                    1
                ]
            ]
        }
    ]
}