{
    "camera_angle_x": 0.8575560450553894,
    "aabb": [
        [
            -0.35,
            -0.35,
            -0.35
        ],
        [
            0.35,
            0.35,
            0.35
        ]
    ],
    "frames": [
        {
            "file_path": "000.png",
            "transform_matrix": [
                [
                    0.465700626373291,
                    0.24959567189216614,
                    -0.8490141034126282,
                    -1.0188169479370117
                ],
                [
                    -0.884942352771759,
                    0.13134971261024475,
                    -0.44679343700408936,
                    -0.5361521244049072
                ],
                [
                    9.183799676293347e-08,
                    0.959400475025177,
                    0.2820473909378052,
                    0.33845698833465576
                ],
                [
                    0,
                    0,
                    0,
                    1
                ]
            ]
        },
        {
            "file_path": "001.png",
            "transform_matrix": [
                [
                    -0.9869910478591919,
                    -0.016465051099658012,
                    0.15992935001850128,
                    0.19191522896289825
                ],
                [
                    0.16077467799186707,
                    -0.10107838362455368,
                    0.9818016886711121,
                    1.1781620979309082
                ],
                [
                    -8.197931222753141e-09,
                    0.9947421550750732,
                    0.1024106964468956,
                    0.12289276719093323
                ],
                [
                    0,
                    0,
                    0,
                    1
                ]
            ]
        },
        {
            "file_path": "002.png",
            "transform_matrix": [
                [
                    0.9142522215843201,
                    0.13339361548423767,
                    -0.38255593180656433,
                    -0.45906713604927063
                ],
                [
                    -0.405145525932312,
                    0.30101630091667175,
                    -0.863276481628418,
                    -1.0359318256378174
                ],
                [
                    5.47189493715905e-09,
                    0.9442432522773743,
                    0.3292486369609833,
                    0.39509841799736023
                ],
                [
                    0,
                    0,
                    0,
                    1
                ]
            ]
        },
        {
            "file_path": "003.png",
            "transform_matrix": [
                [
                    -0.9834714531898499,
                    0.08331424742937088,
                    -0.16075944900512695,
                    -0.192911297082901
                ],
                [
                    -0.18106591701507568,
                    -0.4525269865989685,
                    0.873175323009491,
                    1.0478101968765259
                ],
                [
                    -1.0328434996154101e-08,
                    0.8878506422042847,
                    0.46013206243515015,
                    0.5521586537361145
                ],
                [
                    0,
                    0,
                    0,
                    1
                ]
            ]
        },
        {
            "file_path": "004.png",
            "transform_matrix": [
                [
                    -0.7143682241439819,
                    0.08610600978136063,
                    -0.6944523453712463,
                    -0.8333427906036377
                ],
                [
                    -0.6997701525688171,
                    -0.08790232241153717,
                    0.7089393734931946,
                    0.8507272601127625
                ],
                [
                    2.3556168571303715e-08,
                    0.9924006462097168,
                    0.12304890155792236,
                    0.14765876531600952
                ],
                [
                    0,
                    0,
                    0,
                    1
                ]
            ]
        },
        {
            "file_path": "005.png",
            "transform_matrix": [
                [
                    0.9437093138694763,
                    0.022752147167921066,
                    -0.32999253273010254,
                    -0.3959910571575165
                ],
                [
                    -0.3307759761810303,
                    0.06491225957870483,
                    -0.9414742588996887,
                    -1.1297690868377686
                ],
                [
                    1.7045772793267133e-08,
                    0.9976316094398499,
                    0.06878416985273361,
                    0.08254104852676392
                ],
                [
                    0,
                    0,
                    0,
                    1
                ]
            ]
        }
    ]
}