{
    "camera_angle_x": 0.8575560450553894,
    "aabb": [
        [
            -0.35,
            -0.35,
            -0.35
        ],
        [
            0.35,
            0.35,
            0.35
        ]
    ],
    "frames": [
        {
            "file_path": "000.png",
            "transform_matrix": [
                [
                    0.9562049508094788,
                    -0.02534855343401432,
                    0.2915983498096466,
                    0.349918007850647
                ],
                [
                    0.29269805550575256,
                    0.08281024545431137,
                    -0.9526124596595764,
                    -1.1431348323822021
                ],
                [
                    -9.335940021060196e-09,
                    0.9962430000305176,
                    0.08660303056240082,
                    0.10392371565103531
                ],
                [
                    0,
                    0,
                    0,
                    1
                ]
            ]
        },
        {
            "file_path": "001.png",
            "transform_matrix": [
                [
                    -0.8097891807556152,
                    -0.005678779911249876,
                    0.5866938233375549,
                    0.7040325403213501
                ],
                [
                    0.5867213010787964,
                    -0.007837892509996891,
                    0.8097511529922485,
                    0.9717012643814087
                ],
                [
                    -2.8269662166735543e-08,
                    0.9999532699584961,
                    0.00967867486178875,
                    0.011614659801125526
                ],
                [
                    0,
                    0,
                    0,
                    1
                ]
            ]
        },
        {
            "file_path": "002.png",
            "transform_matrix": [
                [
                    0.7596666216850281,
                    0.05585065856575966,
                    -0.6479099988937378,
                    -0.7774920463562012
                ],
                [
                    -0.6503127813339233,
                    0.06524216383695602,
                    -0.7568599581718445,
                    -0.9082318544387817
                ],
                [
                    2.180858160727439e-09,
                    0.9963053464889526,
                    0.08588265627622604,
                    0.10305935889482498
                ],
                [
                    0,
                    0,
                    0,
                    1
                ]
            ]
        },
        {
            "file_path": "003.png",
            "transform_matrix": [
                [
                    -0.4314954876899719,
                    0.02377566322684288,
                    -0.9018018245697021,
                    -1.0821621417999268
                ],
                [
                    -0.9021151661872864,
                    -0.011372286826372147,
                    0.43134555220603943,
                    0.5176146626472473
                ],
                [
                    1.5476935288916138e-08,
                    0.9996526837348938,
                    0.02635541558265686,
                    0.03162659704685211
                ],
                [
                    0,
                    0,
                    0,
                    1
                ]
            ]
        },
        {
            "file_path": "004.png",
            "transform_matrix": [
                [
                    0.25362375378608704,
                    -0.12570133805274963,
                    0.9591008424758911,
                    1.1509208679199219
                ],
                [
                    0.9673030376434326,
                    0.03295830264687538,
                    -0.2514733076095581,
                    -0.30176806449890137
                ],
                [
                    5.1848942916876695e-08,
                    0.9915206432342529,
                    0.1299501657485962,
                    0.1559404879808426
                ],
                [
                    0,
                    0,
                    0,
                    1
                ]
            ]
        },
        {
            "file_path": "005.png",
            "transform_matrix": [
                [
                    0.13521377742290497,
                    0.2862793207168579,
                    -0.9485574960708618,
                    -1.138269066810608
                ],
                [
                    -0.9908164143562317,
                    0.03906761109828949,
                    -0.1294468194246292,
                    -0.15533633530139923
                ],
                [
                    -1.1699492574734904e-07,
                    0.9573493599891663,
                    0.28893277049064636,
                    0.3467193841934204
                ],
                [
                    0,
                    0,
                    0,
                    1
                ]
            ]
        }
    ]
}