{
    "camera_angle_x": 0.8575560450553894,
    "aabb": [
        [
            -0.35,
            -0.35,
            -0.35
        ],
        [
            0.35,
            0.35,
            0.35
        ]
    ],
    "frames": [
        {
            "file_path": "000.png",
            "transform_matrix": [
                [
                    0.23618514835834503,
                    -0.2297264039516449,
                    0.9441622495651245,
                    1.1329946517944336
                ],
                [
                    0.9717080593109131,
                    0.05583770200610161,
                    -0.22948983311653137,
                    -0.27538785338401794
                ],
                [
                    6.115151052199508e-09,
                    0.9716522097587585,
                    0.23641502857208252,
                    0.283698171377182
                ],
                [
                    0,
                    0,
                    0,
                    1
                ]
            ]
        },
        {
            "file_path": "001.png",
            "transform_matrix": [
                [
                    0.8271279335021973,
                    0.16275227069854736,
                    -0.537932276725769,
                    -0.6455186605453491
                ],
                [
                    -0.5620137453079224,
                    0.23952601850032806,
                    -0.7916867733001709,
                    -0.9500240683555603
                ],
                [
                    -2.4279856347675377e-08,
                    0.9571515321731567,
                    0.2895876467227936,
                    0.3475053310394287
                ],
                [
                    0,
                    0,
                    0,
                    1
                ]
            ]
        },
        {
            "file_path": "002.png",
            "transform_matrix": [
                [
                    0.47660505771636963,
                    -0.4369683563709259,
                    0.7628278136253357,
                    0.9153934121131897
                ],
                [
                    0.8791175484657288,
                    0.23689813911914825,
                    -0.41355976462364197,
                    -0.4962717294692993
                ],
                [
                    -8.775344895184389e-10,
                    0.8677200078964233,
                    0.4970533549785614,
                    0.5964640974998474
                ],
                [
                    0,
                    0,
                    0,
                    1
                ]
            ]
        },
        {
            "file_path": "003.png",
            "transform_matrix": [
                [
                    0.6978362202644348,
                    0.234156534075737,
                    -0.6769014000892639,
                    -0.8122814893722534
                ],
                [
                    -0.7162574529647827,
                    0.2281341850757599,
                    -0.659492552280426,
                    -0.7913908958435059
                ],
                [
                    3.8579521799420036e-08,
                    0.9450533986091614,
                    0.32691654562950134,
                    0.3923000991344452
                ],
                [
                    0,
                    0,
                    0,
                    1
                ]
            ]
        },
        {
            "file_path": "004.png",
            "transform_matrix": [
                [
                    0.9691672325134277,
                    0.00319697055965662,
                    -0.24638321995735168,
                    -0.2956598699092865
                ],
                [
                    -0.24640396237373352,
                    0.012574398890137672,
                    -0.969085693359375,
                    -1.16290283203125
                ],
                [
                    -9.219069951882375e-09,
                    0.9999158382415771,
                    0.01297444012016058,
                    0.015569466166198254
                ],
                [
                    0,
                    0,
                    0,
                    1
                ]
            ]
        },
        {
            "file_path": "005.png",
            "transform_matrix": [
                [
                    -0.5615935921669006,
                    0.01409280113875866,
                    -0.827293336391449,
                    -0.992751955986023
                ],
                [
                    -0.8274133801460266,
                    -0.009565356187522411,
                    0.5615120530128479,
                    0.6738144159317017
                ],
                [
                    -9.046601689988165e-09,
                    0.9998550415039062,
                    0.017032282426953316,
                    0.020438946783542633
                ],
                [
                    0,
                    0,
                    0,
                    1
                ]
            ]
        }
    ]
}