{
    "camera_angle_x": 0.8575560450553894,
    "aabb": [
        [
            -0.35,
            -0.35,
            -0.35
        ],
        [
            0.35,
            0.35,
            0.35
        ]
    ],
    "frames": [
        {
            "file_path": "000.png",
            "transform_matrix": [
                [
                    0.4227887988090515,
                    0.16785575449466705,
                    -0.8905470967292786,
                    -1.06865656375885
                ],
                [
                    -0.9062283039093018,
                    0.07831074297428131,
                    -0.4154730439186096,
                    -0.4985675513744354
                ],
                [
                    -5.472893249702793e-08,
                    0.9826962947845459,
                    0.1852244883775711,
                    0.2222694456577301
                ],
                [
                    0,
                    0,
                    0,
                    1
                ]
            ]
        },
        {
            "file_path": "001.png",
            "transform_matrix": [
                [
                    0.8733579516410828,
                    0.1773070991039276,
                    -0.4536607563495636,
                    -0.5443929433822632
                ],
                [
                    -0.4870789349079132,
                    0.31792089343070984,
                    -0.8134374618530273,
                    -0.9761249423027039
                ],
                [
                    1.3480791594133734e-08,
                    0.931390643119812,
                    0.36402127146720886,
                    0.43682557344436646
                ],
                [
                    0,
                    0,
                    0,
                    1
                ]
            ]
        },
        {
            "file_path": "002.png",
            "transform_matrix": [
                [
                    0.9382310509681702,
                    -0.013290977105498314,
                    0.34575408697128296,
                    0.414904922246933
                ],
                [
                    0.3460094630718231,
                    0.03603936731815338,
                    -0.937538743019104,
                    -1.1250463724136353
                ],
                [
                    7.129250079174199e-09,
                    0.9992620944976807,
                    0.038412049412727356,
                    0.04609469324350357
                ],
                [
                    0,
                    0,
                    0,
                    1
                ]
            ]
        },
        {
            "file_path": "003.png",
            "transform_matrix": [
                [
                    -0.9669393301010132,
                    0.10460738837718964,
                    -0.23256367444992065,
                    -0.27907639741897583
                ],
                [
                    -0.2550069987773895,
                    -0.3966519236564636,
                    0.881838321685791,
                    1.0582059621810913
                ],
                [
                    -8.29315816019971e-09,
                    0.9119894504547119,
                    0.41021379828453064,
                    0.49225661158561707
                ],
                [
                    0,
                    0,
                    0,
                    1
                ]
            ]
        },
        {
            "file_path": "004.png",
            "transform_matrix": [
                [
                    0.27331510186195374,
                    -0.13982939720153809,
                    0.9517073035240173,
                    1.142048716545105
                ],
                [
                    0.96192467212677,
                    0.039730049669742584,
                    -0.2704121470451355,
                    -0.3244946002960205
                ],
                [
                    6.275607233874325e-08,
                    0.9893783330917358,
                    0.14536406099796295,
                    0.17443707585334778
                ],
                [
                    0,
                    0,
                    0,
                    1
                ]
            ]
        },
        {
            "file_path": "005.png",
            "transform_matrix": [
                [
                    -0.0766526609659195,
                    -0.45400550961494446,
                    0.8876954913139343,
                    1.065234661102295
                ],
                [
                    0.9970578551292419,
                    -0.034903451800346375,
                    0.06824500113725662,
                    0.08189396560192108
                ],
                [
                    4.668810760222186e-08,
                    0.8903149366378784,
                    0.4553452134132385,
                    0.5464143753051758
                ],
                [
                    0,
                    0,
                    0,
                    1
                ]
            ]
        }
    ]
}