{
    "camera_angle_x": 0.8575560450553894,
    "aabb": [
        [
            -0.35,
            -0.35,
            -0.35
        ],
        [
            0.35,
            0.35,
            0.35
        ]
    ],
    "frames": [
        {
            "file_path": "000.png",
            "transform_matrix": [
                [
                    -0.8229790925979614,
                    -0.26493895053863525,
                    0.5025067329406738,
                    0.6030080318450928
                ],
                [
                    0.5680719017982483,
                    -0.38382333517074585,
                    0.7279932498931885,
                    0.8735917806625366
                ],
                [
                    1.1993131820986491e-08,
                    0.884583055973053,
                    0.466382771730423,
                    0.559659481048584
                ],
                [
                    0,
                    0,
                    0,
                    1
                ]
            ]
        },
        {
            "file_path": "001.png",
            "transform_matrix": [
                [
                    -0.04357816278934479,
                    -0.21385663747787476,
                    0.9758926630020142,
                    1.1710710525512695
                ],
                [
                    0.9990500807762146,
                    -0.009328387677669525,
                    0.04256796836853027,
                    0.05108167603611946
                ],
                [
                    -1.6797123691958404e-08,
                    0.9768205881118774,
                    0.21405990421772003,
                    0.2568720579147339
                ],
                [
                    0,
                    0,
                    0,
                    1
                ]
            ]
        },
        {
            "file_path": "002.png",
            "transform_matrix": [
                [
                    -0.9889980554580688,
                    0.060902468860149384,
                    -0.13481096923351288,
                    -0.16177314519882202
                ],
                [
                    -0.14792940020561218,
                    -0.4071700870990753,
                    0.9012932777404785,
                    1.0815519094467163
                ],
                [
                    2.4757871308622725e-09,
                    0.9113196730613708,
                    0.411699503660202,
                    0.4940395653247833
                ],
                [
                    0,
                    0,
                    0,
                    1
                ]
            ]
        },
        {
            "file_path": "003.png",
            "transform_matrix": [
                [
                    -0.0374273881316185,
                    -0.4097409248352051,
                    0.9114338159561157,
                    1.0937206745147705
                ],
                [
                    0.9992994070053101,
                    -0.015346338041126728,
                    0.03413645178079605,
                    0.040963687002658844
                ],
                [
                    2.810239152495342e-08,
                    0.9120728969573975,
                    0.4100281894207001,
                    0.49203386902809143
                ],
                [
                    0,
                    0,
                    0,
                    1
                ]
            ]
        },
        {
            "file_path": "004.png",
            "transform_matrix": [
                [
                    -0.00012441983562894166,
                    -0.4235130250453949,
                    0.9058899879455566,
                    1.0870680809020996
                ],
                [
                    1.0,
                    -5.264404171612114e-05,
                    0.00011273769632680342,
                    0.00013530347496271133
                ],
                [
                    -5.0594870515396906e-08,
                    0.9058899879455566,
                    0.4235130250453949,
                    0.5082156658172607
                ],
                [
                    0,
                    0,
                    0,
                    1
                ]
            ]
        },
        {
            "file_path": "005.png",
            "transform_matrix": [
                [
                    -0.7802712917327881,
                    -0.03078576736152172,
                    0.6246833205223083,
                    0.7496200203895569
                ],
                [
                    0.6254414319992065,
                    -0.03840696066617966,
                    0.7793254256248474,
                    0.9351903796195984
                ],
                [
                    6.017842224537162e-09,
                    0.9987879395484924,
                    0.04922239109873772,
                    0.059066977351903915
                ],
                [
                    0,
                    0,
                    0,
                    1
                ]
            ]
        }
    ]
}