{
    "camera_angle_x": 0.8575560450553894,
    "aabb": [
        [
            -0.35,
            -0.35,
            -0.35
        ],
        [
            0.35,
            0.35,
            0.35
        ]
    ],
    "frames": [
        {
            "file_path": "000.png",
            "transform_matrix": [
                [
                    -0.5678612589836121,
                    -0.022657550871372223,
                    0.8228123784065247,
                    0.9873749017715454
                ],
                [
                    0.8231242895126343,
                    -0.015631113201379776,
                    0.5676460862159729,
                    0.6811753511428833
                ],
                [
                    -9.648662313566092e-09,
                    0.9996210932731628,
                    0.027526257559657097,
                    0.03303152695298195
                ],
                [
                    0,
                    0,
                    0,
                    1
                ]
            ]
        },
        {
            "file_path": "001.png",
            "transform_matrix": [
                [
                    -0.28961387276649475,
                    -0.116176538169384,
                    0.9500669240951538,
                    1.140080213546753
                ],
                [
                    0.9571437239646912,
                    -0.03515287861227989,
                    0.2874724566936493,
                    0.34496691823005676
                ],
                [
                    -8.875901613691894e-08,
                    0.9926064610481262,
                    0.12137821316719055,
                    0.14565409719944
                ],
                [
                    0,
                    0,
                    0,
                    1
                ]
            ]
        },
        {
            "file_path": "002.png",
            "transform_matrix": [
                [
                    -0.03773131221532822,
                    0.3903636634349823,
                    -0.9198873043060303,
                    -1.1038647890090942
                ],
                [
                    -0.9992879629135132,
                    -0.014739484526216984,
                    0.03473323583602905,
                    0.04167984798550606
                ],
                [
                    -3.631565448358742e-08,
                    0.9205427765846252,
                    0.3906417787075043,
                    0.468770295381546
                ],
                [
                    0,
                    0,
                    0,
                    1
                ]
            ]
        },
        {
            "file_path": "003.png",
            "transform_matrix": [
                [
                    0.36603686213493347,
                    -0.24015571177005768,
                    0.8990786075592041,
                    1.0788942575454712
                ],
                [
                    0.9306004047393799,
                    0.0944613367319107,
                    -0.35363835096359253,
                    -0.42436596751213074
                ],
                [
                    4.32759748036915e-08,
                    0.9661275148391724,
                    0.25806528329849243,
                    0.30967849493026733
                ],
                [
                    0,
                    0,
                    0,
                    1
                ]
            ]
        },
        {
            "file_path": "004.png",
            "transform_matrix": [
                [
                    -0.5211735367774963,
                    -0.3574576675891876,
                    0.7749852538108826,
                    0.9299823641777039
                ],
                [
                    0.8534507155418396,
                    -0.21828733384609222,
                    0.4732573330402374,
                    0.5679088234901428
                ],
                [
                    -2.6001600872405106e-09,
                    0.9080609679222107,
                    0.4188380539417267,
                    0.5026057362556458
                ],
                [
                    0,
                    0,
                    0,
                    1
                ]
            ]
        },
        {
            "file_path": "005.png",
            "transform_matrix": [
                [
                    0.29240378737449646,
                    -0.03937246650457382,
                    0.9554840922355652,
                    1.1465809345245361
                ],
                [
                    0.9562949538230896,
                    0.012038778513669968,
                    -0.2921558916568756,
                    -0.35058706998825073
                ],
                [
                    -4.7680579484676855e-09,
                    0.9991521239280701,
                    0.041171845048666,
                    0.0494062602519989
                ],
                [
                    0,
                    0,
                    0,
                    1
                ]
            ]
        }
    ]
}