{
    "camera_angle_x": 0.8575560450553894,
    "aabb": [
        [
            -0.35,
            -0.35,
            -0.35
        ],
        [
            0.35,
            0.35,
            0.35
        ]
    ],
    "frames": [
        {
            "file_path": "000.png",
            "transform_matrix": [
                [
                    0.5876266360282898,
                    0.34120190143585205,
                    -0.733673095703125,
                    -0.8804077506065369
                ],
                [
                    -0.8091322183609009,
                    0.2477954775094986,
                    -0.5328249931335449,
                    -0.6393899917602539
                ],
                [
                    1.4682793647580183e-08,
                    0.9067407250404358,
                    0.42168864607810974,
                    0.5060263276100159
                ],
                [
                    0,
                    0,
                    0,
                    1
                ]
            ]
        },
        {
            "file_path": "001.png",
            "transform_matrix": [
                [
                    -0.5617830157279968,
                    -0.0916072353720665,
                    0.8221970200538635,
                    0.9866364598274231
                ],
                [
                    0.8272846341133118,
                    -0.06220758333802223,
                    0.5583282113075256,
                    0.6699938774108887
                ],
                [
                    -1.0067687128412217e-08,
                    0.9938502311706543,
                    0.11073242872953415,
                    0.13287891447544098
                ],
                [
                    0,
                    0,
                    0,
                    1
                ]
            ]
        },
        {
            "file_path": "002.png",
            "transform_matrix": [
                [
                    -0.1809908151626587,
                    0.06986211985349655,
                    -0.9810004830360413,
                    -1.177200436592102
                ],
                [
                    -0.9834849834442139,
                    -0.01285674050450325,
                    0.18053346872329712,
                    0.2166401743888855
                ],
                [
                    1.1898643492713745e-07,
                    0.997473955154419,
                    0.07103512436151505,
                    0.08524252474308014
                ],
                [
                    0,
                    0,
                    0,
                    1
                ]
            ]
        },
        {
            "file_path": "003.png",
            "transform_matrix": [
                [
                    0.4893045127391815,
                    0.23516717553138733,
                    -0.8398080468177795,
                    -1.0077695846557617
                ],
                [
                    -0.872113049030304,
                    0.13194194436073303,
                    -0.47117966413497925,
                    -0.5654155611991882
                ],
                [
                    -5.434808514337419e-08,
                    0.9629578590393066,
                    0.2696521282196045,
                    0.3235827088356018
                ],
                [
                    0,
                    0,
                    0,
                    1
                ]
            ]
        },
        {
            "file_path": "004.png",
            "transform_matrix": [
                [
                    -0.785406768321991,
                    0.158643439412117,
                    -0.5983047485351562,
                    -0.7179657220840454
                ],
                [
                    -0.6189800500869751,
                    -0.20129826664924622,
                    0.7591723799705505,
                    0.9110068678855896
                ],
                [
                    3.2600773636204394e-08,
                    0.9665977954864502,
                    0.25629809498786926,
                    0.3075577914714813
                ],
                [
                    0,
                    0,
                    0,
                    1
                ]
            ]
        },
        {
            "file_path": "005.png",
            "transform_matrix": [
                [
                    0.7064714431762695,
                    -0.029027601704001427,
                    0.7071460485458374,
                    0.848575234413147
                ],
                [
                    0.7077415585517883,
                    0.028975337743759155,
                    -0.7058770656585693,
                    -0.8470524549484253
                ],
                [
                    5.6950810289890796e-08,
                    0.9991586804389954,
                    0.04101426154375076,
                    0.0492173470556736
                ],
                [
                    0,
                    0,
                    0,
                    1
                ]
            ]
        }
    ]
}