{
    "camera_angle_x": 0.8575560450553894,
    "aabb": [
        [
            -0.35,
            -0.35,
            -0.35
        ],
        [
            0.35,
            0.35,
            0.35
        ]
    ],
    "frames": [
        {
            "file_path": "000.png",
            "transform_matrix": [
                [
                    0.12915609776973724,
                    0.154257133603096,
                    -0.9795528054237366,
                    -1.1754631996154785
                ],
                [
                    -0.9916244149208069,
                    0.020091267302632332,
                    -0.12758399546146393,
                    -0.15310078859329224
                ],
                [
                    -1.2186534092961665e-07,
                    0.9878265857696533,
                    0.15555989742279053,
                    0.1866721659898758
                ],
                [
                    0,
                    0,
                    0,
                    1
                ]
            ]
        },
        {
            "file_path": "001.png",
            "transform_matrix": [
                [
                    -0.9470424652099609,
                    0.12056718021631241,
                    -0.2976144850254059,
                    -0.3571373522281647
                ],
                [
                    -0.32110872864723206,
                    -0.35558751225471497,
                    0.8777510523796082,
                    1.053301215171814
                ],
                [
                    8.371870308110374e-09,
                    0.9268340468406677,
                    0.37547144293785095,
                    0.4505659341812134
                ],
                [
                    0,
                    0,
                    0,
                    1
                ]
            ]
        },
        {
            "file_path": "002.png",
            "transform_matrix": [
                [
                    -0.9312041401863098,
                    0.1423693150281906,
                    -0.33554425835609436,
                    -0.4026530683040619
                ],
                [
                    -0.3644982576370239,
                    -0.36371883749961853,
                    0.8572337627410889,
                    1.0286805629730225
                ],
                [
                    2.4255538022543988e-08,
                    0.9205648899078369,
                    0.39058977365493774,
                    0.4687078297138214
                ],
                [
                    0,
                    0,
                    0,
                    1
                ]
            ]
        },
        {
            "file_path": "003.png",
            "transform_matrix": [
                [
                    -0.31987226009368896,
                    0.404339075088501,
                    -0.8568499088287354,
                    -1.0282198190689087
                ],
                [
                    -0.9474607110023499,
                    -0.13650892674922943,
                    0.28928112983703613,
                    0.34713733196258545
                ],
                [
                    3.2776405589629576e-08,
                    0.9043645858764648,
                    0.4267607629299164,
                    0.5121129155158997
                ],
                [
                    0,
                    0,
                    0,
                    1
                ]
            ]
        },
        {
            "file_path": "004.png",
            "transform_matrix": [
                [
                    -0.898515522480011,
                    -0.12834295630455017,
                    0.41975969076156616,
                    0.5037116408348083
                ],
                [
                    0.4389420449733734,
                    -0.26271846890449524,
                    0.8592491149902344,
                    1.0310989618301392
                ],
                [
                    1.8866792572680424e-08,
                    0.9562987089157104,
                    0.2923915982246399,
                    0.3508700430393219
                ],
                [
                    0,
                    0,
                    0,
                    1
                ]
            ]
        },
        {
            "file_path": "005.png",
            "transform_matrix": [
                [
                    -0.7006983160972595,
                    -0.09481415897607803,
                    0.7071296572685242,
                    0.8485555052757263
                ],
                [
                    0.7134578227996826,
                    -0.09311843663454056,
                    0.6944832801818848,
                    0.8333799839019775
                ],
                [
                    -7.538135093909659e-08,
                    0.9911303520202637,
                    0.13289374113082886,
                    0.15947261452674866
                ],
                [
                    0,
                    0,
                    0,
                    1
                ]
            ]
        }
    ]
}