{
    "camera_angle_x": 0.8575560450553894,
    "aabb": [
        [
            -0.35,
            -0.35,
            -0.35
        ],
        [
            0.35,
            0.35,
            0.35
        ]
    ],
    "frames": [
        {
            "file_path": "000.png",
            "transform_matrix": [
                [
                    -0.2534218430519104,
                    0.20761924982070923,
                    -0.9448130130767822,
                    -1.1337757110595703
                ],
                [
                    -0.9673559069633484,
                    -0.05439083278179169,
                    0.2475161999464035,
                    0.2970193922519684
                ],
                [
                    -2.5225684652241398e-08,
                    0.9766964316368103,
                    0.2146255075931549,
                    0.2575506269931793
                ],
                [
                    0,
                    0,
                    0,
                    1
                ]
            ]
        },
        {
            "file_path": "001.png",
            "transform_matrix": [
                [
                    0.98552006483078,
                    0.06697291135787964,
                    -0.1557716578245163,
                    -0.1869259774684906
                ],
                [
                    -0.16955877840518951,
                    0.3892640769481659,
                    -0.9053857922554016,
                    -1.0864628553390503
                ],
                [
                    -4.6350212556944825e-10,
                    0.9186882972717285,
                    0.3949834108352661,
                    0.473980188369751
                ],
                [
                    0,
                    0,
                    0,
                    1
                ]
            ]
        },
        {
            "file_path": "002.png",
            "transform_matrix": [
                [
                    -0.8722407221794128,
                    0.09278890490531921,
                    -0.4801945090293884,
                    -0.5762333869934082
                ],
                [
                    -0.48907724022865295,
                    -0.165483757853508,
                    0.8563987612724304,
                    1.027678370475769
                ],
                [
                    -4.562555133702517e-08,
                    0.9818378686904907,
                    0.18972238898277283,
                    0.2276669591665268
                ],
                [
                    0,
                    0,
                    0,
                    1
                ]
            ]
        },
        {
            "file_path": "003.png",
            "transform_matrix": [
                [
                    -0.9923244118690491,
                    0.014295387081801891,
                    -0.12283320724964142,
                    -0.14739984273910522
                ],
                [
                    -0.12366226315498352,
                    -0.11471293866634369,
                    0.9856716394424438,
                    1.1828060150146484
                ],
                [
                    1.913796676689117e-09,
                    0.9932958483695984,
                    0.11560021340847015,
                    0.1387203186750412
                ],
                [
                    0,
                    0,
                    0,
                    1
                ]
            ]
        },
        {
            "file_path": "004.png",
            "transform_matrix": [
                [
                    0.44148311018943787,
                    0.14319227635860443,
                    -0.8857701420783997,
                    -1.0629240274429321
                ],
                [
                    -0.897269606590271,
                    0.0704546719789505,
                    -0.4358251094818115,
                    -0.5229901671409607
                ],
                [
                    -7.927537382101946e-08,
                    0.9871839880943298,
                    0.1595865786075592,
                    0.19150406122207642
                ],
                [
                    0,
                    0,
                    0,
                    1
                ]
            ]
        },
        {
            "file_path": "005.png",
            "transform_matrix": [
                [
                    -0.20990119874477386,
                    0.21105189621448517,
                    -0.95467209815979,
                    -1.1456063985824585
                ],
                [
                    -0.977722704410553,
                    -0.045309461653232574,
                    0.20495252311229706,
                    0.2459431290626526
                ],
                [
                    1.9200232515004245e-08,
                    0.9764242768287659,
                    0.21586062014102936,
                    0.25903287529945374
                ],
                [
                    0,
                    0,
                    0,
                    1
                ]
            ]
        }
    ]
}