{
    "camera_angle_x": 0.8575560450553894,
    "aabb": [
        [
            -0.35,
            -0.35,
            -0.35
        ],
        [
            0.35,
            0.35,
            0.35
        ]
    ],
    "frames": [
        {
            "file_path": "000.png",
            "transform_matrix": [
                [
                    0.7449525594711304,
                    0.29668641090393066,
                    -0.5975139141082764,
                    -0.7170166373252869
                ],
                [
                    -0.6671174764633179,
                    0.3313019275665283,
                    -0.6672281622886658,
                    -0.8006738424301147
                ],
                [
                    1.496636592435152e-08,
                    0.8956652879714966,
                    0.44472888112068176,
                    0.5336746573448181
                ],
                [
                    0,
                    0,
                    0,
                    1
                ]
            ]
        },
        {
            "file_path": "001.png",
            "transform_matrix": [
                [
                    -0.982272207736969,
                    0.036111973226070404,
                    -0.18394942581653595,
                    -0.22073931992053986
                ],
                [
                    -0.18746057152748108,
                    -0.18922266364097595,
                    0.9638741612434387,
                    1.1566489934921265
                ],
                [
                    6.4371947772201565e-09,
                    0.9812700152397156,
                    0.1926376074552536,
                    0.2311653047800064
                ],
                [
                    0,
                    0,
                    0,
                    1
                ]
            ]
        },
        {
            "file_path": "002.png",
            "transform_matrix": [
                [
                    -0.9468758702278137,
                    0.1198582798242569,
                    -0.29842907190322876,
                    -0.35811492800712585
                ],
                [
                    -0.32159900665283203,
                    -0.35289570689201355,
                    0.8786572813987732,
                    1.0543887615203857
                ],
                [
                    -5.179291662216201e-09,
                    0.9279539585113525,
                    0.37269482016563416,
                    0.44723376631736755
                ],
                [
                    0,
                    0,
                    0,
                    1
                ]
            ]
        },
        {
            "file_path": "003.png",
            "transform_matrix": [
                [
                    -0.9313821196556091,
                    0.14266279339790344,
                    -0.33492493629455566,
                    -0.4019099473953247
                ],
                [
                    -0.36404311656951904,
                    -0.364994078874588,
                    0.8568850755691528,
                    1.0282621383666992
                ],
                [
                    5.1210191642780956e-09,
                    0.920014500617981,
                    0.39188432693481445,
                    0.47026118636131287
                ],
                [
                    0,
                    0,
                    0,
                    1
                ]
            ]
        },
        {
            "file_path": "004.png",
            "transform_matrix": [
                [
                    0.4064071476459503,
                    -0.4560069143772125,
                    0.7917645573616028,
                    0.9501173496246338
                ],
                [
                    0.9136921763420105,
                    0.20283018052577972,
                    -0.3521742820739746,
                    -0.4226091504096985
                ],
                [
                    7.055492545759989e-08,
                    0.8665551543235779,
                    0.49908146262168884,
                    0.5988978743553162
                ],
                [
                    0,
                    0,
                    0,
                    1
                ]
            ]
        },
        {
            "file_path": "005.png",
            "transform_matrix": [
                [
                    0.944860577583313,
                    0.041455820202827454,
                    -0.32483819127082825,
                    -0.3898058235645294
                ],
                [
                    -0.3274728059768677,
                    0.11961284279823303,
                    -0.9372589588165283,
                    -1.1247107982635498
                ],
                [
                    -9.084541119364076e-09,
                    0.9919547438621521,
                    0.12659311294555664,
                    0.15191185474395752
                ],
                [
                    0,
                    0,
                    0,
                    1
                ]
            ]
        }
    ]
}