{
    "camera_angle_x": 0.8575560450553894,
    "aabb": [
        [
            -0.35,
            -0.35,
            -0.35
        ],
        [
            0.35,
            0.35,
            0.35
        ]
    ],
    "frames": [
        {
            "file_path": "000.png",
            "transform_matrix": [
                [
                    0.7021210789680481,
                    0.09673444926738739,
                    -0.7054561972618103,
                    -0.8465474247932434
                ],
                [
                    -0.7120575904846191,
                    0.09538458287715912,
                    -0.695611834526062,
                    -0.8347342610359192
                ],
                [
                    4.305665157744443e-08,
                    0.9907291531562805,
                    0.13585200905799866,
                    0.1630224585533142
                ],
                [
                    0,
                    0,
                    0,
                    1
                ]
            ]
        },
        {
            "file_path": "001.png",
            "transform_matrix": [
                [
                    -0.7915573120117188,
                    0.20115086436271667,
                    -0.5770403146743774,
                    -0.6924483776092529
                ],
                [
                    -0.6110950708389282,
                    -0.26055270433425903,
                    0.7474457621574402,
                    0.8969349265098572
                ],
                [
                    -2.3601128162908935e-08,
                    0.9442725777626038,
                    0.32916459441185,
                    0.3949974477291107
                ],
                [
                    0,
                    0,
                    0,
                    1
                ]
            ]
        },
        {
            "file_path": "002.png",
            "transform_matrix": [
                [
                    0.09329275786876678,
                    0.0215936116874218,
                    -0.9954046010971069,
                    -1.1944855451583862
                ],
                [
                    -0.9956387877464294,
                    0.002023247303441167,
                    -0.09327087551355362,
                    -0.11192502081394196
                ],
                [
                    -3.8763424470289465e-08,
                    0.9997648596763611,
                    0.021688129752874374,
                    0.02602590247988701
                ],
                [
                    0,
                    0,
                    0,
                    1
                ]
            ]
        },
        {
            "file_path": "003.png",
            "transform_matrix": [
                [
                    -0.803789496421814,
                    0.08516336977481842,
                    -0.5887868404388428,
                    -0.7065441608428955
                ],
                [
                    -0.5949140191078186,
                    -0.11506444960832596,
                    0.7955109477043152,
                    0.9546130299568176
                ],
                [
                    1.084604939194378e-08,
                    0.9897007346153259,
                    0.14315229654312134,
                    0.17178292572498322
                ],
                [
                    0,
                    0,
                    0,
                    1
                ]
            ]
        },
        {
            "file_path": "004.png",
            "transform_matrix": [
                [
                    0.12457061558961868,
                    0.2260497361421585,
                    -0.9661179184913635,
                    -1.1593414545059204
                ],
                [
                    -0.9922108054161072,
                    0.028380153700709343,
                    -0.121294766664505,
                    -0.145553857088089
                ],
                [
                    2.3293580397876212e-09,
                    0.9737023115158081,
                    0.22782424092292786,
                    0.27338922023773193
                ],
                [
                    0,
                    0,
                    0,
                    1
                ]
            ]
        },
        {
            "file_path": "005.png",
            "transform_matrix": [
                [
                    -0.9804176092147827,
                    -0.017860043793916702,
                    0.19611863791942596,
                    0.2353423535823822
                ],
                [
                    0.1969301849603653,
                    -0.08891629427671432,
                    0.9763772487640381,
                    1.1716526746749878
                ],
                [
                    -7.94934962300431e-09,
                    0.995879054069519,
                    0.09069216251373291,
                    0.10883066058158875
                ],
                [
                    0,
                    0,
                    0,
                    1
                ]
            ]
        }
    ]
}