{
    "camera_angle_x": 0.8575560450553894,
    "aabb": [
        [
            -0.35,
            -0.35,
            -0.35
        ],
        [
            0.35,
            0.35,
            0.35
        ]
    ],
    "frames": [
        {
            "file_path": "000.png",
            "transform_matrix": [
                [
                    0.9411259293556213,
                    0.03693224862217903,
                    -0.3360326588153839,
                    -0.40323927998542786
                ],
                [
                    -0.33805611729621887,
                    0.10281705111265182,
                    -0.935492753982544,
                    -1.1225913763046265
                ],
                [
                    3.536458237363149e-08,
                    0.9940144419670105,
                    0.10924896597862244,
                    0.13109853863716125
                ],
                [
                    0,
                    0,
                    0,
                    1
                ]
            ]
        },
        {
            "file_path": "001.png",
            "transform_matrix": [
                [
                    -0.7570480108261108,
                    0.2520579397678375,
                    -0.6027811169624329,
                    -0.7233373522758484
                ],
                [
                    -0.6533592343330383,
                    -0.2920597791671753,
                    0.6984431147575378,
                    0.8381317853927612
                ],
                [
                    5.228260491207948e-09,
                    0.9225875735282898,
                    0.3857876658439636,
                    0.46294522285461426
                ],
                [
                    0,
                    0,
                    0,
                    1
                ]
            ]
        },
        {
            "file_path": "002.png",
            "transform_matrix": [
                [
                    0.8655122518539429,
                    -0.02676975540816784,
                    0.5001718997955322,
                    0.6002063155174255
                ],
                [
                    0.5008877515792847,
                    0.04625694453716278,
                    -0.864275336265564,
                    -1.037130355834961
                ],
                [
                    -2.85624146556529e-08,
                    0.9985709190368652,
                    0.05344458296895027,
                    0.06413359940052032
                ],
                [
                    0,
                    0,
                    0,
                    1
                ]
            ]
        },
        {
            "file_path": "003.png",
            "transform_matrix": [
                [
                    -0.6356880068778992,
                    0.1098959669470787,
                    -0.7640836238861084,
                    -0.9169003963470459
                ],
                [
                    -0.7719461917877197,
                    -0.09049800038337708,
                    0.6292132139205933,
                    0.755055844783783
                ],
                [
                    -1.032873342410312e-09,
                    0.9898146986961365,
                    0.14236216247081757,
                    0.17083469033241272
                ],
                [
                    0,
                    0,
                    0,
                    1
                ]
            ]
        },
        {
            "file_path": "004.png",
            "transform_matrix": [
                [
                    -0.9993770122528076,
                    0.012106458656489849,
                    -0.033155009150505066,
                    -0.039786018431186676
                ],
                [
                    -0.03529619053006172,
                    -0.34278252720832825,
                    0.9387515187263489,
                    1.1265019178390503
                ],
                [
                    4.224927074858442e-10,
                    0.9393368363380432,
                    0.34299615025520325,
                    0.4115954339504242
                ],
                [
                    0,
                    0,
                    0,
                    1
                ]
            ]
        },
        {
            "file_path": "005.png",
            "transform_matrix": [
                [
                    -0.32843947410583496,
                    0.22353655099868774,
                    -0.9176921248435974,
                    -1.101230502128601
                ],
                [
                    -0.9445249438285828,
                    -0.0777302160859108,
                    0.3191089630126953,
                    0.38293084502220154
                ],
                [
                    7.10001302195451e-08,
                    0.9715911149978638,
                    0.23666560649871826,
                    0.28399887681007385
                ],
                [
                    0,
                    0,
                    0,
                    1
                ]
            ]
        }
    ]
}