{
    "camera_angle_x": 0.8575560450553894,
    "aabb": [
        [
            -0.35,
            -0.35,
            -0.35
        ],
        [
            0.35,
            0.35,
            0.35
        ]
    ],
    "frames": [
        {
            "file_path": "000.png",
            "transform_matrix": [
                [
                    0.11573474854230881,
                    -0.3472000062465668,
                    0.9306222796440125,
                    1.1167466640472412
                ],
                [
                    0.9932802319526672,
                    0.040454789996147156,
                    -0.10843411087989807,
                    -0.13012103736400604
                ],
                [
                    1.030420406777921e-07,
                    0.9369181990623474,
                    0.3495488166809082,
                    0.4194587469100952
                ],
                [
                    0,
                    0,
                    0,
                    1
                ]
            ]
        },
        {
            "file_path": "001.png",
            "transform_matrix": [
                [
                    0.8852729797363281,
                    -0.1554642915725708,
                    0.4383178949356079,
                    0.5259814858436584
                ],
                [
                    0.46507173776626587,
                    0.2959291934967041,
                    -0.8343465924263,
                    -1.001215934753418
                ],
                [
                    3.207002308158735e-08,
                    0.9424737691879272,
                    0.3342801630496979,
                    0.40113645792007446
                ],
                [
                    0,
                    0,
                    0,
                    1
                ]
            ]
        },
        {
            "file_path": "002.png",
            "transform_matrix": [
                [
                    -0.2792622745037079,
                    -0.03149934858083725,
                    0.9596981406211853,
                    1.1516377925872803
                ],
                [
                    0.9602149128913879,
                    -0.00916107464581728,
                    0.27911192178726196,
                    0.33493438363075256
                ],
                [
                    -2.1354914281346282e-08,
                    0.999461829662323,
                    0.03280442953109741,
                    0.03936539590358734
                ],
                [
                    0,
                    0,
                    0,
                    1
                ]
            ]
        },
        {
            "file_path": "003.png",
            "transform_matrix": [
                [
                    0.8743611574172974,
                    0.08300045877695084,
                    -0.47812503576278687,
                    -0.5737499594688416
                ],
                [
                    -0.48527583479881287,
                    0.14954854547977448,
                    -0.8614771962165833,
                    -1.0337724685668945
                ],
                [
                    -1.086295853269803e-08,
                    0.9852646589279175,
                    0.17103753983974457,
                    0.2052452117204666
                ],
                [
                    0,
                    0,
                    0,
                    1
                ]
            ]
        },
        {
            "file_path": "004.png",
            "transform_matrix": [
                [
                    0.7314243316650391,
                    0.3040008246898651,
                    -0.6104113459587097,
                    -0.7324935793876648
                ],
                [
                    -0.6819226145744324,
                    0.32606860995292664,
                    -0.6547219157218933,
                    -0.785666286945343
                ],
                [
                    -3.114643476465062e-08,
                    0.895132839679718,
                    0.4457995593547821,
                    0.5349595546722412
                ],
                [
                    0,
                    0,
                    0,
                    1
                ]
            ]
        },
        {
            "file_path": "005.png",
            "transform_matrix": [
                [
                    -0.764138400554657,
                    0.08497163653373718,
                    -0.6394312977790833,
                    -0.7673175930976868
                ],
                [
                    -0.6450523734092712,
                    -0.10065857321023941,
                    0.7574796080589294,
                    0.9089754819869995
                ],
                [
                    5.437823347165249e-08,
                    0.9912859201431274,
                    0.1317281872034073,
                    0.15807397663593292
                ],
                [
                    0,
                    0,
                    0,
                    1
                ]
            ]
        }
    ]
}