{
    "camera_angle_x": 0.8575560450553894,
    "aabb": [
        [
            -0.35,
            -0.35,
            -0.35
        ],
        [
            0.35,
            0.35,
            0.35
        ]
    ],
    "frames": [
        {
            "file_path": "000.png",
            "transform_matrix": [
                [
                    -0.9993701577186584,
                    0.0015585526125505567,
                    -0.03545680642127991,
                    -0.04254817217588425
                ],
                [
                    -0.03549104183912277,
                    -0.043886419385671616,
                    0.9984059929847717,
                    1.198087215423584
                ],
                [
                    -1.548498884673677e-09,
                    0.9990353584289551,
                    0.04391394928097725,
                    0.05269688367843628
                ],
                [
                    0,
                    0,
                    0,
                    1
                ]
            ]
        },
        {
            "file_path": "001.png",
            "transform_matrix": [
                [
                    -0.1042419895529747,
                    -0.06731268018484116,
                    0.9922715425491333,
                    1.1907258033752441
                ],
                [
                    0.9945520758628845,
                    -0.007055275142192841,
                    0.10400287806987762,
                    0.12480347603559494
                ],
                [
                    -5.3460301074892413e-08,
                    0.9977070689201355,
                    0.06768131256103516,
                    0.08121773600578308
                ],
                [
                    0,
                    0,
                    0,
                    1
                ]
            ]
        },
        {
            "file_path": "002.png",
            "transform_matrix": [
                [
                    -0.9995477199554443,
                    -0.004410596564412117,
                    0.029747549444437027,
                    0.03569706156849861
                ],
                [
                    0.03007274679839611,
                    -0.14659790694713593,
                    0.9887389540672302,
                    1.186486840248108
                ],
                [
                    -2.423615752533692e-10,
                    0.9891863465309143,
                    0.14666423201560974,
                    0.17599713802337646
                ],
                [
                    0,
                    0,
                    0,
                    1
                ]
            ]
        },
        {
            "file_path": "003.png",
            "transform_matrix": [
                [
                    -0.984928548336029,
                    0.05833369866013527,
                    -0.1628282219171524,
                    -0.1953938901424408
                ],
                [
                    -0.1729619950056076,
                    -0.3321801424026489,
                    0.927221953868866,
                    1.112666368484497
                ],
                [
                    -9.205026074710077e-09,
                    0.9414104223251343,
                    0.3372631371021271,
                    0.40471571683883667
                ],
                [
                    0,
                    0,
                    0,
                    1
                ]
            ]
        },
        {
            "file_path": "004.png",
            "transform_matrix": [
                [
                    0.8063539862632751,
                    0.12297704815864563,
                    -0.578506588935852,
                    -0.6942079067230225
                ],
                [
                    -0.5914332270622253,
                    0.16766558587551117,
                    -0.7887300252914429,
                    -0.9464759826660156
                ],
                [
                    -2.6256703478111376e-08,
                    0.9781436324119568,
                    0.2079305350780487,
                    0.24951668083667755
                ],
                [
                    0,
                    0,
                    0,
                    1
                ]
            ]
        },
        {
            "file_path": "005.png",
            "transform_matrix": [
                [
                    0.7723196148872375,
                    -0.31753477454185486,
                    0.5501764416694641,
                    0.6602117419242859
                ],
                [
                    0.6352341771125793,
                    0.38605964183807373,
                    -0.6689062118530273,
                    -0.802687406539917
                ],
                [
                    1.752948008970634e-08,
                    0.8661003112792969,
                    0.49987033009529114,
                    0.5998445153236389
                ],
                [
                    0,
                    0,
                    0,
                    1
                ]
            ]
        }
    ]
}