{
    "camera_angle_x": 0.8575560450553894,
    "aabb": [
        [
            -0.35,
            -0.35,
            -0.35
        ],
        [
            0.35,
            0.35,
            0.35
        ]
    ],
    "frames": [
        {
            "file_path": "000.png",
            "transform_matrix": [
                [
                    -0.9666072130203247,
                    0.061252545565366745,
                    -0.24883446097373962,
                    -0.2986013889312744
                ],
                [
                    -0.25626248121261597,
                    -0.23104111850261688,
                    0.9385890960693359,
                    1.1263070106506348
                ],
                [
                    -2.1997761834313678e-08,
                    0.9710139632225037,
                    0.23902276158332825,
                    0.2868271768093109
                ],
                [
                    0,
                    0,
                    0,
                    1
                ]
            ]
        },
        {
            "file_path": "001.png",
            "transform_matrix": [
                [
                    -0.8435691595077515,
                    -0.22665466368198395,
                    0.48684558272361755,
                    0.5842147469520569
                ],
                [
                    0.5370204448699951,
                    -0.356036514043808,
                    0.7647528648376465,
                    0.9177035689353943
                ],
                [
                    1.4136521286900461e-08,
                    0.9065680503845215,
                    0.42205968499183655,
                    0.5064716339111328
                ],
                [
                    0,
                    0,
                    0,
                    1
                ]
            ]
        },
        {
            "file_path": "002.png",
            "transform_matrix": [
                [
                    0.3308330178260803,
                    -0.05628667771816254,
                    0.9420092105865479,
                    1.1304110288619995
                ],
                [
                    0.9436893463134766,
                    0.019732637330889702,
                    -0.3302440643310547,
                    -0.3962930142879486
                ],
                [
                    -3.20037187861999e-08,
                    0.9982196688652039,
                    0.059645310044288635,
                    0.07157434523105621
                ],
                [
                    0,
                    0,
                    0,
                    1
                ]
            ]
        },
        {
            "file_path": "003.png",
            "transform_matrix": [
                [
                    -0.9455831050872803,
                    -0.12398891896009445,
                    0.30083131790161133,
                    0.36099758744239807
                ],
                [
                    0.32538092136383057,
                    -0.3603217303752899,
                    0.8742400407791138,
                    1.0490880012512207
                ],
                [
                    -2.4535292908467454e-08,
                    0.9245513081550598,
                    0.38105764985084534,
                    0.4572693705558777
                ],
                [
                    0,
                    0,
                    0,
                    1
                ]
            ]
        },
        {
            "file_path": "004.png",
            "transform_matrix": [
                [
                    -0.6479462385177612,
                    0.11715678125619888,
                    -0.7526221871376038,
                    -0.9031465649604797
                ],
                [
                    -0.7616862058639526,
                    -0.09966228157281876,
                    0.6402356624603271,
                    0.7682827711105347
                ],
                [
                    -5.7334641923034724e-08,
                    0.9881001114845276,
                    0.15381239354610443,
                    0.18457503616809845
                ],
                [
                    0,
                    0,
                    0,
                    1
                ]
            ]
        },
        {
            "file_path": "005.png",
            "transform_matrix": [
                [
                    0.7008528113365173,
                    0.027877680957317352,
                    -0.7127609848976135,
                    -0.8553131222724915
                ],
                [
                    -0.7133059501647949,
                    0.027390751987695694,
                    -0.7003174424171448,
                    -0.8403809070587158
                ],
                [
                    -1.038857959656525e-07,
                    0.9992361068725586,
                    0.03908217325806618,
                    0.04689881578087807
                ],
                [
                    0,
                    0,
                    0,
                    1
                ]
            ]
        }
    ]
}