{
    "camera_angle_x": 0.8575560450553894,
    "aabb": [
        [
            -0.35,
            -0.35,
            -0.35
        ],
        [
            0.35,
            0.35,
            0.35
        ]
    ],
    "frames": [
        {
            "file_path": "000.png",
            "transform_matrix": [
                [
                    -0.26465079188346863,
                    -0.18882551789283752,
                    0.9456769227981567,
                    1.134812355041504
                ],
                [
                    0.964344322681427,
                    -0.051820479333400726,
                    0.2595278024673462,
                    0.3114334046840668
                ],
                [
                    -4.3023575813094794e-08,
                    0.9806424379348755,
                    0.19580714404582977,
                    0.23496867716312408
                ],
                [
                    0,
                    0,
                    0,
                    1
                ]
            ]
        },
        {
            "file_path": "001.png",
            "transform_matrix": [
                [
                    -0.9810128211975098,
                    -0.06636551022529602,
                    0.18223515152931213,
                    0.2186821699142456
                ],
                [
                    0.19394336640834808,
                    -0.33569297194480896,
                    0.9217897653579712,
                    1.1061476469039917
                ],
                [
                    -1.6551879866710806e-09,
                    0.9396307468414307,
                    0.34219011664390564,
                    0.41062819957733154
                ],
                [
                    0,
                    0,
                    0,
                    1
                ]
            ]
        },
        {
            "file_path": "002.png",
            "transform_matrix": [
                [
                    -0.46399393677711487,
                    0.22312237322330475,
                    -0.8572782874107361,
                    -1.0287339687347412
                ],
                [
                    -0.8858383893966675,
                    -0.11686939001083374,
                    0.4490344524383545,
                    0.5388413667678833
                ],
                [
                    4.44955219336407e-08,
                    0.9677592515945435,
                    0.2518770396709442,
                    0.3022525906562805
                ],
                [
                    0,
                    0,
                    0,
                    1
                ]
            ]
        },
        {
            "file_path": "003.png",
            "transform_matrix": [
                [
                    -0.8470422029495239,
                    -0.25004735589027405,
                    0.4690372049808502,
                    0.5628446936607361
                ],
                [
                    0.531525731086731,
                    -0.39847686886787415,
                    0.7474601864814758,
                    0.896952211856842
                ],
                [
                    3.0535453277025226e-08,
                    0.8824356198310852,
                    0.47043323516845703,
                    0.5645198822021484
                ],
                [
                    0,
                    0,
                    0,
                    1
                ]
            ]
        },
        {
            "file_path": "004.png",
            "transform_matrix": [
                [
                    0.33164072036743164,
                    -0.24883271753787994,
                    0.9099982380867004,
                    1.0919978618621826
                ],
                [
                    0.94340580701828,
                    0.08747351169586182,
                    -0.3198968172073364,
                    -0.3838762044906616
                ],
                [
                    2.418361511047351e-08,
                    0.9645883440971375,
                    0.263759970664978,
                    0.31651201844215393
                ],
                [
                    0,
                    0,
                    0,
                    1
                ]
            ]
        },
        {
            "file_path": "005.png",
            "transform_matrix": [
                [
                    -0.30886414647102356,
                    0.41695088148117065,
                    -0.8548420667648315,
                    -1.0258104801177979
                ],
                [
                    -0.9511061906814575,
                    -0.13540150225162506,
                    0.2776031196117401,
                    0.33312374353408813
                ],
                [
                    -1.8969650739109056e-08,
                    0.8987872004508972,
                    0.4383852183818817,
                    0.5260623097419739
                ],
                [
                    0,
                    0,
                    0,
                    1
                ]
            ]
        }
    ]
}