{
    "camera_angle_x": 0.8575560450553894,
    "aabb": [
        [
            -0.35,
            -0.35,
            -0.35
        ],
        [
            0.35,
            0.35,
            0.35
        ]
    ],
    "frames": [
        {
            "file_path": "000.png",
            "transform_matrix": [
                [
                    0.6413561701774597,
                    0.2917667031288147,
                    -0.709601640701294,
                    -0.851521909236908
                ],
                [
                    -0.7672432661056519,
                    0.24389439821243286,
                    -0.5931722521781921,
                    -0.7118067145347595
                ],
                [
                    -2.5320936458683718e-08,
                    0.9248717427253723,
                    0.38027921319007874,
                    0.45633506774902344
                ],
                [
                    0,
                    0,
                    0,
                    1
                ]
            ]
        },
        {
            "file_path": "001.png",
            "transform_matrix": [
                [
                    -0.6228642463684082,
                    -0.18183806538581848,
                    0.7609040141105652,
                    0.9130849838256836
                ],
                [
                    0.7823298573493958,
                    -0.14477328956127167,
                    0.6058057546615601,
                    0.726966917514801
                ],
                [
                    6.170893129819888e-08,
                    0.972612738609314,
                    0.2324315309524536,
                    0.2789176404476166
                ],
                [
                    0,
                    0,
                    0,
                    1
                ]
            ]
        },
        {
            "file_path": "002.png",
            "transform_matrix": [
                [
                    -0.9901395440101624,
                    0.046847257763147354,
                    -0.13201971352100372,
                    -0.15842364728450775
                ],
                [
                    -0.14008522033691406,
                    -0.33112218976020813,
                    0.9331314563751221,
                    1.1197577714920044
                ],
                [
                    3.6653977630862755e-09,
                    0.9424242973327637,
                    0.3344196379184723,
                    0.40130361914634705
                ],
                [
                    0,
                    0,
                    0,
                    1
                ]
            ]
        },
        {
            "file_path": "003.png",
            "transform_matrix": [
                [
                    -0.5139163136482239,
                    -0.07522617280483246,
                    0.8545355796813965,
                    1.0254427194595337
                ],
                [
                    0.857840359210968,
                    -0.04506661742925644,
                    0.5119364857673645,
                    0.6143237948417664
                ],
                [
                    -9.751456531148506e-09,
                    0.996147632598877,
                    0.087692491710186,
                    0.10523104667663574
                ],
                [
                    0,
                    0,
                    0,
                    1
                ]
            ]
        },
        {
            "file_path": "004.png",
            "transform_matrix": [
                [
                    0.7670338749885559,
                    -0.30643221735954285,
                    0.5637005567550659,
                    0.6764407157897949
                ],
                [
                    0.6416065692901611,
                    0.3663364350795746,
                    -0.6738981008529663,
                    -0.8086776733398438
                ],
                [
                    1.4037057738391923e-08,
                    0.8785766959190369,
                    0.47760137915611267,
                    0.5731217265129089
                ],
                [
                    0,
                    0,
                    0,
                    1
                ]
            ]
        },
        {
            "file_path": "005.png",
            "transform_matrix": [
                [
                    -0.8013138771057129,
                    -0.10849680006504059,
                    0.5883235335350037,
                    0.7059881687164307
                ],
                [
                    0.5982441902160645,
                    -0.14532525837421417,
                    0.7880256772041321,
                    0.9456308484077454
                ],
                [
                    -1.256231207946712e-08,
                    0.9834170341491699,
                    0.1813586801290512,
                    0.2176305502653122
                ],
                [
                    0,
                    0,
                    0,
                    1
                ]
            ]
        }
    ]
}