{
    "camera_angle_x": 0.8575560450553894,
    "aabb": [
        [
            -0.35,
            -0.35,
            -0.35
        ],
        [
            0.35,
            0.35,
            0.35
        ]
    ],
    "frames": [
        {
            "file_path": "000.png",
            "transform_matrix": [
                [
                    0.06355121731758118,
                    0.15061873197555542,
                    -0.9865472912788391,
                    -1.1838566064834595
                ],
                [
                    -0.9979787468910217,
                    0.009591378271579742,
                    -0.06282340735197067,
                    -0.07538799941539764
                ],
                [
                    1.2993049836040882e-07,
                    0.9885455369949341,
                    0.15092365443706512,
                    0.18110859394073486
                ],
                [
                    0,
                    0,
                    0,
                    1
                ]
            ]
        },
        {
            "file_path": "001.png",
            "transform_matrix": [
                [
                    0.9868019819259644,
                    0.041267748922109604,
                    -0.1565847098827362,
                    -0.18790166079998016
                ],
                [
                    -0.16193147003650665,
                    0.2514834403991699,
                    -0.9542192220687866,
                    -1.145063042640686
                ],
                [
                    -8.013607555312774e-09,
                    0.9669814705848694,
                    0.2548469305038452,
                    0.3058164119720459
                ],
                [
                    0,
                    0,
                    0,
                    1
                ]
            ]
        },
        {
            "file_path": "002.png",
            "transform_matrix": [
                [
                    -0.20058518648147583,
                    0.43564537167549133,
                    -0.8774843811988831,
                    -1.0529811382293701
                ],
                [
                    -0.9796763062477112,
                    -0.08919679373502731,
                    0.17966172099113464,
                    0.21559403836727142
                ],
                [
                    5.351353848936924e-08,
                    0.8956881165504456,
                    0.44468292593955994,
                    0.5336197018623352
                ],
                [
                    0,
                    0,
                    0,
                    1
                ]
            ]
        },
        {
            "file_path": "003.png",
            "transform_matrix": [
                [
                    0.7095452547073364,
                    0.28012120723724365,
                    -0.6465892195701599,
                    -0.7759070992469788
                ],
                [
                    -0.7046598792076111,
                    0.2820632755756378,
                    -0.651072084903717,
                    -0.7812864184379578
                ],
                [
                    1.6909012856558547e-08,
                    0.9175906181335449,
                    0.3975268304347992,
                    0.477032333612442
                ],
                [
                    0,
                    0,
                    0,
                    1
                ]
            ]
        },
        {
            "file_path": "004.png",
            "transform_matrix": [
                [
                    -0.8524302840232849,
                    0.1493207961320877,
                    -0.5010648965835571,
                    -0.6012778878211975
                ],
                [
                    -0.5228409767150879,
                    -0.2434498518705368,
                    0.816926896572113,
                    0.9803122282028198
                ],
                [
                    1.402474225642436e-08,
                    0.958350419998169,
                    0.28559499979019165,
                    0.34271401166915894
                ],
                [
                    0,
                    0,
                    0,
                    1
                ]
            ]
        },
        {
            "file_path": "005.png",
            "transform_matrix": [
                [
                    0.23907344043254852,
                    0.47110795974731445,
                    -0.8490590453147888,
                    -1.0188708305358887
                ],
                [
                    -0.9710015058517456,
                    0.11599308252334595,
                    -0.20904956758022308,
                    -0.25085949897766113
                ],
                [
                    8.009244822915207e-08,
                    0.8744157552719116,
                    0.4851773679256439,
                    0.5822128653526306
                ],
                [
                    0,
                    0,
                    0,
                    1
                ]
            ]
        }
    ]
}