{
    "camera_angle_x": 0.8575560450553894,
    "aabb": [
        [
            -0.35,
            -0.35,
            -0.35
        ],
        [
            0.35,
            0.35,
            0.35
        ]
    ],
    "frames": [
        {
            "file_path": "000.png",
            "transform_matrix": [
                [
                    0.10660967230796814,
                    0.1618315726518631,
                    -0.9810428023338318,
                    -1.1772514581680298
                ],
                [
                    -0.9943009614944458,
                    0.017351733520627022,
                    -0.10518812388181686,
                    -0.12622572481632233
                ],
                [
                    4.186710711451269e-08,
                    0.9866658449172974,
                    0.16275914013385773,
                    0.19531098008155823
                ],
                [
                    0,
                    0,
                    0,
                    1
                ]
            ]
        },
        {
            "file_path": "001.png",
            "transform_matrix": [
                [
                    -0.7409576177597046,
                    0.13972985744476318,
                    -0.6568542122840881,
                    -0.7882251143455505
                ],
                [
                    -0.6715518236160278,
                    -0.1541711539030075,
                    0.7247409224510193,
                    0.8696891665458679
                ],
                [
                    -2.95128721461424e-09,
                    0.9781139492988586,
                    0.20807009935379028,
                    0.24968405067920685
                ],
                [
                    0,
                    0,
                    0,
                    1
                ]
            ]
        },
        {
            "file_path": "002.png",
            "transform_matrix": [
                [
                    -0.7498199939727783,
                    -0.03835905343294144,
                    0.6605292558670044,
                    0.7926350235939026
                ],
                [
                    0.6616421341896057,
                    -0.04347129166126251,
                    0.7485587000846863,
                    0.8982704281806946
                ],
                [
                    -2.9303421911208716e-09,
                    0.998318076133728,
                    0.05797544866800308,
                    0.06957070529460907
                ],
                [
                    0,
                    0,
                    0,
                    1
                ]
            ]
        },
        {
            "file_path": "003.png",
            "transform_matrix": [
                [
                    -0.906645655632019,
                    -0.0014808069681748748,
                    0.42189058661460876,
                    0.5062686800956726
                ],
                [
                    0.4218932092189789,
                    -0.003182235173881054,
                    0.9066399931907654,
                    1.0879679918289185
                ],
                [
                    -2.5596671449079622e-08,
                    0.9999939203262329,
                    0.003509802743792534,
                    0.0042119016870856285
                ],
                [
                    0,
                    0,
                    0,
                    1
                ]
            ]
        },
        {
            "file_path": "004.png",
            "transform_matrix": [
                [
                    0.5913985967636108,
                    0.1735668182373047,
                    -0.7874784469604492,
                    -0.9449741244316101
                ],
                [
                    -0.8063794374465942,
                    0.12729385495185852,
                    -0.5775366425514221,
                    -0.6930440068244934
                ],
                [
                    1.3496475048668799e-08,
                    0.9765607714653015,
                    0.21524208784103394,
                    0.25829076766967773
                ],
                [
                    0,
                    0,
                    0,
                    1
                ]
            ]
        },
        {
            "file_path": "005.png",
            "transform_matrix": [
                [
                    -0.23402713239192963,
                    0.03357264772057533,
                    -0.971650242805481,
                    -1.165980339050293
                ],
                [
                    -0.972230076789856,
                    -0.008081321604549885,
                    0.23388753831386566,
                    0.2806650996208191
                ],
                [
                    2.1386178161719727e-08,
                    0.9994035959243774,
                    0.03453156724572182,
                    0.041437823325395584
                ],
                [
                    0,
                    0,
                    0,
                    1
                ]
            ]
        }
    ]
}