{
    "camera_angle_x": 0.8575560450553894,
    "aabb": [
        [
            -0.35,
            -0.35,
            -0.35
        ],
        [
            0.35,
            0.35,
            0.35
        ]
    ],
    "frames": [
        {
            "file_path": "000.png",
            "transform_matrix": [
                [
                    -0.4126366674900055,
                    -0.34536945819854736,
                    0.842882513999939,
                    1.0114589929580688
                ],
                [
                    0.9108957052230835,
                    -0.15645265579223633,
                    0.38182663917541504,
                    0.45819205045700073
                ],
                [
                    -5.955826765102756e-08,
                    0.9253337383270264,
                    0.37915363907814026,
                    0.4549844264984131
                ],
                [
                    0,
                    0,
                    0,
                    1
                ]
            ]
        },
        {
            "file_path": "001.png",
            "transform_matrix": [
                [
                    0.23524188995361328,
                    0.3084065020084381,
                    -0.9217086434364319,
                    -1.1060502529144287
                ],
                [
                    -0.9719368815422058,
                    0.07464480400085449,
                    -0.22308500111103058,
                    -0.2677020728588104
                ],
                [
                    -4.8645244277167876e-08,
                    0.948321521282196,
                    0.31731119751930237,
                    0.38077351450920105
                ],
                [
                    0,
                    0,
                    0,
                    1
                ]
            ]
        },
        {
            "file_path": "002.png",
            "transform_matrix": [
                [
                    -0.5929822325706482,
                    -0.17352256178855896,
                    0.7862963080406189,
                    0.9435555934906006
                ],
                [
                    0.8052154779434204,
                    -0.12778668105602264,
                    0.5790497064590454,
                    0.6948596835136414
                ],
                [
                    2.2463641613512664e-08,
                    0.9765042066574097,
                    0.21549832820892334,
                    0.2585979402065277
                ],
                [
                    0,
                    0,
                    0,
                    1
                ]
            ]
        },
        {
            "file_path": "003.png",
            "transform_matrix": [
                [
                    0.3608158230781555,
                    -0.3124680519104004,
                    0.8787353038787842,
                    1.054482340812683
                ],
                [
                    0.9326371550559998,
                    0.12088662385940552,
                    -0.3399624824523926,
                    -0.40795499086380005
                ],
                [
                    2.6593376389882906e-08,
                    0.942205011844635,
                    0.3350370526313782,
                    0.4020445644855499
                ],
                [
                    0,
                    0,
                    0,
                    1
                ]
            ]
        },
        {
            "file_path": "004.png",
            "transform_matrix": [
                [
                    -0.3152889311313629,
                    0.1316896229982376,
                    -0.9398140907287598,
                    -1.1277769804000854
                ],
                [
                    -0.9489955902099609,
                    -0.043751634657382965,
                    0.3122386038303375,
                    0.37468641996383667
                ],
                [
                    1.0346642653757954e-07,
                    0.9903249144554138,
                    0.13876740634441376,
                    0.16652104258537292
                ],
                [
                    0,
                    0,
                    0,
                    1
                ]
            ]
        },
        {
            "file_path": "005.png",
            "transform_matrix": [
                [
                    -0.000637596647720784,
                    -0.24196065962314606,
                    0.9702858924865723,
                    1.164342999458313
                ],
                [
                    0.9999998211860657,
                    -0.00015440181596204638,
                    0.000618589750956744,
                    0.0007423190982080996
                ],
                [
                    1.0306857234354538e-07,
                    0.9702860713005066,
                    0.24196067452430725,
                    0.29035282135009766
                ],
                [
                    0,
                    0,
                    0,
                    1
                ]
            ]
        }
    ]
}