{
    "camera_angle_x": 0.8575560450553894,
    "aabb": [
        [
            -0.35,
            -0.35,
            -0.35
        ],
        [
            0.35,
            0.35,
            0.35
        ]
    ],
    "frames": [
        {
            "file_path": "000.png",
            "transform_matrix": [
                [
                    -0.7514704465866089,
                    0.13277222216129303,
                    -0.6462692618370056,
                    -0.7755230665206909
                ],
                [
                    -0.6597669720649719,
                    -0.15122674405574799,
                    0.7360966205596924,
                    0.883315920829773
                ],
                [
                    3.9077175273405373e-08,
                    0.9795418381690979,
                    0.20124098658561707,
                    0.2414892613887787
                ],
                [
                    0,
                    0,
                    0,
                    1
                ]
            ]
        },
        {
            "file_path": "001.png",
            "transform_matrix": [
                [
                    -0.5590215921401978,
                    0.21010610461235046,
                    -0.8020911812782288,
                    -0.9625094532966614
                ],
                [
                    -0.8291530609130859,
                    -0.14165528118610382,
                    0.540776252746582,
                    0.6489315032958984
                ],
                [
                    -6.74655993293527e-08,
                    0.9673619866371155,
                    0.25339850783348083,
                    0.3040781617164612
                ],
                [
                    0,
                    0,
                    0,
                    1
                ]
            ]
        },
        {
            "file_path": "002.png",
            "transform_matrix": [
                [
                    -0.059751156717538834,
                    0.07446175813674927,
                    -0.9954323172569275,
                    -1.1945186853408813
                ],
                [
                    -0.9982134699821472,
                    -0.0044572120532393456,
                    0.05958455055952072,
                    0.07150160521268845
                ],
                [
                    5.342420905662948e-08,
                    0.9972140192985535,
                    0.0745948925614357,
                    0.08951413631439209
                ],
                [
                    0,
                    0,
                    0,
                    1
                ]
            ]
        },
        {
            "file_path": "003.png",
            "transform_matrix": [
                [
                    -0.8807005286216736,
                    -0.03335226699709892,
                    0.4724977910518646,
                    0.5669973492622375
                ],
                [
                    0.47367343306541443,
                    -0.06201184168457985,
                    0.8785146474838257,
                    1.0542175769805908
                ],
                [
                    1.3581221480762906e-08,
                    0.997518002986908,
                    0.07041198760271072,
                    0.08449438959360123
                ],
                [
                    0,
                    0,
                    0,
                    1
                ]
            ]
        },
        {
            "file_path": "004.png",
            "transform_matrix": [
                [
                    -0.9123231768608093,
                    -0.07726698368787766,
                    0.40211501717567444,
                    0.48253801465034485
                ],
                [
                    0.40947121381759644,
                    -0.17215494811534882,
                    0.8959330916404724,
                    1.0751197338104248
                ],
                [
                    1.152661965875268e-08,
                    0.9820349812507629,
                    0.1886993944644928,
                    0.22643935680389404
                ],
                [
                    0,
                    0,
                    0,
                    1
                ]
            ]
        },
        {
            "file_path": "005.png",
            "transform_matrix": [
                [
                    0.7027274370193481,
                    0.19472557306289673,
                    -0.6842924356460571,
                    -0.8211509585380554
                ],
                [
                    -0.711459219455719,
                    0.19233563542366028,
                    -0.6758941411972046,
                    -0.8110729455947876
                ],
                [
                    -1.8438250037888793e-08,
                    0.9618154764175415,
                    0.2736988067626953,
                    0.32843872904777527
                ],
                [
                    0,
                    0,
                    0,
                    1
                ]
            ]
        }
    ]
}