{
    "camera_angle_x": 0.8575560450553894,
    "aabb": [
        [
            -0.35,
            -0.35,
            -0.35
        ],
        [
            0.35,
            0.35,
            0.35
        ]
    ],
    "frames": [
        {
            "file_path": "000.png",
            "transform_matrix": [
                [
                    -0.998055636882782,
                    -0.00659782811999321,
                    0.061979990452528,
                    0.07437599450349808
                ],
                [
                    0.06233017146587372,
                    -0.10564719885587692,
                    0.9924483299255371,
                    1.1909379959106445
                ],
                [
                    6.508070082844597e-09,
                    0.994381844997406,
                    0.10585295408964157,
                    0.1270233690738678
                ],
                [
                    0,
                    0,
                    0,
                    1
                ]
            ]
        },
        {
            "file_path": "001.png",
            "transform_matrix": [
                [
                    0.7861701846122742,
                    -0.03437415137887001,
                    0.6170533895492554,
                    0.7404640913009644
                ],
                [
                    0.6180101037025452,
                    0.04372725263237953,
                    -0.7849531173706055,
                    -0.9419437646865845
                ],
                [
                    6.185176459894137e-08,
                    0.9984519481658936,
                    0.05562064051628113,
                    0.06674493104219437
                ],
                [
                    0,
                    0,
                    0,
                    1
                ]
            ]
        },
        {
            "file_path": "002.png",
            "transform_matrix": [
                [
                    -0.16953125596046448,
                    0.4924873113632202,
                    -0.85364830493927,
                    -1.0243780612945557
                ],
                [
                    -0.9855248332023621,
                    -0.08471836894750595,
                    0.14684563875198364,
                    0.17621490359306335
                ],
                [
                    -6.575724142976469e-08,
                    0.8661864995956421,
                    0.49972087144851685,
                    0.5996650457382202
                ],
                [
                    0,
                    0,
                    0,
                    1
                ]
            ]
        },
        {
            "file_path": "003.png",
            "transform_matrix": [
                [
                    -0.9340266585350037,
                    0.17133808135986328,
                    -0.313428670167923,
                    -0.3761143982410431
                ],
                [
                    -0.3572033941745758,
                    -0.44802016019821167,
                    0.8195631504058838,
                    0.9834757447242737
                ],
                [
                    9.922404231588189e-09,
                    0.8774515390396118,
                    0.47966527938842773,
                    0.575598418712616
                ],
                [
                    0,
                    0,
                    0,
                    1
                ]
            ]
        },
        {
            "file_path": "004.png",
            "transform_matrix": [
                [
                    -0.42204514145851135,
                    -0.08271916955709457,
                    0.9027932286262512,
                    1.0833518505096436
                ],
                [
                    0.9065749645233154,
                    -0.03850894421339035,
                    0.42028453946113586,
                    0.5043414831161499
                ],
                [
                    -4.0163691039651894e-08,
                    0.9958286881446838,
                    0.09124352037906647,
                    0.10949230939149857
                ],
                [
                    0,
                    0,
                    0,
                    1
                ]
            ]
        },
        {
            "file_path": "005.png",
            "transform_matrix": [
                [
                    -0.4529070258140564,
                    -0.22360344231128693,
                    0.8630625009536743,
                    1.0356749296188354
                ],
                [
                    0.8915578722953796,
                    -0.11358950287103653,
                    0.4384314715862274,
                    0.526117742061615
                ],
                [
                    1.4432970374400611e-09,
                    0.96803879737854,
                    0.250800758600235,
                    0.3009609580039978
                ],
                [
                    0,
                    0,
                    0,
                    1
                ]
            ]
        }
    ]
}