{
    "camera_angle_x": 0.8575560450553894,
    "aabb": [
        [
            -0.35,
            -0.35,
            -0.35
        ],
        [
            0.35,
            0.35,
            0.35
        ]
    ],
    "frames": [
        {
            "file_path": "000.png",
            "transform_matrix": [
                [
                    -0.31975704431533813,
                    0.044075265526771545,
                    -0.9464738965034485,
                    -1.1357686519622803
                ],
                [
                    -0.9474995732307434,
                    -0.014874285086989403,
                    0.31941092014312744,
                    0.38329318165779114
                ],
                [
                    -4.614285842308163e-09,
                    0.9989174604415894,
                    0.04651745781302452,
                    0.05582088977098465
                ],
                [
                    0,
                    0,
                    0,
                    1
                ]
            ]
        },
        {
            "file_path": "001.png",
            "transform_matrix": [
                [
                    -0.4247496724128723,
                    0.28317078948020935,
                    -0.8598849177360535,
                    -1.0318619012832642
                ],
                [
                    -0.905310869216919,
                    -0.13285675644874573,
                    0.40343692898750305,
                    0.4841243624687195
                ],
                [
                    3.84796976504731e-08,
                    0.9498228430747986,
                    0.3127884566783905,
                    0.3753461241722107
                ],
                [
                    0,
                    0,
                    0,
                    1
                ]
            ]
        },
        {
            "file_path": "002.png",
            "transform_matrix": [
                [
                    -0.7697158455848694,
                    0.052737656980752945,
                    -0.6362046599388123,
                    -0.7634456753730774
                ],
                [
                    -0.6383867859840393,
                    -0.06358690559864044,
                    0.7670848369598389,
                    0.9205017685890198
                ],
                [
                    -1.2678757599360324e-08,
                    0.9965819120407104,
                    0.08261081576347351,
                    0.09913299977779388
                ],
                [
                    0,
                    0,
                    0,
                    1
                ]
            ]
        },
        {
            "file_path": "003.png",
            "transform_matrix": [
                [
                    0.10199841111898422,
                    0.3756835162639618,
                    -0.9211180210113525,
                    -1.1053415536880493
                ],
                [
                    -0.9947846531867981,
                    0.03851989656686783,
                    -0.09444525837898254,
                    -0.11333431303501129
                ],
                [
                    -5.545355463709711e-08,
                    0.9259472489356995,
                    0.377653032541275,
                    0.45318368077278137
                ],
                [
                    0,
                    0,
                    0,
                    1
                ]
            ]
        },
        {
            "file_path": "004.png",
            "transform_matrix": [
                [
                    0.6820198893547058,
                    -0.2102641463279724,
                    0.7004555463790894,
                    0.8405464887619019
                ],
                [
                    0.7313336730003357,
                    0.19608594477176666,
                    -0.653223991394043,
                    -0.7838687300682068
                ],
                [
                    8.398446382784641e-09,
                    0.9577784538269043,
                    0.28750771284103394,
                    0.3450094163417816
                ],
                [
                    0,
                    0,
                    0,
                    1
                ]
            ]
        },
        {
            "file_path": "005.png",
            "transform_matrix": [
                [
                    0.2981635332107544,
                    -0.22350122034549713,
                    0.9279794096946716,
                    1.1135752201080322
                ],
                [
                    0.9545148611068726,
                    0.06981541961431503,
                    -0.2898746728897095,
                    -0.34784969687461853
                ],
                [
                    3.1651353538109106e-08,
                    0.9722001552581787,
                    0.23415160179138184,
                    0.28098198771476746
                ],
                [
                    0,
                    0,
                    0,
                    1
                ]
            ]
        }
    ]
}