{
    "camera_angle_x": 0.8575560450553894,
    "aabb": [
        [
            -0.35,
            -0.35,
            -0.35
        ],
        [
            0.35,
            0.35,
            0.35
        ]
    ],
    "frames": [
        {
            "file_path": "000.png",
            "transform_matrix": [
                [
                    0.29403653740882874,
                    0.1653526872396469,
                    -0.9413825273513794,
                    -1.1296590566635132
                ],
                [
                    -0.9557942152023315,
                    0.05086828023195267,
                    -0.2896030843257904,
                    -0.34752368927001953
                ],
                [
                    -6.141006991811082e-08,
                    0.9849218726158142,
                    0.17300020158290863,
                    0.20760034024715424
                ],
                [
                    0,
                    0,
                    0,
                    1
                ]
            ]
        },
        {
            "file_path": "001.png",
            "transform_matrix": [
                [
                    -0.1931730955839157,
                    0.3437029719352722,
                    -0.9189954400062561,
                    -1.1027944087982178
                ],
                [
                    -0.981164813041687,
                    -0.06766875088214874,
                    0.18093301355838776,
                    0.2171197533607483
                ],
                [
                    3.2157210227978794e-08,
                    0.936637282371521,
                    0.3503008782863617,
                    0.4203612208366394
                ],
                [
                    0,
                    0,
                    0,
                    1
                ]
            ]
        },
        {
            "file_path": "002.png",
            "transform_matrix": [
                [
                    0.49503979086875916,
                    0.4219020903110504,
                    -0.7595619559288025,
                    -0.9114742875099182
                ],
                [
                    -0.8688703775405884,
                    0.24037912487983704,
                    -0.4327612519264221,
                    -0.5193134546279907
                ],
                [
                    1.5956459264998557e-08,
                    0.874194860458374,
                    0.485575407743454,
                    0.5826905369758606
                ],
                [
                    0,
                    0,
                    0,
                    1
                ]
            ]
        },
        {
            "file_path": "003.png",
            "transform_matrix": [
                [
                    -0.954132616519928,
                    -0.014979204162955284,
                    0.29900991916656494,
                    0.3588119149208069
                ],
                [
                    0.29938486218452454,
                    -0.04773847013711929,
                    0.9529375433921814,
                    1.1435250043869019
                ],
                [
                    2.151723244026016e-09,
                    0.9987476468086243,
                    0.05003318563103676,
                    0.06003992632031441
                ],
                [
                    0,
                    0,
                    0,
                    1
                ]
            ]
        },
        {
            "file_path": "004.png",
            "transform_matrix": [
                [
                    0.2648736834526062,
                    -0.2790951430797577,
                    0.9230102300643921,
                    1.1076122522354126
                ],
                [
                    0.9642831683158875,
                    0.0766630470752716,
                    -0.25353673100471497,
                    -0.30424416065216064
                ],
                [
                    3.8526302148511604e-08,
                    0.9571983814239502,
                    0.28943270444869995,
                    0.3473193943500519
                ],
                [
                    0,
                    0,
                    0,
                    1
                ]
            ]
        },
        {
            "file_path": "005.png",
            "transform_matrix": [
                [
                    -0.9954426884651184,
                    -0.004029673524200916,
                    0.09527618438005447,
                    0.11433142423629761
                ],
                [
                    0.0953613668680191,
                    -0.042064327746629715,
                    0.9945535659790039,
                    1.1934642791748047
                ],
                [
                    2.651843189482861e-09,
                    0.999106764793396,
                    0.042256906628608704,
                    0.050708334892988205
                ],
                [
                    0,
                    0,
                    0,
                    1
                ]
            ]
        }
    ]
}