{
    "camera_angle_x": 0.8575560450553894,
    "aabb": [
        [
            -0.35,
            -0.35,
            -0.35
        ],
        [
            0.35,
            0.35,
            0.35
        ]
    ],
    "frames": [
        {
            "file_path": "000.png",
            "transform_matrix": [
                [
                    -0.6601552963256836,
                    -0.2822258472442627,
                    0.6960916519165039,
                    0.8353100419044495
                ],
                [
                    0.751129150390625,
                    -0.24804383516311646,
                    0.6117836833000183,
                    0.7341404557228088
                ],
                [
                    8.045935828704387e-08,
                    0.9267269372940063,
                    0.37573549151420593,
                    0.45088258385658264
                ],
                [
                    0,
                    0,
                    0,
                    1
                ]
            ]
        },
        {
            "file_path": "001.png",
            "transform_matrix": [
                [
                    0.040639620274305344,
                    -0.42788758873939514,
                    0.9029179215431213,
                    1.0835014581680298
                ],
                [
                    0.9991739392280579,
                    0.01740354672074318,
                    -0.036724627017974854,
                    -0.04406951367855072
                ],
                [
                    -1.691081052968002e-08,
                    0.9036644697189331,
                    0.4282413125038147,
                    0.5138896107673645
                ],
                [
                    0,
                    0,
                    0,
                    1
                ]
            ]
        },
        {
            "file_path": "002.png",
            "transform_matrix": [
                [
                    0.17920160293579102,
                    0.040640637278556824,
                    -0.9829726815223694,
                    -1.1795670986175537
                ],
                [
                    -0.9838124513626099,
                    0.007402561139315367,
                    -0.17904873192310333,
                    -0.2148585170507431
                ],
                [
                    -6.016494324967425e-08,
                    0.9991464614868164,
                    0.04130924865603447,
                    0.049571193754673004
                ],
                [
                    0,
                    0,
                    0,
                    1
                ]
            ]
        },
        {
            "file_path": "003.png",
            "transform_matrix": [
                [
                    0.5854266881942749,
                    -0.1448163539171219,
                    0.7976865768432617,
                    0.9572238326072693
                ],
                [
                    0.8107253909111023,
                    0.10457224398851395,
                    -0.5760113596916199,
                    -0.6912136077880859
                ],
                [
                    -5.21193399549702e-08,
                    0.9839171767234802,
                    0.1786256581544876,
                    0.21435090899467468
                ],
                [
                    0,
                    0,
                    0,
                    1
                ]
            ]
        },
        {
            "file_path": "004.png",
            "transform_matrix": [
                [
                    0.8589925765991211,
                    -0.21699057519435883,
                    0.46373146772384644,
                    0.5564777851104736
                ],
                [
                    0.5119880437850952,
                    0.36405783891677856,
                    -0.7780295610427856,
                    -0.9336355924606323
                ],
                [
                    2.4007396959291327e-08,
                    0.905746579170227,
                    0.42381957173347473,
                    0.5085834860801697
                ],
                [
                    0,
                    0,
                    0,
                    1
                ]
            ]
        },
        {
            "file_path": "005.png",
            "transform_matrix": [
                [
                    -0.8690347671508789,
                    0.11507080495357513,
                    -0.481183260679245,
                    -0.5774198770523071
                ],
                [
                    -0.49475106596946716,
                    -0.20212297141551971,
                    0.8452028036117554,
                    1.0142433643341064
                ],
                [
                    -9.040123316594872e-09,
                    0.9725764989852905,
                    0.23258323967456818,
                    0.27909988164901733
                ],
                [
                    0,
                    0,
                    0,
                    1
                ]
            ]
        }
    ]
}