{
    "camera_angle_x": 0.8575560450553894,
    "aabb": [
        [
            -0.35,
            -0.35,
            -0.35
        ],
        [
            0.35,
            0.35,
            0.35
        ]
    ],
    "frames": [
        {
            "file_path": "000.png",
            "transform_matrix": [
                [
                    -0.4709499478340149,
                    0.12669125199317932,
                    -0.873015284538269,
                    -1.0476182699203491
                ],
                [
                    -0.8821600675582886,
                    -0.06763545423746109,
                    0.4660678505897522,
                    0.5592814683914185
                ],
                [
                    -1.1220503637332513e-08,
                    0.9896337389945984,
                    0.1436147689819336,
                    0.17233790457248688
                ],
                [
                    0,
                    0,
                    0,
                    1
                ]
            ]
        },
        {
            "file_path": "001.png",
            "transform_matrix": [
                [
                    0.7564430832862854,
                    -0.20557451248168945,
                    0.620913028717041,
                    0.7450956106185913
                ],
                [
                    0.6540595293045044,
                    0.23775416612625122,
                    -0.7181079983711243,
                    -0.861729621887207
                ],
                [
                    3.084458910507237e-08,
                    0.9493219256401062,
                    0.31430545449256897,
                    0.37716665863990784
                ],
                [
                    0,
                    0,
                    0,
                    1
                ]
            ]
        },
        {
            "file_path": "002.png",
            "transform_matrix": [
                [
                    -0.4036009907722473,
                    -0.22388875484466553,
                    0.8871190547943115,
                    1.0645428895950317
                ],
                [
                    0.9149352312088013,
                    -0.09876310080289841,
                    0.3913305103778839,
                    0.46959662437438965
                ],
                [
                    7.026814330401976e-08,
                    0.9695977568626404,
                    0.244704470038414,
                    0.2936455309391022
                ],
                [
                    0,
                    0,
                    0,
                    1
                ]
            ]
        },
        {
            "file_path": "003.png",
            "transform_matrix": [
                [
                    -0.5943107604980469,
                    -0.3468812108039856,
                    0.7255812287330627,
                    0.870697557926178
                ],
                [
                    0.8042354583740234,
                    -0.25633689761161804,
                    0.5361871719360352,
                    0.6434246301651001
                ],
                [
                    8.902929948817473e-09,
                    0.9021999835968018,
                    0.4313179552555084,
                    0.517581582069397
                ],
                [
                    0,
                    0,
                    0,
                    1
                ]
            ]
        },
        {
            "file_path": "004.png",
            "transform_matrix": [
                [
                    -0.7868107557296753,
                    -0.3056412935256958,
                    0.5362017154693604,
                    0.6434421539306641
                ],
                [
                    0.6171943545341492,
                    -0.389637291431427,
                    0.683559775352478,
                    0.8202717900276184
                ],
                [
                    8.167017284677058e-08,
                    0.8687728047370911,
                    0.4952108860015869,
                    0.5942529439926147
                ],
                [
                    0,
                    0,
                    0,
                    1
                ]
            ]
        },
        {
            "file_path": "005.png",
            "transform_matrix": [
                [
                    -0.7238090634346008,
                    -0.11428850144147873,
                    0.6804695725440979,
                    0.8165634274482727
                ],
                [
                    0.6900005340576172,
                    -0.11988835781812668,
                    0.7138110399246216,
                    0.856573224067688
                ],
                [
                    -6.406745711728945e-08,
                    0.9861871600151062,
                    0.16563525795936584,
                    0.198762446641922
                ],
                [
                    0,
                    0,
                    0,
                    1
                ]
            ]
        }
    ]
}