{
    "camera_angle_x": 0.8575560450553894,
    "aabb": [
        [
            -0.35,
            -0.35,
            -0.35
        ],
        [
            0.35,
            0.35,
            0.35
        ]
    ],
    "frames": [
        {
            "file_path": "000.png",
            "transform_matrix": [
                [
                    -0.5849127769470215,
                    0.18376854062080383,
                    -0.7900040149688721,
                    -0.9480047225952148
                ],
                [
                    -0.8110963106155396,
                    -0.13252252340316772,
                    0.5697022676467896,
                    0.6836428046226501
                ],
                [
                    6.80987000123423e-08,
                    0.9739953875541687,
                    0.22656802833080292,
                    0.27188172936439514
                ],
                [
                    0,
                    0,
                    0,
                    1
                ]
            ]
        },
        {
            "file_path": "001.png",
            "transform_matrix": [
                [
                    -0.7771231532096863,
                    0.05718337744474411,
                    -0.6267456412315369,
                    -0.7520947456359863
                ],
                [
                    -0.629348874092102,
                    -0.0706103965640068,
                    0.7739084959030151,
                    0.9286900758743286
                ],
                [
                    1.4999731234865976e-08,
                    0.995863676071167,
                    0.09086105227470398,
                    0.10903342813253403
                ],
                [
                    0,
                    0,
                    0,
                    1
                ]
            ]
        },
        {
            "file_path": "002.png",
            "transform_matrix": [
                [
                    0.4616999924182892,
                    -0.23350900411605835,
                    0.855749249458313,
                    1.026898980140686
                ],
                [
                    0.8870362043380737,
                    0.12154063582420349,
                    -0.44541534781455994,
                    -0.534498393535614
                ],
                [
                    8.981494659110467e-08,
                    0.9647287726402283,
                    0.26324617862701416,
                    0.31589552760124207
                ],
                [
                    0,
                    0,
                    0,
                    1
                ]
            ]
        },
        {
            "file_path": "003.png",
            "transform_matrix": [
                [
                    0.7290330529212952,
                    -0.18494249880313873,
                    0.6590198278427124,
                    0.7908236384391785
                ],
                [
                    0.6844785213470459,
                    0.1969807744026184,
                    -0.7019173502922058,
                    -0.8423007130622864
                ],
                [
                    3.2606664035483846e-09,
                    0.9628058671951294,
                    0.2701946198940277,
                    0.3242338299751282
                ],
                [
                    0,
                    0,
                    0,
                    1
                ]
            ]
        },
        {
            "file_path": "004.png",
            "transform_matrix": [
                [
                    -0.13445118069648743,
                    0.27462390065193176,
                    -0.9521054029464722,
                    -1.1425265073776245
                ],
                [
                    -0.9909203052520752,
                    -0.0372619666159153,
                    0.1291845738887787,
                    0.1550215184688568
                ],
                [
                    -9.163248648746958e-08,
                    0.960829496383667,
                    0.27714022994041443,
                    0.33256831765174866
                ],
                [
                    0,
                    0,
                    0,
                    1
                ]
            ]
        },
        {
            "file_path": "005.png",
            "transform_matrix": [
                [
                    -0.13036765158176422,
                    0.2557019889354706,
                    -0.9579253792762756,
                    -1.149510383605957
                ],
                [
                    -0.9914658665657043,
                    -0.03362224996089935,
                    0.12595731019973755,
                    0.15114888548851013
                ],
                [
                    6.300695076788543e-08,
                    0.9661709666252136,
                    0.2579028606414795,
                    0.3094836473464966
                ],
                [
                    0,
                    0,
                    0,
                    1
                ]
            ]
        }
    ]
}