{
    "camera_angle_x": 0.8575560450553894,
    "aabb": [
        [
            -0.35,
            -0.35,
            -0.35
        ],
        [
            0.35,
            0.35,
            0.35
        ]
    ],
    "frames": [
        {
            "file_path": "000.png",
            "transform_matrix": [
                [
                    -0.6450738310813904,
                    -0.33009979128837585,
                    0.6891399621963501,
                    0.8269680142402649
                ],
                [
                    0.7641202211380005,
                    -0.27867183089256287,
                    0.5817751288414001,
                    0.698130190372467
                ],
                [
                    2.778481977827596e-08,
                    0.9018737077713013,
                    0.4319998323917389,
                    0.5183998346328735
                ],
                [
                    0,
                    0,
                    0,
                    1
                ]
            ]
        },
        {
            "file_path": "001.png",
            "transform_matrix": [
                [
                    0.6330177783966064,
                    -0.1651066094636917,
                    0.7563256025314331,
                    0.9075906276702881
                ],
                [
                    0.7741373181343079,
                    0.1350087821483612,
                    -0.6184530854225159,
                    -0.7421436309814453
                ],
                [
                    1.909578628556119e-08,
                    0.976991593837738,
                    0.21327809989452362,
                    0.25593385100364685
                ],
                [
                    0,
                    0,
                    0,
                    1
                ]
            ]
        },
        {
            "file_path": "002.png",
            "transform_matrix": [
                [
                    -0.9993861317634583,
                    0.013588404282927513,
                    -0.03229560703039169,
                    -0.038754723966121674
                ],
                [
                    -0.035037849098443985,
                    -0.3875826895236969,
                    0.9211689233779907,
                    1.1054027080535889
                ],
                [
                    6.328967350199832e-10,
                    0.9217348694801331,
                    0.38782066106796265,
                    0.46538493037223816
                ],
                [
                    0,
                    0,
                    0,
                    1
                ]
            ]
        },
        {
            "file_path": "003.png",
            "transform_matrix": [
                [
                    0.9187990427017212,
                    -0.03398963436484337,
                    0.3932594656944275,
                    0.47191137075424194
                ],
                [
                    0.39472562074661255,
                    0.07911726832389832,
                    -0.915386438369751,
                    -1.0984636545181274
                ],
                [
                    -7.696989712258073e-09,
                    0.9962857961654663,
                    0.08610944449901581,
                    0.10333145409822464
                ],
                [
                    0,
                    0,
                    0,
                    1
                ]
            ]
        },
        {
            "file_path": "004.png",
            "transform_matrix": [
                [
                    0.0593244805932045,
                    -0.43450281023979187,
                    0.8987147808074951,
                    1.0784575939178467
                ],
                [
                    0.9982389211654663,
                    0.0258219875395298,
                    -0.053410016000270844,
                    -0.06409203261137009
                ],
                [
                    5.380281464795189e-08,
                    0.9003004431724548,
                    0.4352692663669586,
                    0.5223233103752136
                ],
                [
                    0,
                    0,
                    0,
                    1
                ]
            ]
        },
        {
            "file_path": "005.png",
            "transform_matrix": [
                [
                    -0.329704612493515,
                    0.1975538730621338,
                    -0.923183262348175,
                    -1.10781991481781
                ],
                [
                    -0.9440841674804688,
                    -0.06899215281009674,
                    0.3224053680896759,
                    0.3868865370750427
                ],
                [
                    3.163806638895039e-08,
                    0.977861225605011,
                    0.20925451815128326,
                    0.251105397939682
                ],
                [
                    0,
                    0,
                    0,
                    1
                ]
            ]
        }
    ]
}