{
    "camera_angle_x": 0.8575560450553894,
    "aabb": [
        [
            -0.35,
            -0.35,
            -0.35
        ],
        [
            0.35,
            0.35,
            0.35
        ]
    ],
    "frames": [
        {
            "file_path": "000.png",
            "transform_matrix": [
                [
                    -0.8070685863494873,
                    -0.28003764152526855,
                    0.5198262333869934,
                    0.623791515827179
                ],
                [
                    0.5904577970504761,
                    -0.3827700912952423,
                    0.7105256915092468,
                    0.8526307940483093
                ],
                [
                    -2.59954013870356e-09,
                    0.8803783655166626,
                    0.4742720425128937,
                    0.5691264867782593
                ],
                [
                    0,
                    0,
                    0,
                    1
                ]
            ]
        },
        {
            "file_path": "001.png",
            "transform_matrix": [
                [
                    0.9971190094947815,
                    0.011357244104146957,
                    -0.07499801367521286,
                    -0.08999758958816528
                ],
                [
                    -0.07585307210683823,
                    0.1492953598499298,
                    -0.985879123210907,
                    -1.1830546855926514
                ],
                [
                    4.385928953354323e-09,
                    0.9887276291847229,
                    0.1497267186641693,
                    0.1796722263097763
                ],
                [
                    0,
                    0,
                    0,
                    1
                ]
            ]
        },
        {
            "file_path": "002.png",
            "transform_matrix": [
                [
                    0.5221754908561707,
                    0.2539738118648529,
                    -0.8141437768936157,
                    -0.9769725799560547
                ],
                [
                    -0.8528380990028381,
                    0.1555030345916748,
                    -0.4984837770462036,
                    -0.5981804728507996
                ],
                [
                    2.416948774452976e-08,
                    0.9546288251876831,
                    0.29779839515686035,
                    0.35735803842544556
                ],
                [
                    0,
                    0,
                    0,
                    1
                ]
            ]
        },
        {
            "file_path": "003.png",
            "transform_matrix": [
                [
                    0.21077117323875427,
                    0.07442358881235123,
                    -0.9746981859207153,
                    -1.16963791847229
                ],
                [
                    -0.9775353670120239,
                    0.016047028824687004,
                    -0.21015939116477966,
                    -0.2521911561489105
                ],
                [
                    1.569882215335383e-07,
                    0.9970975518226624,
                    0.07613397389650345,
                    0.09136071801185608
                ],
                [
                    0,
                    0,
                    0,
                    1
                ]
            ]
        },
        {
            "file_path": "004.png",
            "transform_matrix": [
                [
                    0.5780594944953918,
                    0.057017240673303604,
                    -0.8140002489089966,
                    -0.9768002033233643
                ],
                [
                    -0.8159946799278259,
                    0.0403914675116539,
                    -0.5766466856002808,
                    -0.6919759511947632
                ],
                [
                    -7.087663789207e-08,
                    0.9975558519363403,
                    0.06987439841032028,
                    0.08384960144758224
                ],
                [
                    0,
                    0,
                    0,
                    1
                ]
            ]
        },
        {
            "file_path": "005.png",
            "transform_matrix": [
                [
                    0.6724538207054138,
                    -0.07849451154470444,
                    0.7359649538993835,
                    0.8831579685211182
                ],
                [
                    0.7401390671730042,
                    0.07131621241569519,
                    -0.6686614751815796,
                    -0.8023938536643982
                ],
                [
                    2.0847835457971087e-08,
                    0.9943603873252869,
                    0.10605371743440628,
                    0.12726442515850067
                ],
                [
                    0,
                    0,
                    0,
                    1
                ]
            ]
        }
    ]
}