{
    "camera_angle_x": 0.8575560450553894,
    "aabb": [
        [
            -0.35,
            -0.35,
            -0.35
        ],
        [
            0.35,
            0.35,
            0.35
        ]
    ],
    "frames": [
        {
            "file_path": "000.png",
            "transform_matrix": [
                [
                    -0.6444588899612427,
                    -0.12574878334999084,
                    0.7542279958724976,
                    0.9050736427307129
                ],
                [
                    0.7646389007568359,
                    -0.10598453134298325,
                    0.6356843113899231,
                    0.7628212571144104
                ],
                [
                    -4.976534739853378e-09,
                    0.9863845109939575,
                    0.16445514559745789,
                    0.19734610617160797
                ],
                [
                    0,
                    0,
                    0,
                    1
                ]
            ]
        },
        {
            "file_path": "001.png",
            "transform_matrix": [
                [
                    0.3741898536682129,
                    0.3529946506023407,
                    -0.8575410842895508,
                    -1.0290493965148926
                ],
                [
                    -0.9273521304130554,
                    0.14243456721305847,
                    -0.3460208475589752,
                    -0.4152250587940216
                ],
                [
                    -3.579105367634838e-08,
                    0.924720048904419,
                    0.3806479275226593,
                    0.45677754282951355
                ],
                [
                    0,
                    0,
                    0,
                    1
                ]
            ]
        },
        {
            "file_path": "002.png",
            "transform_matrix": [
                [
                    0.07094935327768326,
                    -0.34696072340011597,
                    0.9351922273635864,
                    1.1222306489944458
                ],
                [
                    0.9974799752235413,
                    0.024678701534867287,
                    -0.06651899218559265,
                    -0.0798228457570076
                ],
                [
                    1.1240791764066671e-07,
                    0.9375549554824829,
                    0.3478372395038605,
                    0.41740480065345764
                ],
                [
                    0,
                    0,
                    0,
                    1
                ]
            ]
        },
        {
            "file_path": "003.png",
            "transform_matrix": [
                [
                    0.9426849484443665,
                    0.027685444802045822,
                    -0.332533597946167,
                    -0.39904025197029114
                ],
                [
                    -0.3336840867996216,
                    0.07821346819400787,
                    -0.9394348859786987,
                    -1.127321720123291
                ],
                [
                    -9.140785905970006e-09,
                    0.9965522885322571,
                    0.08296883851289749,
                    0.09956280142068863
                ],
                [
                    0,
                    0,
                    0,
                    1
                ]
            ]
        },
        {
            "file_path": "004.png",
            "transform_matrix": [
                [
                    -0.23175281286239624,
                    0.45967480540275574,
                    -0.8573154807090759,
                    -1.0287785530090332
                ],
                [
                    -0.9727748036384583,
                    -0.10951239615678787,
                    0.2042459100484848,
                    0.24509510397911072
                ],
                [
                    6.852553013914076e-08,
                    0.8813093900680542,
                    0.4725397527217865,
                    0.5670477747917175
                ],
                [
                    0,
                    0,
                    0,
                    1
                ]
            ]
        },
        {
            "file_path": "005.png",
            "transform_matrix": [
                [
                    0.5957711935043335,
                    -0.35427653789520264,
                    0.7207945585250854,
                    0.8649534583091736
                ],
                [
                    0.8031542301177979,
                    0.262798547744751,
                    -0.5346777439117432,
                    -0.641613245010376
                ],
                [
                    -1.3221205463764818e-08,
                    0.8974547982215881,
                    0.44110649824142456,
                    0.529327929019928
                ],
                [
                    0,
                    0,
                    0,
                    1
                ]
            ]
        }
    ]
}