{
    "camera_angle_x": 0.8575560450553894,
    "aabb": [
        [
            -0.35,
            -0.35,
            -0.35
        ],
        [
            0.35,
            0.35,
            0.35
        ]
    ],
    "frames": [
        {
            "file_path": "000.png",
            "transform_matrix": [
                [
                    -0.9449948668479919,
                    -0.1064111515879631,
                    0.3092922270298004,
                    0.3711506724357605
                ],
                [
                    0.3270856440067291,
                    -0.3074363172054291,
                    0.8935872316360474,
                    1.072304606437683
                ],
                [
                    -9.474643292151086e-09,
                    0.9456002116203308,
                    0.32533109188079834,
                    0.3903975188732147
                ],
                [
                    0,
                    0,
                    0,
                    1
                ]
            ]
        },
        {
            "file_path": "001.png",
            "transform_matrix": [
                [
                    0.80235356092453,
                    -0.18267202377319336,
                    0.5682074427604675,
                    0.68184894323349
                ],
                [
                    0.5968490242958069,
                    0.24556884169578552,
                    -0.7638503313064575,
                    -0.9166203141212463
                ],
                [
                    -1.509144809119789e-08,
                    0.9520121216773987,
                    0.30606064200401306,
                    0.36727288365364075
                ],
                [
                    0,
                    0,
                    0,
                    1
                ]
            ]
        },
        {
            "file_path": "002.png",
            "transform_matrix": [
                [
                    -0.19043779373168945,
                    -0.029474329203367233,
                    0.9812568426132202,
                    1.1775081157684326
                ],
                [
                    0.9816994071006775,
                    -0.0057176752015948296,
                    0.19035182893276215,
                    0.22842220962047577
                ],
                [
                    -9.352552865493635e-08,
                    0.9995492696762085,
                    0.03002365678548813,
                    0.03602872043848038
                ],
                [
                    0,
                    0,
                    0,
                    1
                ]
            ]
        },
        {
            "file_path": "003.png",
            "transform_matrix": [
                [
                    0.9415510892868042,
                    -0.05393335223197937,
                    0.3325248062610626,
                    0.39902976155281067
                ],
                [
                    0.3368702232837677,
                    0.1507434993982315,
                    -0.929405689239502,
                    -1.1152868270874023
                ],
                [
                    -4.5944741344783324e-09,
                    0.9871006608009338,
                    0.1601012498140335,
                    0.19212163984775543
                ],
                [
                    0,
                    0,
                    0,
                    1
                ]
            ]
        },
        {
            "file_path": "004.png",
            "transform_matrix": [
                [
                    -0.21138492226600647,
                    0.16038507223129272,
                    -0.9641541242599487,
                    -1.1569849252700806
                ],
                [
                    -0.9774029850959778,
                    -0.03468679264187813,
                    0.20851951837539673,
                    0.25022345781326294
                ],
                [
                    5.974396088959111e-08,
                    0.986444890499115,
                    0.1640930324792862,
                    0.19691181182861328
                ],
                [
                    0,
                    0,
                    0,
                    1
                ]
            ]
        },
        {
            "file_path": "005.png",
            "transform_matrix": [
                [
                    -0.436960905790329,
                    -0.40892913937568665,
                    0.8011505007743835,
                    0.9613807201385498
                ],
                [
                    0.8994805216789246,
                    -0.19865471124649048,
                    0.3891929090023041,
                    0.4670315086841583
                ],
                [
                    -9.228660502458297e-09,
                    0.8906813859939575,
                    0.4546281099319458,
                    0.5455536842346191
                ],
                [
                    0,
                    0,
                    0,
                    1
                ]
            ]
        }
    ]
}