{
    "camera_angle_x": 0.8575560450553894,
    "aabb": [
        [
            -0.35,
            -0.35,
            -0.35
        ],
        [
            0.35,
            0.35,
            0.35
        ]
    ],
    "frames": [
        {
            "file_path": "000.png",
            "transform_matrix": [
                [
                    -0.17266196012496948,
                    0.1446584314107895,
                    -0.9743009209632874,
                    -1.1691608428955078
                ],
                [
                    -0.9849814176559448,
                    -0.025358090177178383,
                    0.17078949511051178,
                    0.20494744181632996
                ],
                [
                    -5.108800138486913e-08,
                    0.9891569018363953,
                    0.1468639373779297,
                    0.17623701691627502
                ],
                [
                    0,
                    0,
                    0,
                    1
                ]
            ]
        },
        {
            "file_path": "001.png",
            "transform_matrix": [
                [
                    -0.9516370296478271,
                    -0.07536517083644867,
                    0.29783734679222107,
                    0.35740479826927185
                ],
                [
                    0.30722466111183167,
                    -0.23344583809375763,
                    0.9225594997406006,
                    1.1070713996887207
                ],
                [
                    2.657834663466474e-08,
                    0.969444751739502,
                    0.2453097254037857,
                    0.29437169432640076
                ],
                [
                    0,
                    0,
                    0,
                    1
                ]
            ]
        },
        {
            "file_path": "002.png",
            "transform_matrix": [
                [
                    -0.328263521194458,
                    0.2569965422153473,
                    -0.9089531302452087,
                    -1.090743899345398
                ],
                [
                    -0.9445861577987671,
                    -0.08931173384189606,
                    0.31588026881217957,
                    0.3790563642978668
                ],
                [
                    -5.055075291693356e-08,
                    0.9622765779495239,
                    0.2720731794834137,
                    0.32648777961730957
                ],
                [
                    0,
                    0,
                    0,
                    1
                ]
            ]
        },
        {
            "file_path": "003.png",
            "transform_matrix": [
                [
                    0.8507847189903259,
                    0.026950456202030182,
                    -0.5248228311538696,
                    -0.6297875046730042
                ],
                [
                    -0.5255143642425537,
                    0.04363168030977249,
                    -0.8496651649475098,
                    -1.0195982456207275
                ],
                [
                    3.020549854682031e-08,
                    0.9986841082572937,
                    0.05128402262926102,
                    0.061540815979242325
                ],
                [
                    0,
                    0,
                    0,
                    1
                ]
            ]
        },
        {
            "file_path": "004.png",
            "transform_matrix": [
                [
                    -0.9876474738121033,
                    -0.01895906589925289,
                    0.15554219484329224,
                    0.1866506189107895
                ],
                [
                    0.15669338405132294,
                    -0.11950014531612396,
                    0.980391263961792,
                    1.1764694452285767
                ],
                [
                    -1.0524887628093893e-09,
                    0.9926532506942749,
                    0.12099460512399673,
                    0.14519371092319489
                ],
                [
                    0,
                    0,
                    0,
                    1
                ]
            ]
        },
        {
            "file_path": "005.png",
            "transform_matrix": [
                [
                    0.9797605276107788,
                    0.0517219640314579,
                    -0.1933756321668625,
                    -0.23205076158046722
                ],
                [
                    -0.20017316937446594,
                    0.25315648317337036,
                    -0.9464896321296692,
                    -1.1357874870300293
                ],
                [
                    5.571266115111939e-09,
                    0.9660418033599854,
                    0.2583860754966736,
                    0.31006333231925964
                ],
                [
                    0,
                    0,
                    0,
                    1
                ]
            ]
        }
    ]
}