{
    "camera_angle_x": 0.8575560450553894,
    "aabb": [
        [
            -0.35,
            -0.35,
            -0.35
        ],
        [
            0.35,
            0.35,
            0.35
        ]
    ],
    "frames": [
        {
            "file_path": "000.png",
            "transform_matrix": [
                [
                    -0.8220534324645996,
                    0.17173796892166138,
                    -0.5428943037986755,
                    -0.6514731645584106
                ],
                [
                    -0.5694103240966797,
                    -0.24793681502342224,
                    0.7837724089622498,
                    0.9405269026756287
                ],
                [
                    -1.205755495448102e-10,
                    0.9534324407577515,
                    0.301606684923172,
                    0.3619280755519867
                ],
                [
                    0,
                    0,
                    0,
                    1
                ]
            ]
        },
        {
            "file_path": "001.png",
            "transform_matrix": [
                [
                    -0.7692202925682068,
                    0.20132818818092346,
                    -0.6064382195472717,
                    -0.7277258038520813
                ],
                [
                    -0.6389838457107544,
                    -0.24236254394054413,
                    0.7300412654876709,
                    0.8760494589805603
                ],
                [
                    1.110491076872222e-08,
                    0.9490666389465332,
                    0.31507551670074463,
                    0.3780907392501831
                ],
                [
                    0,
                    0,
                    0,
                    1
                ]
            ]
        },
        {
            "file_path": "002.png",
            "transform_matrix": [
                [
                    -0.3547001779079437,
                    0.12468518316745758,
                    -0.9266291260719299,
                    -1.111954927444458
                ],
                [
                    -0.9349801540374756,
                    -0.04730141535401344,
                    0.3515320420265198,
                    0.4218383729457855
                ],
                [
                    2.6138877728953958e-09,
                    0.9910682439804077,
                    0.13335593044757843,
                    0.16002719104290009
                ],
                [
                    0,
                    0,
                    0,
                    1
                ]
            ]
        },
        {
            "file_path": "003.png",
            "transform_matrix": [
                [
                    -0.7295705676078796,
                    -0.2776867151260376,
                    0.624993622303009,
                    0.7499923706054688
                ],
                [
                    0.6839056611061096,
                    -0.2962281107902527,
                    0.6667248606681824,
                    0.8000698685646057
                ],
                [
                    8.232252213247193e-09,
                    0.9138594269752502,
                    0.40603071451187134,
                    0.487236887216568
                ],
                [
                    0,
                    0,
                    0,
                    1
                ]
            ]
        },
        {
            "file_path": "004.png",
            "transform_matrix": [
                [
                    0.8493074178695679,
                    -0.12346155196428299,
                    0.5132583379745483,
                    0.6159100532531738
                ],
                [
                    0.5278985500335693,
                    0.19863057136535645,
                    -0.8257536292076111,
                    -0.9909043908119202
                ],
                [
                    3.643357615601417e-09,
                    0.9722670316696167,
                    0.23387359082698822,
                    0.28064829111099243
                ],
                [
                    0,
                    0,
                    0,
                    1
                ]
            ]
        },
        {
            "file_path": "005.png",
            "transform_matrix": [
                [
                    0.622360110282898,
                    0.3031620979309082,
                    -0.721637487411499,
                    -0.8659650087356567
                ],
                [
                    -0.7827311158180237,
                    0.24104827642440796,
                    -0.573783814907074,
                    -0.688540518283844
                ],
                [
                    2.3460675180331236e-08,
                    0.921948254108429,
                    0.38731318712234497,
                    0.46477583050727844
                ],
                [
                    0,
                    0,
                    0,
                    1
                ]
            ]
        }
    ]
}