{
    "camera_angle_x": 0.8575560450553894,
    "aabb": [
        [
            -0.35,
            -0.35,
            -0.35
        ],
        [
            0.35,
            0.35,
            0.35
        ]
    ],
    "frames": [
        {
            "file_path": "000.png",
            "transform_matrix": [
                [
                    -0.8110426068305969,
                    0.21403731405735016,
                    -0.5444244146347046,
                    -0.6533093452453613
                ],
                [
                    -0.5849871039390564,
                    -0.2967473268508911,
                    0.7548053860664368,
                    0.905766487121582
                ],
                [
                    2.989000691400179e-08,
                    0.930660605430603,
                    0.3658837378025055,
                    0.4390604794025421
                ],
                [
                    0,
                    0,
                    0,
                    1
                ]
            ]
        },
        {
            "file_path": "001.png",
            "transform_matrix": [
                [
                    0.9840425252914429,
                    -0.03277852386236191,
                    0.1748882383108139,
                    0.20986588299274445
                ],
                [
                    0.1779334843158722,
                    0.18127818405628204,
                    -0.9672011733055115,
                    -1.1606413125991821
                ],
                [
                    -1.5066634162508308e-08,
                    0.9828855395317078,
                    0.18421784043312073,
                    0.22106143832206726
                ],
                [
                    0,
                    0,
                    0,
                    1
                ]
            ]
        },
        {
            "file_path": "002.png",
            "transform_matrix": [
                [
                    0.7810159921646118,
                    -0.08981739729642868,
                    0.6180185079574585,
                    0.7416222095489502
                ],
                [
                    0.6245110630989075,
                    0.11232598125934601,
                    -0.772896409034729,
                    -0.9274757504463196
                ],
                [
                    -1.302264074354298e-08,
                    0.9896038174629211,
                    0.14382033050060272,
                    0.1725844442844391
                ],
                [
                    0,
                    0,
                    0,
                    1
                ]
            ]
        },
        {
            "file_path": "003.png",
            "transform_matrix": [
                [
                    -0.8246285915374756,
                    0.13707968592643738,
                    -0.5488139390945435,
                    -0.6585767269134521
                ],
                [
                    -0.5656744241714478,
                    -0.199832022190094,
                    0.8000497221946716,
                    0.9600597023963928
                ],
                [
                    -3.536437631623812e-08,
                    0.9701939225196838,
                    0.24232973158359528,
                    0.2907956838607788
                ],
                [
                    0,
                    0,
                    0,
                    1
                ]
            ]
        },
        {
            "file_path": "004.png",
            "transform_matrix": [
                [
                    -0.6654585003852844,
                    -0.11829821765422821,
                    0.7370010614395142,
                    0.884401261806488
                ],
                [
                    0.7464348673820496,
                    -0.10546477138996124,
                    0.6570481061935425,
                    0.7884577512741089
                ],
                [
                    2.3716104635695956e-08,
                    0.987361490726471,
                    0.1584843248128891,
                    0.1901812106370926
                ],
                [
                    0,
                    0,
                    0,
                    1
                ]
            ]
        },
        {
            "file_path": "005.png",
            "transform_matrix": [
                [
                    0.9831247925758362,
                    0.05526548996567726,
                    -0.17438864707946777,
                    -0.20926636457443237
                ],
                [
                    -0.18293625116348267,
                    0.2970043122768402,
                    -0.9371888041496277,
                    -1.1246265172958374
                ],
                [
                    -4.8608814751105456e-09,
                    0.9532755613327026,
                    0.30210235714912415,
                    0.36252298951148987
                ],
                [
                    0,
                    0,
                    0,
                    1
                ]
            ]
        }
    ]
}