{
    "camera_angle_x": 0.8575560450553894,
    "aabb": [
        [
            -0.35,
            -0.35,
            -0.35
        ],
        [
            0.35,
            0.35,
            0.35
        ]
    ],
    "frames": [
        {
            "file_path": "000.png",
            "transform_matrix": [
                [
                    -0.9188318252563477,
                    -0.1490510106086731,
                    0.36542123556137085,
                    0.4385053813457489
                ],
                [
                    0.39465034008026123,
                    -0.3470233976840973,
                    0.8507798910140991,
                    1.0209356546401978
                ],
                [
                    3.843911144940648e-08,
                    0.9259368777275085,
                    0.37767860293388367,
                    0.45321452617645264
                ],
                [
                    0,
                    0,
                    0,
                    1
                ]
            ]
        },
        {
            "file_path": "001.png",
            "transform_matrix": [
                [
                    0.6559493541717529,
                    0.06558628380298615,
                    -0.7519500851631165,
                    -0.9023400545120239
                ],
                [
                    -0.7548049688339233,
                    0.05699635297060013,
                    -0.6534684896469116,
                    -0.784162163734436
                ],
                [
                    -8.569192999630104e-08,
                    0.9962178468704224,
                    0.0868915393948555,
                    0.10426995903253555
                ],
                [
                    0,
                    0,
                    0,
                    1
                ]
            ]
        },
        {
            "file_path": "002.png",
            "transform_matrix": [
                [
                    0.2789539396762848,
                    0.47187167406082153,
                    -0.8363742232322693,
                    -1.003649115562439
                ],
                [
                    -0.9603044986724854,
                    0.13707159459590912,
                    -0.2429541051387787,
                    -0.29154491424560547
                ],
                [
                    2.0312228343755123e-08,
                    0.8709469437599182,
                    0.4913771152496338,
                    0.5896525382995605
                ],
                [
                    0,
                    0,
                    0,
                    1
                ]
            ]
        },
        {
            "file_path": "003.png",
            "transform_matrix": [
                [
                    0.5870285034179688,
                    0.15277689695358276,
                    -0.7950199842453003,
                    -0.9540240168571472
                ],
                [
                    -0.8095662593841553,
                    0.11078082770109177,
                    -0.5764807462692261,
                    -0.6917769312858582
                ],
                [
                    3.678051285760375e-08,
                    0.9820320010185242,
                    0.18871451914310455,
                    0.2264574021100998
                ],
                [
                    0,
                    0,
                    0,
                    1
                ]
            ]
        },
        {
            "file_path": "004.png",
            "transform_matrix": [
                [
                    -0.28702136874198914,
                    0.31473952531814575,
                    -0.9047419428825378,
                    -1.0856902599334717
                ],
                [
                    -0.9579243063926697,
                    -0.09430503100156784,
                    0.27108630537986755,
                    0.3253036141395569
                ],
                [
                    -5.4767120616361353e-08,
                    0.9444817304611206,
                    0.3285640478134155,
                    0.39427709579467773
                ],
                [
                    0,
                    0,
                    0,
                    1
                ]
            ]
        },
        {
            "file_path": "005.png",
            "transform_matrix": [
                [
                    -0.9667576551437378,
                    -0.058135442435741425,
                    0.24899855256080627,
                    0.29879826307296753
                ],
                [
                    0.2556951344013214,
                    -0.21980437636375427,
                    0.9414383769035339,
                    1.1297260522842407
                ],
                [
                    1.0273267569971267e-08,
                    0.9738103151321411,
                    0.2273622751235962,
                    0.2728348970413208
                ],
                [
                    0,
                    0,
                    0,
                    1
                ]
            ]
        }
    ]
}