{
    "camera_angle_x": 0.8575560450553894,
    "aabb": [
        [
            -0.35,
            -0.35,
            -0.35
        ],
        [
            0.35,
            0.35,
            0.35
        ]
    ],
    "frames": [
        {
            "file_path": "000.png",
            "transform_matrix": [
                [
                    -0.21924196183681488,
                    0.13626356422901154,
                    -0.9661083817481995,
                    -1.1593300104141235
                ],
                [
                    -0.9756706357002258,
                    -0.03061971254646778,
                    0.21709315478801727,
                    0.2605119049549103
                ],
                [
                    2.0275351175769174e-08,
                    0.9901993870735168,
                    0.13966135680675507,
                    0.16759389638900757
                ],
                [
                    0,
                    0,
                    0,
                    1
                ]
            ]
        },
        {
            "file_path": "001.png",
            "transform_matrix": [
                [
                    -0.973198652267456,
                    -0.09999232739210129,
                    0.20708946883678436,
                    0.24850736558437347
                ],
                [
                    0.22996634244918823,
                    -0.4231593608856201,
                    0.8763856291770935,
                    1.0516626834869385
                ],
                [
                    7.545091662564118e-09,
                    0.9005208611488342,
                    0.43481290340423584,
                    0.5217756032943726
                ],
                [
                    0,
                    0,
                    0,
                    1
                ]
            ]
        },
        {
            "file_path": "002.png",
            "transform_matrix": [
                [
                    -0.8197458982467651,
                    -0.21808500587940216,
                    0.5295807123184204,
                    0.6354968547821045
                ],
                [
                    0.5727275013923645,
                    -0.3121454417705536,
                    0.757989764213562,
                    0.9095877408981323
                ],
                [
                    -1.7236301275147525e-08,
                    0.9246643781661987,
                    0.3807831108570099,
                    0.45693978667259216
                ],
                [
                    0,
                    0,
                    0,
                    1
                ]
            ]
        },
        {
            "file_path": "003.png",
            "transform_matrix": [
                [
                    0.4855179786682129,
                    0.2905641496181488,
                    -0.8245270252227783,
                    -0.9894323945045471
                ],
                [
                    -0.8742267489433289,
                    0.1613701581954956,
                    -0.45791637897491455,
                    -0.5494996309280396
                ],
                [
                    2.2079902350924385e-08,
                    0.9431501626968384,
                    0.33236703276634216,
                    0.39884060621261597
                ],
                [
                    0,
                    0,
                    0,
                    1
                ]
            ]
        },
        {
            "file_path": "004.png",
            "transform_matrix": [
                [
                    -0.062326714396476746,
                    0.04489860683679581,
                    -0.9970454573631287,
                    -1.1964545249938965
                ],
                [
                    -0.9980558753013611,
                    -0.0028038814198225737,
                    0.062263526022434235,
                    0.07471621781587601
                ],
                [
                    3.7141610675917036e-08,
                    0.9989876747131348,
                    0.044985976070165634,
                    0.05398329719901085
                ],
                [
                    0,
                    0,
                    0,
                    1
                ]
            ]
        },
        {
            "file_path": "005.png",
            "transform_matrix": [
                [
                    -0.9564039707183838,
                    0.11778146028518677,
                    -0.26724350452423096,
                    -0.3206922113895416
                ],
                [
                    -0.2920471727848053,
                    -0.3857138454914093,
                    0.875176191329956,
                    1.0502114295959473
                ],
                [
                    2.0213121842971304e-08,
                    0.9150696396827698,
                    0.4032959043979645,
                    0.4839552342891693
                ],
                [
                    0,
                    0,
                    0,
                    1
                ]
            ]
        }
    ]
}