{
    "camera_angle_x": 0.8575560450553894,
    "aabb": [
        [
            -0.35,
            -0.35,
            -0.35
        ],
        [
            0.35,
            0.35,
            0.35
        ]
    ],
    "frames": [
        {
            "file_path": "000.png",
            "transform_matrix": [
                [
                    -0.9503428339958191,
                    0.14908306300640106,
                    -0.273171603679657,
                    -0.3278059661388397
                ],
                [
                    -0.3112048804759979,
                    -0.4552628993988037,
                    0.834198534488678,
                    1.0010383129119873
                ],
                [
                    -3.385489222296201e-08,
                    0.8777869343757629,
                    0.47905123233795166,
                    0.5748613476753235
                ],
                [
                    0,
                    0,
                    0,
                    1
                ]
            ]
        },
        {
            "file_path": "001.png",
            "transform_matrix": [
                [
                    -0.9252294898033142,
                    -0.09930989891290665,
                    0.36618050932884216,
                    0.4394166171550751
                ],
                [
                    0.3794082701206207,
                    -0.24217835068702698,
                    0.8929721117019653,
                    1.0715664625167847
                ],
                [
                    -1.4987779906050491e-09,
                    0.965135931968689,
                    0.26174938678741455,
                    0.3140994608402252
                ],
                [
                    0,
                    0,
                    0,
                    1
                ]
            ]
        },
        {
            "file_path": "002.png",
            "transform_matrix": [
                [
                    -0.9921202659606934,
                    -0.04445450380444527,
                    0.1171378567814827,
                    0.1405654400587082
                ],
                [
                    0.12528958916664124,
                    -0.3520181477069855,
                    0.9275698065757751,
                    1.113083839416504
                ],
                [
                    -7.441147698017403e-09,
                    0.9349369406700134,
                    0.35481396317481995,
                    0.42577680945396423
                ],
                [
                    0,
                    0,
                    0,
                    1
                ]
            ]
        },
        {
            "file_path": "003.png",
            "transform_matrix": [
                [
                    0.9230769276618958,
                    0.1651836335659027,
                    -0.3473375141620636,
                    -0.4168049991130829
                ],
                [
                    -0.38461536169052124,
                    0.39644065499305725,
                    -0.8336101770401001,
                    -1.000332236289978
                ],
                [
                    -1.4690272998052478e-08,
                    0.9030776619911194,
                    0.42947739362716675,
                    0.5153729319572449
                ],
                [
                    0,
                    0,
                    0,
                    1
                ]
            ]
        },
        {
            "file_path": "004.png",
            "transform_matrix": [
                [
                    0.6076054573059082,
                    0.12038663029670715,
                    -0.7850622534751892,
                    -0.9420746564865112
                ],
                [
                    -0.7942390441894531,
                    0.09209752082824707,
                    -0.6005851626396179,
                    -0.7207021713256836
                ],
                [
                    -4.8668322705225364e-08,
                    0.9884458780288696,
                    0.15157467126846313,
                    0.18188978731632233
                ],
                [
                    0,
                    0,
                    0,
                    1
                ]
            ]
        },
        {
            "file_path": "005.png",
            "transform_matrix": [
                [
                    -0.8718941807746887,
                    0.08400020003318787,
                    -0.48243626952171326,
                    -0.5789234638214111
                ],
                [
                    -0.4896945655345917,
                    -0.14956116676330566,
                    0.8589707612991333,
                    1.0307649374008179
                ],
                [
                    1.7436873278597886e-08,
                    0.9851779341697693,
                    0.17153583467006683,
                    0.20584313571453094
                ],
                [
                    0,
                    0,
                    0,
                    1
                ]
            ]
        }
    ]
}