{
    "camera_angle_x": 0.8575560450553894,
    "aabb": [
        [
            -0.35,
            -0.35,
            -0.35
        ],
        [
            0.35,
            0.35,
            0.35
        ]
    ],
    "frames": [
        {
            "file_path": "000.png",
            "transform_matrix": [
                [
                    -0.7730669379234314,
                    -0.2635308802127838,
                    0.5769914388656616,
                    0.6923898458480835
                ],
                [
                    0.6343245506286621,
                    -0.3211716115474701,
                    0.7031936049461365,
                    0.8438323140144348
                ],
                [
                    1.92274978161322e-08,
                    0.9096155166625977,
                    0.41545116901397705,
                    0.49854138493537903
                ],
                [
                    0,
                    0,
                    0,
                    1
                ]
            ]
        },
        {
            "file_path": "001.png",
            "transform_matrix": [
                [
                    -0.6136330962181091,
                    -0.2834656536579132,
                    0.736954391002655,
                    0.8843452334403992
                ],
                [
                    0.789591372013092,
                    -0.22029614448547363,
                    0.5727260708808899,
                    0.6872712969779968
                ],
                [
                    7.88691423281307e-09,
                    0.9333364367485046,
                    0.359002947807312,
                    0.430803507566452
                ],
                [
                    0,
                    0,
                    0,
                    1
                ]
            ]
        },
        {
            "file_path": "002.png",
            "transform_matrix": [
                [
                    -0.24216678738594055,
                    0.303085058927536,
                    -0.9216803908348083,
                    -1.1060165166854858
                ],
                [
                    -0.9702346324920654,
                    -0.07564882189035416,
                    0.23004783689975739,
                    0.2760573923587799
                ],
                [
                    2.643215424313894e-08,
                    0.9499561786651611,
                    0.312383234500885,
                    0.3748599588871002
                ],
                [
                    0,
                    0,
                    0,
                    1
                ]
            ]
        },
        {
            "file_path": "003.png",
            "transform_matrix": [
                [
                    0.8491865396499634,
                    0.25533604621887207,
                    -0.46226149797439575,
                    -0.554713785648346
                ],
                [
                    -0.5280929803848267,
                    0.4105866551399231,
                    -0.7433279752731323,
                    -0.891993522644043
                ],
                [
                    2.8894609371832303e-08,
                    0.8753411769866943,
                    0.48350584506988525,
                    0.580207109451294
                ],
                [
                    0,
                    0,
                    0,
                    1
                ]
            ]
        },
        {
            "file_path": "004.png",
            "transform_matrix": [
                [
                    -0.7679660320281982,
                    -0.31736359000205994,
                    0.556334912776947,
                    0.6676018238067627
                ],
                [
                    0.6404905915260315,
                    -0.38052767515182495,
                    0.6670610904693604,
                    0.8004732728004456
                ],
                [
                    -7.062568840865424e-08,
                    0.8686075210571289,
                    0.49550071358680725,
                    0.594601035118103
                ],
                [
                    0,
                    0,
                    0,
                    1
                ]
            ]
        },
        {
            "file_path": "005.png",
            "transform_matrix": [
                [
                    0.89388108253479,
                    -0.02492409385740757,
                    0.4476107358932495,
                    0.5371328592300415
                ],
                [
                    0.44830411672592163,
                    0.04969649761915207,
                    -0.8924985527992249,
                    -1.0709983110427856
                ],
                [
                    3.0976202936017216e-08,
                    0.9984533190727234,
                    0.055596332997083664,
                    0.06671567261219025
                ],
                [
                    0,
                    0,
                    0,
                    1
                ]
            ]
        }
    ]
}