{
    "camera_angle_x": 0.8575560450553894,
    "aabb": [
        [
            -0.35,
            -0.35,
            -0.35
        ],
        [
            0.35,
            0.35,
            0.35
        ]
    ],
    "frames": [
        {
            "file_path": "000.png",
            "transform_matrix": [
                [
                    0.8997096419334412,
                    -0.19859579205513,
                    0.3886930048465729,
                    0.466431587934494
                ],
                [
                    0.4364888668060303,
                    0.4093540906906128,
                    -0.8011907935142517,
                    -0.9614289402961731
                ],
                [
                    2.3367743295921173e-08,
                    0.8904992938041687,
                    0.4549846947193146,
                    0.5459817051887512
                ],
                [
                    0,
                    0,
                    0,
                    1
                ]
            ]
        },
        {
            "file_path": "001.png",
            "transform_matrix": [
                [
                    0.6336988806724548,
                    -0.19603250920772552,
                    0.7483294606208801,
                    0.8979952931404114
                ],
                [
                    0.7735798358917236,
                    0.16058525443077087,
                    -0.6130144596099854,
                    -0.7356173992156982
                ],
                [
                    5.379603607025274e-08,
                    0.9673591256141663,
                    0.2534094750881195,
                    0.3040914237499237
                ],
                [
                    0,
                    0,
                    0,
                    1
                ]
            ]
        },
        {
            "file_path": "002.png",
            "transform_matrix": [
                [
                    0.9459093809127808,
                    -0.023595765233039856,
                    0.3235717713832855,
                    0.38828614354133606
                ],
                [
                    0.3244309723377228,
                    0.06879565864801407,
                    -0.9434043765068054,
                    -1.1320852041244507
                ],
                [
                    -1.3119185737764383e-08,
                    0.9973517656326294,
                    0.07272965461015701,
                    0.08727570623159409
                ],
                [
                    0,
                    0,
                    0,
                    1
                ]
            ]
        },
        {
            "file_path": "003.png",
            "transform_matrix": [
                [
                    -0.5166930556297302,
                    -0.16157594323158264,
                    0.8407862782478333,
                    1.0089435577392578
                ],
                [
                    0.8561707735061646,
                    -0.09751001000404358,
                    0.507408618927002,
                    0.6088904142379761
                ],
                [
                    3.866623288217852e-08,
                    0.9820311069488525,
                    0.18871930241584778,
                    0.22646324336528778
                ],
                [
                    0,
                    0,
                    0,
                    1
                ]
            ]
        },
        {
            "file_path": "004.png",
            "transform_matrix": [
                [
                    0.02934706211090088,
                    0.046688735485076904,
                    -0.9984784722328186,
                    -1.198173999786377
                ],
                [
                    -0.9995694756507874,
                    0.0013706162571907043,
                    -0.02931523323059082,
                    -0.035178184509277344
                ],
                [
                    4.2500843733250804e-08,
                    0.9989087581634521,
                    0.04670865461230278,
                    0.056050583720207214
                ],
                [
                    0,
                    0,
                    0,
                    1
                ]
            ]
        },
        {
            "file_path": "005.png",
            "transform_matrix": [
                [
                    0.9978411793708801,
                    0.024727243930101395,
                    -0.0608399324119091,
                    -0.07300791889429092
                ],
                [
                    -0.06567293405532837,
                    0.37570828199386597,
                    -0.9244081377983093,
                    -1.1092897653579712
                ],
                [
                    5.2502144853860955e-09,
                    0.9264081120491028,
                    0.37652114033699036,
                    0.45182541012763977
                ],
                [
                    0,
                    0,
                    0,
                    1
                ]
            ]
        }
    ]
}