{
    "camera_angle_x": 0.8575560450553894,
    "aabb": [
        [
            -0.35,
            -0.35,
            -0.35
        ],
        [
            0.35,
            0.35,
            0.35
        ]
    ],
    "frames": [
        {
            "file_path": "000.png",
            "transform_matrix": [
                [
                    0.9237026572227478,
                    0.13152699172496796,
                    -0.3598250150680542,
                    -0.43178999423980713
                ],
                [
                    -0.3831101655960083,
                    0.3171197474002838,
                    -0.8675608038902283,
                    -1.041072964668274
                ],
                [
                    -2.7144611891571913e-08,
                    0.9392208456993103,
                    0.34331366419792175,
                    0.41197654604911804
                ],
                [
                    0,
                    0,
                    0,
                    1
                ]
            ]
        },
        {
            "file_path": "001.png",
            "transform_matrix": [
                [
                    -0.9494730234146118,
                    -0.13210323452949524,
                    0.28469324111938477,
                    0.3416318893432617
                ],
                [
                    0.31384947896003723,
                    -0.39964526891708374,
                    0.8612679243087769,
                    1.0335215330123901
                ],
                [
                    -4.862769742430828e-09,
                    0.9071012735366821,
                    0.42091259360313416,
                    0.5050951838493347
                ],
                [
                    0,
                    0,
                    0,
                    1
                ]
            ]
        },
        {
            "file_path": "002.png",
            "transform_matrix": [
                [
                    0.7798126339912415,
                    -0.15436361730098724,
                    0.6066828966140747,
                    0.7280194163322449
                ],
                [
                    0.6260129809379578,
                    0.19228783249855042,
                    -0.7557335495948792,
                    -0.9068801999092102
                ],
                [
                    -1.496959356472871e-08,
                    0.9691219329833984,
                    0.24658209085464478,
                    0.29589858651161194
                ],
                [
                    0,
                    0,
                    0,
                    1
                ]
            ]
        },
        {
            "file_path": "003.png",
            "transform_matrix": [
                [
                    -0.9967828989028931,
                    0.01682789996266365,
                    -0.078363798558712,
                    -0.09403656423091888
                ],
                [
                    -0.08015025407075882,
                    -0.20927897095680237,
                    0.9745657444000244,
                    1.1694788932800293
                ],
                [
                    3.3180340697214206e-09,
                    0.9777112603187561,
                    0.20995433628559113,
                    0.2519453465938568
                ],
                [
                    0,
                    0,
                    0,
                    1
                ]
            ]
        },
        {
            "file_path": "004.png",
            "transform_matrix": [
                [
                    -0.26987746357917786,
                    -0.24891546368598938,
                    0.9301651120185852,
                    1.1161983013153076
                ],
                [
                    0.9628946185112,
                    -0.0697653517127037,
                    0.2607041597366333,
                    0.3128450810909271
                ],
                [
                    2.3943130145198666e-08,
                    0.9660091996192932,
                    0.25850749015808105,
                    0.31020891666412354
                ],
                [
                    0,
                    0,
                    0,
                    1
                ]
            ]
        },
        {
            "file_path": "005.png",
            "transform_matrix": [
                [
                    -0.0717528834939003,
                    0.07775906473398209,
                    -0.9943867921829224,
                    -1.1932642459869385
                ],
                [
                    -0.997422456741333,
                    -0.005593942478299141,
                    0.07153446227312088,
                    0.08584128320217133
                ],
                [
                    -4.95796257382608e-08,
                    0.9969565272331238,
                    0.07795996963977814,
                    0.09355195611715317
                ],
                [
                    0,
                    0,
                    0,
                    1
                ]
            ]
        }
    ]
}