{
    "camera_angle_x": 0.8575560450553894,
    "aabb": [
        [
            -0.35,
            -0.35,
            -0.35
        ],
        [
            0.35,
            0.35,
            0.35
        ]
    ],
    "frames": [
        {
            "file_path": "000.png",
            "transform_matrix": [
                [
                    0.5900760889053345,
                    0.3663662374019623,
                    -0.7194344997406006,
                    -0.8633214235305786
                ],
                [
                    -0.8073476552963257,
                    0.2677706480026245,
                    -0.52582186460495,
                    -0.6309862732887268
                ],
                [
                    4.2616619566615555e-08,
                    0.8911086320877075,
                    0.45379000902175903,
                    0.544547975063324
                ],
                [
                    0,
                    0,
                    0,
                    1
                ]
            ]
        },
        {
            "file_path": "001.png",
            "transform_matrix": [
                [
                    0.5886257290840149,
                    -0.08411077409982681,
                    0.8040181398391724,
                    0.9648218154907227
                ],
                [
                    0.8084056973457336,
                    0.061243679374456406,
                    -0.5854309797286987,
                    -0.7025172114372253
                ],
                [
                    2.6396115515581187e-08,
                    0.9945725798606873,
                    0.10404523462057114,
                    0.12485413998365402
                ],
                [
                    0,
                    0,
                    0,
                    1
                ]
            ]
        },
        {
            "file_path": "002.png",
            "transform_matrix": [
                [
                    0.3967592716217041,
                    -0.07916122674942017,
                    0.9145029187202454,
                    1.0974035263061523
                ],
                [
                    0.9179227352142334,
                    0.034216225147247314,
                    -0.3952811658382416,
                    -0.47433748841285706
                ],
                [
                    6.381999639870628e-08,
                    0.996274471282959,
                    0.08623946458101273,
                    0.10348743200302124
                ],
                [
                    0,
                    0,
                    0,
                    1
                ]
            ]
        },
        {
            "file_path": "003.png",
            "transform_matrix": [
                [
                    -0.7131037712097168,
                    0.09778319299221039,
                    -0.6942055821418762,
                    -0.8330467939376831
                ],
                [
                    -0.7010584473609924,
                    -0.09946334362030029,
                    0.7061331868171692,
                    0.8473597764968872
                ],
                [
                    -6.240006200641801e-08,
                    0.9902249574661255,
                    0.13947944343090057,
                    0.16737526655197144
                ],
                [
                    0,
                    0,
                    0,
                    1
                ]
            ]
        },
        {
            "file_path": "004.png",
            "transform_matrix": [
                [
                    0.6548875570297241,
                    -0.0021850469056516886,
                    0.7557231783866882,
                    0.9068678617477417
                ],
                [
                    0.7557263374328613,
                    0.0018934238469228148,
                    -0.6548848748207092,
                    -0.7858617901802063
                ],
                [
                    1.1539839306351496e-08,
                    0.9999958872795105,
                    0.0028912597335875034,
                    0.003469562390819192
                ],
                [
                    0,
                    0,
                    0,
                    1
                ]
            ]
        },
        {
            "file_path": "005.png",
            "transform_matrix": [
                [
                    0.44011661410331726,
                    0.15779148042201996,
                    -0.883967936038971,
                    -1.0607614517211914
                ],
                [
                    -0.8979406952857971,
                    0.07733980566263199,
                    -0.43326810002326965,
                    -0.5199217796325684
                ],
                [
                    -2.6320513768496312e-08,
                    0.9844391942024231,
                    0.17572587728500366,
                    0.21087127923965454
                ],
                [
                    0,
                    0,
                    0,
                    1
                ]
            ]
        }
    ]
}