{
    "camera_angle_x": 0.8575560450553894,
    "aabb": [
        [
            -0.35,
            -0.35,
            -0.35
        ],
        [
            0.35,
            0.35,
            0.35
        ]
    ],
    "frames": [
        {
            "file_path": "000.png",
            "transform_matrix": [
                [
                    0.9234752058982849,
                    -0.04749464988708496,
                    0.3807069957256317,
                    0.4568484127521515
                ],
                [
                    0.38365811109542847,
                    0.11432089656591415,
                    -0.9163718223571777,
                    -1.0996462106704712
                ],
                [
                    -3.038282514467028e-08,
                    0.9923079609870911,
                    0.12379421293735504,
                    0.14855307340621948
                ],
                [
                    0,
                    0,
                    0,
                    1
                ]
            ]
        },
        {
            "file_path": "001.png",
            "transform_matrix": [
                [
                    0.6317822933197021,
                    0.17615622282028198,
                    -0.7548643350601196,
                    -0.9058371186256409
                ],
                [
                    -0.7751458883285522,
                    0.1435759961605072,
                    -0.6152518391609192,
                    -0.7383022308349609
                ],
                [
                    -1.7286794218307477e-08,
                    0.9738351702690125,
                    0.22725552320480347,
                    0.2727067768573761
                ],
                [
                    0,
                    0,
                    0,
                    1
                ]
            ]
        },
        {
            "file_path": "002.png",
            "transform_matrix": [
                [
                    -0.5366084575653076,
                    0.36535418033599854,
                    -0.7606363296508789,
                    -0.9127637147903442
                ],
                [
                    -0.8438313603401184,
                    -0.23233573138713837,
                    0.4837031662464142,
                    0.5804437398910522
                ],
                [
                    -4.145807608324503e-08,
                    0.9014080166816711,
                    0.43297067284584045,
                    0.5195647478103638
                ],
                [
                    0,
                    0,
                    0,
                    1
                ]
            ]
        },
        {
            "file_path": "003.png",
            "transform_matrix": [
                [
                    0.943290650844574,
                    -0.108909472823143,
                    0.31359437108039856,
                    0.3763132393360138
                ],
                [
                    0.33196792006492615,
                    0.30946749448776245,
                    -0.8910820484161377,
                    -1.069298505783081
                ],
                [
                    5.036744354924849e-09,
                    0.9446526169776917,
                    0.3280722498893738,
                    0.3936867117881775
                ],
                [
                    0,
                    0,
                    0,
                    1
                ]
            ]
        },
        {
            "file_path": "004.png",
            "transform_matrix": [
                [
                    -0.5460691452026367,
                    0.3806583285331726,
                    -0.7462625503540039,
                    -0.8955150842666626
                ],
                [
                    -0.8377401828765869,
                    -0.24812673032283783,
                    0.4864407479763031,
                    0.5837289690971375
                ],
                [
                    5.694550253565467e-08,
                    0.8908043503761292,
                    0.4543870687484741,
                    0.545264482498169
                ],
                [
                    0,
                    0,
                    0,
                    1
                ]
            ]
        },
        {
            "file_path": "005.png",
            "transform_matrix": [
                [
                    0.27781981229782104,
                    0.1080208569765091,
                    -0.9545405507087708,
                    -1.1454486846923828
                ],
                [
                    -0.9606332182884216,
                    0.031240107491612434,
                    -0.2760578393936157,
                    -0.33126938343048096
                ],
                [
                    -2.8981286703810838e-08,
                    0.9936577081680298,
                    0.11244753003120422,
                    0.13493698835372925
                ],
                [
                    0,
                    0,
                    0,
                    1
                ]
            ]
        }
    ]
}