{
    "camera_angle_x": 0.8575560450553894,
    "aabb": [
        [
            -0.35,
            -0.35,
            -0.35
        ],
        [
            0.35,
            0.35,
            0.35
        ]
    ],
    "frames": [
        {
            "file_path": "000.png",
            "transform_matrix": [
                [
                    -0.41198134422302246,
                    0.38385915756225586,
                    -0.8263919353485107,
                    -0.9916703701019287
                ],
                [
                    -0.9111922979354858,
                    -0.17355595529079437,
                    0.37364012002944946,
                    0.4483681619167328
                ],
                [
                    -3.620894517553097e-08,
                    0.9069346785545349,
                    0.42127126455307007,
                    0.505525529384613
                ],
                [
                    0,
                    0,
                    0,
                    1
                ]
            ]
        },
        {
            "file_path": "001.png",
            "transform_matrix": [
                [
                    0.0620822012424469,
                    -0.3956591486930847,
                    0.9162967205047607,
                    1.0995560884475708
                ],
                [
                    0.9980710744857788,
                    0.02461082860827446,
                    -0.056995708495378494,
                    -0.0683949887752533
                ],
                [
                    4.6931383224091405e-09,
                    0.9180676937103271,
                    0.3964237868785858,
                    0.47570863366127014
                ],
                [
                    0,
                    0,
                    0,
                    1
                ]
            ]
        },
        {
            "file_path": "002.png",
            "transform_matrix": [
                [
                    -0.3175373673439026,
                    0.24111735820770264,
                    -0.9170781970024109,
                    -1.1004939079284668
                ],
                [
                    -0.9482457637786865,
                    -0.08074259757995605,
                    0.3071003258228302,
                    0.3685204088687897
                ],
                [
                    -6.223876169997311e-08,
                    0.9671313166618347,
                    0.2542773187160492,
                    0.30513274669647217
                ],
                [
                    0,
                    0,
                    0,
                    1
                ]
            ]
        },
        {
            "file_path": "003.png",
            "transform_matrix": [
                [
                    -0.986862301826477,
                    0.052430178970098495,
                    -0.15281979739665985,
                    -0.1833837777376175
                ],
                [
                    -0.16156364977359772,
                    -0.3202538788318634,
                    0.9334530830383301,
                    1.1201437711715698
                ],
                [
                    -1.3368346429842859e-08,
                    0.9458798170089722,
                    0.32451725006103516,
                    0.38942059874534607
                ],
                [
                    0,
                    0,
                    0,
                    1
                ]
            ]
        },
        {
            "file_path": "004.png",
            "transform_matrix": [
                [
                    -0.6241216659545898,
                    -0.20226910710334778,
                    0.7546915411949158,
                    0.9056298136711121
                ],
                [
                    0.7813271284103394,
                    -0.16157196462154388,
                    0.6028452515602112,
                    0.7234143018722534
                ],
                [
                    1.7320910927765e-08,
                    0.9659097790718079,
                    0.2588789165019989,
                    0.31065481901168823
                ],
                [
                    0,
                    0,
                    0,
                    1
                ]
            ]
        },
        {
            "file_path": "005.png",
            "transform_matrix": [
                [
                    0.35706132650375366,
                    -0.16749045252799988,
                    0.918941855430603,
                    1.1027302742004395
                ],
                [
                    0.934080958366394,
                    0.06402485817670822,
                    -0.3512742519378662,
                    -0.4215291142463684
                ],
                [
                    -2.925823849864173e-08,
                    0.9837925434112549,
                    0.17931044101715088,
                    0.21517254412174225
                ],
                [
                    0,
                    0,
                    0,
                    1
                ]
            ]
        }
    ]
}