{
    "camera_angle_x": 0.8575560450553894,
    "aabb": [
        [
            -0.35,
            -0.35,
            -0.35
        ],
        [
            0.35,
            0.35,
            0.35
        ]
    ],
    "frames": [
        {
            "file_path": "000.png",
            "transform_matrix": [
                [
                    0.6320508122444153,
                    -0.0695258378982544,
                    0.7718018293380737,
                    0.9261620044708252
                ],
                [
                    0.774927020072937,
                    0.056706979870796204,
                    -0.6295018792152405,
                    -0.7554022669792175
                ],
                [
                    1.1454559967205569e-08,
                    0.9959672093391418,
                    0.08971909433603287,
                    0.10766320675611496
                ],
                [
                    0,
                    0,
                    0,
                    1
                ]
            ]
        },
        {
            "file_path": "001.png",
            "transform_matrix": [
                [
                    -0.392793208360672,
                    -0.3714309334754944,
                    0.8412802815437317,
                    1.0095363855361938
                ],
                [
                    0.9196268320083618,
                    -0.15864641964435577,
                    0.3593296706676483,
                    0.43119561672210693
                ],
                [
                    -4.194495772935625e-08,
                    0.9148061871528625,
                    0.4038930833339691,
                    0.48467180132865906
                ],
                [
                    0,
                    0,
                    0,
                    1
                ]
            ]
        },
        {
            "file_path": "002.png",
            "transform_matrix": [
                [
                    0.9940729141235352,
                    0.037251442670822144,
                    -0.10213436931371689,
                    -0.12256123870611191
                ],
                [
                    -0.10871568322181702,
                    0.34061920642852783,
                    -0.9338948726654053,
                    -1.1206737756729126
                ],
                [
                    4.922607210744445e-09,
                    0.9394631385803223,
                    0.3426501154899597,
                    0.41118019819259644
                ],
                [
                    0,
                    0,
                    0,
                    1
                ]
            ]
        },
        {
            "file_path": "003.png",
            "transform_matrix": [
                [
                    0.1226457953453064,
                    0.16875851154327393,
                    -0.9779972434043884,
                    -1.173596739768982
                ],
                [
                    -0.9924505352973938,
                    0.020854925736784935,
                    -0.12085972726345062,
                    -0.14503176510334015
                ],
                [
                    1.3224834560787713e-09,
                    0.9854367971420288,
                    0.17004220187664032,
                    0.2040506899356842
                ],
                [
                    0,
                    0,
                    0,
                    1
                ]
            ]
        },
        {
            "file_path": "004.png",
            "transform_matrix": [
                [
                    -0.3116562068462372,
                    -0.37798503041267395,
                    0.8717784881591797,
                    1.0461342334747314
                ],
                [
                    0.9501949548721313,
                    -0.12397599965333939,
                    0.28593626618385315,
                    0.34312349557876587
                ],
                [
                    -1.0423146790117244e-08,
                    0.917473316192627,
                    0.3977973461151123,
                    0.47735682129859924
                ],
                [
                    0,
                    0,
                    0,
                    1
                ]
            ]
        },
        {
            "file_path": "005.png",
            "transform_matrix": [
                [
                    -0.9980360865592957,
                    0.009636618196964264,
                    -0.06189924106001854,
                    -0.07427908480167389
                ],
                [
                    -0.06264487653970718,
                    -0.15352725982666016,
                    0.9861568212509155,
                    1.183388113975525
                ],
                [
                    2.2275621347489505e-09,
                    0.9880975484848022,
                    0.1538291871547699,
                    0.1845952868461609
                ],
                [
                    0,
                    0,
                    0,
                    1
                ]
            ]
        }
    ]
}