{
    "camera_angle_x": 0.8575560450553894,
    "aabb": [
        [
            -0.35,
            -0.35,
            -0.35
        ],
        [
            0.35,
            0.35,
            0.35
        ]
    ],
    "frames": [
        {
            "file_path": "000.png",
            "transform_matrix": [
                [
                    -0.8622531890869141,
                    -0.18278591334819794,
                    0.4723441004753113,
                    0.5668129324913025
                ],
                [
                    0.5064776539802551,
                    -0.31118401885032654,
                    0.804142415523529,
                    0.9649708867073059
                ],
                [
                    -1.7460169421390503e-10,
                    0.932606041431427,
                    0.3608962297439575,
                    0.43307560682296753
                ],
                [
                    0,
                    0,
                    0,
                    1
                ]
            ]
        },
        {
            "file_path": "001.png",
            "transform_matrix": [
                [
                    -0.5770825147628784,
                    0.024023329839110374,
                    -0.8163324594497681,
                    -0.9795989990234375
                ],
                [
                    -0.8166859149932861,
                    -0.016975296661257744,
                    0.5768327713012695,
                    0.6921993494033813
                ],
                [
                    -1.8247643396307467e-08,
                    0.9995672702789307,
                    0.029415616765618324,
                    0.035298902541399
                ],
                [
                    0,
                    0,
                    0,
                    1
                ]
            ]
        },
        {
            "file_path": "002.png",
            "transform_matrix": [
                [
                    -0.999313235282898,
                    0.01776883564889431,
                    -0.03252100944519043,
                    -0.039025213569402695
                ],
                [
                    -0.03705870360136032,
                    -0.4791487753391266,
                    0.8769511580467224,
                    1.052341341972351
                ],
                [
                    1.0255831739414134e-09,
                    0.8775539398193359,
                    0.47947800159454346,
                    0.5753737092018127
                ],
                [
                    0,
                    0,
                    0,
                    1
                ]
            ]
        },
        {
            "file_path": "003.png",
            "transform_matrix": [
                [
                    0.021845931187272072,
                    -0.3400409519672394,
                    0.940156877040863,
                    1.1281882524490356
                ],
                [
                    0.9997614026069641,
                    0.007430261466652155,
                    -0.020543541759252548,
                    -0.024652255699038506
                ],
                [
                    -3.830059824849741e-09,
                    0.9403813481330872,
                    0.3401220738887787,
                    0.4081466495990753
                ],
                [
                    0,
                    0,
                    0,
                    1
                ]
            ]
        },
        {
            "file_path": "004.png",
            "transform_matrix": [
                [
                    0.9480884075164795,
                    -0.08844252675771713,
                    0.30546072125434875,
                    0.36655279994010925
                ],
                [
                    0.31800681352615356,
                    0.2636776566505432,
                    -0.9106842875480652,
                    -1.0928210020065308
                ],
                [
                    2.410714472489417e-08,
                    0.9605478048324585,
                    0.27811506390571594,
                    0.33373841643333435
                ],
                [
                    0,
                    0,
                    0,
                    1
                ]
            ]
        },
        {
            "file_path": "005.png",
            "transform_matrix": [
                [
                    0.2331722527742386,
                    -0.09490923583507538,
                    0.9677928686141968,
                    1.1613514423370361
                ],
                [
                    0.972435474395752,
                    0.02275741845369339,
                    -0.23205909132957458,
                    -0.2784709632396698
                ],
                [
                    2.5376074574978702e-08,
                    0.9952258467674255,
                    0.09759945422410965,
                    0.1171194538474083
                ],
                [
                    0,
                    0,
                    0,
                    1
                ]
            ]
        }
    ]
}