{
    "camera_angle_x": 0.8575560450553894,
    "aabb": [
        [
            -0.35,
            -0.35,
            -0.35
        ],
        [
            0.35,
            0.35,
            0.35
        ]
    ],
    "frames": [
        {
            "file_path": "000.png",
            "transform_matrix": [
                [
                    -0.8036378622055054,
                    0.006105234380811453,
                    -0.5950873494148254,
                    -0.7141048312187195
                ],
                [
                    -0.5951186418533325,
                    -0.008244458585977554,
                    0.8035955429077148,
                    0.9643146991729736
                ],
                [
                    -3.330155706748883e-08,
                    0.9999473690986633,
                    0.01025889627635479,
                    0.012310565449297428
                ],
                [
                    0,
                    0,
                    0,
                    1
                ]
            ]
        },
        {
            "file_path": "001.png",
            "transform_matrix": [
                [
                    0.02826829068362713,
                    -0.0927281305193901,
                    0.995290219783783,
                    1.1943482160568237
                ],
                [
                    0.9996004700660706,
                    0.00262222858145833,
                    -0.02814648672938347,
                    -0.033775780349969864
                ],
                [
                    4.742226167309127e-09,
                    0.9956880807876587,
                    0.09276510775089264,
                    0.11131829768419266
                ],
                [
                    0,
                    0,
                    0,
                    1
                ]
            ]
        },
        {
            "file_path": "002.png",
            "transform_matrix": [
                [
                    -0.9989051222801208,
                    0.0014856146881356835,
                    -0.04675868898630142,
                    -0.056110430508852005
                ],
                [
                    -0.04678228497505188,
                    -0.03172115981578827,
                    0.9984012842178345,
                    1.198081612586975
                ],
                [
                    -4.236049289119137e-10,
                    0.9994956254959106,
                    0.03175593912601471,
                    0.03810717165470123
                ],
                [
                    0,
                    0,
                    0,
                    1
                ]
            ]
        },
        {
            "file_path": "003.png",
            "transform_matrix": [
                [
                    -0.5492098331451416,
                    -0.34083226323127747,
                    0.7630215883255005,
                    0.9156258702278137
                ],
                [
                    0.8356844782829285,
                    -0.22399404644966125,
                    0.5014559626579285,
                    0.6017472743988037
                ],
                [
                    -8.332938250532607e-08,
                    0.9130498170852661,
                    0.4078480005264282,
                    0.4894176423549652
                ],
                [
                    0,
                    0,
                    0,
                    1
                ]
            ]
        },
        {
            "file_path": "004.png",
            "transform_matrix": [
                [
                    0.4650159776210785,
                    -0.28023192286491394,
                    0.8397799134254456,
                    1.0077358484268188
                ],
                [
                    0.8853023052215576,
                    0.14719527959823608,
                    -0.44110482931137085,
                    -0.5293256640434265
                ],
                [
                    -5.118578272345076e-08,
                    0.9485798478126526,
                    0.3165380656719208,
                    0.37984582781791687
                ],
                [
                    0,
                    0,
                    0,
                    1
                ]
            ]
        },
        {
            "file_path": "005.png",
            "transform_matrix": [
                [
                    0.9193523526191711,
                    -0.04447437450289726,
                    0.3909134566783905,
                    0.4690960943698883
                ],
                [
                    0.3934352695941925,
                    0.10392452776432037,
                    -0.9134597778320312,
                    -1.09615159034729
                ],
                [
                    -2.1181755016641546e-08,
                    0.9935904741287231,
                    0.11304102838039398,
                    0.13564930856227875
                ],
                [
                    0,
                    0,
                    0,
                    1
                ]
            ]
        }
    ]
}