{
    "camera_angle_x": 0.8575560450553894,
    "aabb": [
        [
            -0.35,
            -0.35,
            -0.35
        ],
        [
            0.35,
            0.35,
            0.35
        ]
    ],
    "frames": [
        {
            "file_path": "000.png",
            "transform_matrix": [
                [
                    -0.3407328724861145,
                    -0.24180783331394196,
                    0.9085317850112915,
                    1.0902382135391235
                ],
                [
                    0.9401601552963257,
                    -0.08763601630926132,
                    0.3292701542377472,
                    0.3951241970062256
                ],
                [
                    1.2399960169773294e-08,
                    0.9663585424423218,
                    0.2571985721588135,
                    0.3086383044719696
                ],
                [
                    0,
                    0,
                    0,
                    1
                ]
            ]
        },
        {
            "file_path": "001.png",
            "transform_matrix": [
                [
                    -0.34020087122917175,
                    0.07292860001325607,
                    -0.9375208616256714,
                    -1.1250247955322266
                ],
                [
                    -0.9403530955314636,
                    -0.026384366676211357,
                    0.3391759991645813,
                    0.4070112109184265
                ],
                [
                    -7.463345497171758e-08,
                    0.9969882965087891,
                    0.07755432277917862,
                    0.09306547045707703
                ],
                [
                    0,
                    0,
                    0,
                    1
                ]
            ]
        },
        {
            "file_path": "002.png",
            "transform_matrix": [
                [
                    0.07304815948009491,
                    -0.2978993058204651,
                    0.9517983794212341,
                    1.1421579122543335
                ],
                [
                    0.9973284602165222,
                    0.021819189190864563,
                    -0.06971343606710434,
                    -0.0836562067270279
                ],
                [
                    4.882406301476294e-08,
                    0.9543479681015015,
                    0.29869720339775085,
                    0.3584367632865906
                ],
                [
                    0,
                    0,
                    0,
                    1
                ]
            ]
        },
        {
            "file_path": "003.png",
            "transform_matrix": [
                [
                    -0.9684922099113464,
                    -0.020144488662481308,
                    0.24822796881198883,
                    0.2978735864162445
                ],
                [
                    0.2490440309047699,
                    -0.07833874225616455,
                    0.9653186798095703,
                    1.1583824157714844
                ],
                [
                    6.214234460344414e-09,
                    0.9967232942581177,
                    0.08088725805282593,
                    0.0970647782087326
                ],
                [
                    0,
                    0,
                    0,
                    1
                ]
            ]
        },
        {
            "file_path": "004.png",
            "transform_matrix": [
                [
                    0.5363683104515076,
                    0.07462941855192184,
                    -0.8406780362129211,
                    -1.0088136196136475
                ],
                [
                    -0.843984067440033,
                    0.047428324818611145,
                    -0.5342673659324646,
                    -0.6411207318305969
                ],
                [
                    -4.8461288315593265e-08,
                    0.9960829019546509,
                    0.08842505514621735,
                    0.10611020773649216
                ],
                [
                    0,
                    0,
                    0,
                    1
                ]
            ]
        },
        {
            "file_path": "005.png",
            "transform_matrix": [
                [
                    0.9978740215301514,
                    -0.029983537271618843,
                    0.05786578357219696,
                    0.06943894177675247
                ],
                [
                    0.06517255306243896,
                    0.4590857923030853,
                    -0.8859981894493103,
                    -1.0631978511810303
                ],
                [
                    -2.053330838691636e-09,
                    0.8878858685493469,
                    0.4600639045238495,
                    0.5520768165588379
                ],
                [
                    0,
                    0,
                    0,
                    1
                ]
            ]
        }
    ]
}