{
    "camera_angle_x": 0.8575560450553894,
    "aabb": [
        [
            -0.35,
            -0.35,
            -0.35
        ],
        [
            0.35,
            0.35,
            0.35
        ]
    ],
    "frames": [
        {
            "file_path": "000.png",
            "transform_matrix": [
                [
                    -0.26483505964279175,
                    0.37967103719711304,
                    -0.886404275894165,
                    -1.0636850595474243
                ],
                [
                    -0.9642938375473022,
                    -0.10427340865135193,
                    0.24344328045845032,
                    0.2921319007873535
                ],
                [
                    5.5351510042100927e-08,
                    0.9192264080047607,
                    0.3937295377254486,
                    0.47247567772865295
                ],
                [
                    0,
                    0,
                    0,
                    1
                ]
            ]
        },
        {
            "file_path": "001.png",
            "transform_matrix": [
                [
                    0.8749778270721436,
                    -0.13469524681568146,
                    0.4650494158267975,
                    0.5580592751502991
                ],
                [
                    0.48416295647621155,
                    0.24342074990272522,
                    -0.8404359817504883,
                    -1.0085231065750122
                ],
                [
                    3.384392499583555e-08,
                    0.9605225920677185,
                    0.27820220589637756,
                    0.33384275436401367
                ],
                [
                    0,
                    0,
                    0,
                    1
                ]
            ]
        },
        {
            "file_path": "002.png",
            "transform_matrix": [
                [
                    0.5149893760681152,
                    0.33823689818382263,
                    -0.7876431345939636,
                    -0.9451717734336853
                ],
                [
                    -0.857196569442749,
                    0.2032071053981781,
                    -0.4732028841972351,
                    -0.567843496799469
                ],
                [
                    3.1438812442274866e-08,
                    0.9188594818115234,
                    0.394584983587265,
                    0.4735020101070404
                ],
                [
                    0,
                    0,
                    0,
                    1
                ]
            ]
        },
        {
            "file_path": "003.png",
            "transform_matrix": [
                [
                    -0.6296286582946777,
                    -0.1204804927110672,
                    0.7674974799156189,
                    0.9209968447685242
                ],
                [
                    0.7768963575363159,
                    -0.09764238446950912,
                    0.6220113635063171,
                    0.7464137077331543
                ],
                [
                    -5.115079915185561e-09,
                    0.9879021048545837,
                    0.155079185962677,
                    0.18609504401683807
                ],
                [
                    0,
                    0,
                    0,
                    1
                ]
            ]
        },
        {
            "file_path": "004.png",
            "transform_matrix": [
                [
                    -0.804141104221344,
                    -0.1547515094280243,
                    0.5739424824714661,
                    0.688730776309967
                ],
                [
                    0.5944392085075378,
                    -0.209343820810318,
                    0.7764134407043457,
                    0.9316959381103516
                ],
                [
                    1.1590152837470669e-08,
                    0.9655194282531738,
                    0.26033174991607666,
                    0.3123982548713684
                ],
                [
                    0,
                    0,
                    0,
                    1
                ]
            ]
        },
        {
            "file_path": "005.png",
            "transform_matrix": [
                [
                    0.45561572909355164,
                    -0.00427223090082407,
                    0.8901663422584534,
                    1.0681995153427124
                ],
                [
                    0.8901765942573547,
                    0.002186455996707082,
                    -0.45561060309410095,
                    -0.5467327237129211
                ],
                [
                    6.982100586583329e-08,
                    0.9999886155128479,
                    0.004799165762960911,
                    0.005759274121373892
                ],
                [
                    0,
                    0,
                    0,
                    1
                ]
            ]
        }
    ]
}