{
    "camera_angle_x": 0.8575560450553894,
    "aabb": [
        [
            -0.35,
            -0.35,
            -0.35
        ],
        [
            0.35,
            0.35,
            0.35
        ]
    ],
    "frames": [
        {
            "file_path": "000.png",
            "transform_matrix": [
                [
                    0.09987032413482666,
                    0.17399480938911438,
                    -0.9796693325042725,
                    -1.1756030321121216
                ],
                [
                    -0.9950006008148193,
                    0.017464004456996918,
                    -0.09833163768053055,
                    -0.11799798905849457
                ],
                [
                    -1.209041329275351e-07,
                    0.9845918416976929,
                    0.17486894130706787,
                    0.20984293520450592
                ],
                [
                    0,
                    0,
                    0,
                    1
                ]
            ]
        },
        {
            "file_path": "001.png",
            "transform_matrix": [
                [
                    0.04291631653904915,
                    -0.3257072865962982,
                    0.944496214389801,
                    1.1333953142166138
                ],
                [
                    0.9990787506103516,
                    0.013990961946547031,
                    -0.04057175666093826,
                    -0.04868616536259651
                ],
                [
                    3.846096774395846e-08,
                    0.9453672170639038,
                    0.32600757479667664,
                    0.39120927453041077
                ],
                [
                    0,
                    0,
                    0,
                    1
                ]
            ]
        },
        {
            "file_path": "002.png",
            "transform_matrix": [
                [
                    0.7398037910461426,
                    0.21738314628601074,
                    -0.6367377638816833,
                    -0.7640853524208069
                ],
                [
                    -0.6728227138519287,
                    0.2390241026878357,
                    -0.7001265287399292,
                    -0.8401517868041992
                ],
                [
                    2.9072957374864927e-09,
                    0.9463678598403931,
                    0.3230912387371063,
                    0.38770943880081177
                ],
                [
                    0,
                    0,
                    0,
                    1
                ]
            ]
        },
        {
            "file_path": "003.png",
            "transform_matrix": [
                [
                    -0.48505041003227234,
                    -0.17940016090869904,
                    0.8558867573738098,
                    1.0270639657974243
                ],
                [
                    0.8744864463806152,
                    -0.09950783848762512,
                    0.4747335910797119,
                    0.5696803331375122
                ],
                [
                    3.532699466290978e-08,
                    0.9787308573722839,
                    0.2051490694284439,
                    0.24617882072925568
                ],
                [
                    0,
                    0,
                    0,
                    1
                ]
            ]
        },
        {
            "file_path": "004.png",
            "transform_matrix": [
                [
                    -0.762374758720398,
                    0.09781988710165024,
                    -0.6396999955177307,
                    -0.7676399350166321
                ],
                [
                    -0.647135853767395,
                    -0.11523912101984024,
                    0.7536147236824036,
                    0.9043377041816711
                ],
                [
                    6.430535393064929e-08,
                    0.9885096549987793,
                    0.15115807950496674,
                    0.18138988316059113
                ],
                [
                    0,
                    0,
                    0,
                    1
                ]
            ]
        },
        {
            "file_path": "005.png",
            "transform_matrix": [
                [
                    -0.4009779691696167,
                    0.08745656907558441,
                    -0.9119036197662354,
                    -1.0942842960357666
                ],
                [
                    -0.916087806224823,
                    -0.038280338048934937,
                    0.3991464674472809,
                    0.47897571325302124
                ],
                [
                    6.423538678745899e-08,
                    0.9954326152801514,
                    0.09546736627817154,
                    0.1145610511302948
                ],
                [
                    0,
                    0,
                    0,
                    1
                ]
            ]
        }
    ]
}