{
    "camera_angle_x": 0.8575560450553894,
    "aabb": [
        [
            -0.35,
            -0.35,
            -0.35
        ],
        [
            0.35,
            0.35,
            0.35
        ]
    ],
    "frames": [
        {
            "file_path": "000.png",
            "transform_matrix": [
                [
                    -0.8075540661811829,
                    -0.14057138562202454,
                    0.5727970004081726,
                    0.6873563528060913
                ],
                [
                    0.5897938013076782,
                    -0.19247227907180786,
                    0.7842817902565002,
                    0.9411380290985107
                ],
                [
                    -6.959959364394308e-08,
                    0.9711819291114807,
                    0.23833972215652466,
                    0.28600794076919556
                ],
                [
                    0,
                    0,
                    0,
                    1
                ]
            ]
        },
        {
            "file_path": "001.png",
            "transform_matrix": [
                [
                    -0.4467257857322693,
                    0.3743717074394226,
                    -0.8125774264335632,
                    -0.9750928282737732
                ],
                [
                    -0.8946710228919983,
                    -0.18693074584007263,
                    0.4057348668575287,
                    0.48688194155693054
                ],
                [
                    1.2796128601166856e-09,
                    0.9082416296005249,
                    0.4184461832046509,
                    0.5021355152130127
                ],
                [
                    0,
                    0,
                    0,
                    1
                ]
            ]
        },
        {
            "file_path": "002.png",
            "transform_matrix": [
                [
                    0.675346851348877,
                    0.07124260812997818,
                    -0.7340512275695801,
                    -0.8808613419532776
                ],
                [
                    -0.7375003099441528,
                    0.06523852795362473,
                    -0.6721885800361633,
                    -0.8066262006759644
                ],
                [
                    4.950315357632462e-08,
                    0.9953234195709229,
                    0.09660003334283829,
                    0.11592014878988266
                ],
                [
                    0,
                    0,
                    0,
                    1
                ]
            ]
        },
        {
            "file_path": "003.png",
            "transform_matrix": [
                [
                    -0.37554115056991577,
                    0.45137926936149597,
                    -0.8094601631164551,
                    -0.9713521599769592
                ],
                [
                    -0.9268057942390442,
                    -0.182898610830307,
                    0.3279927372932434,
                    0.3935912549495697
                ],
                [
                    2.4685595789719628e-08,
                    0.8733870387077332,
                    0.48702678084373474,
                    0.5844321846961975
                ],
                [
                    0,
                    0,
                    0,
                    1
                ]
            ]
        },
        {
            "file_path": "004.png",
            "transform_matrix": [
                [
                    -0.5682823061943054,
                    -0.17214909195899963,
                    0.8046240210533142,
                    0.9655489325523376
                ],
                [
                    0.8228335976600647,
                    -0.11889323592185974,
                    0.5557060241699219,
                    0.6668473482131958
                ],
                [
                    8.726149758331303e-08,
                    0.9778696298599243,
                    0.20921504497528076,
                    0.2510579228401184
                ],
                [
                    0,
                    0,
                    0,
                    1
                ]
            ]
        },
        {
            "file_path": "005.png",
            "transform_matrix": [
                [
                    0.3271636366844177,
                    -0.1554134041070938,
                    0.9321001768112183,
                    1.1185201406478882
                ],
                [
                    0.9449677467346191,
                    0.05380663648247719,
                    -0.32270872592926025,
                    -0.38725051283836365
                ],
                [
                    4.3102769353708936e-08,
                    0.9863830804824829,
                    0.16446419060230255,
                    0.19735713303089142
                ],
                [
                    0,
                    0,
                    0,
                    1
                ]
            ]
        }
    ]
}