{
    "camera_angle_x": 0.8575560450553894,
    "aabb": [
        [
            -0.35,
            -0.35,
            -0.35
        ],
        [
            0.35,
            0.35,
            0.35
        ]
    ],
    "frames": [
        {
            "file_path": "000.png",
            "transform_matrix": [
                [
                    -0.2175336629152298,
                    -0.22309722006320953,
                    0.950214147567749,
                    1.1402568817138672
                ],
                [
                    0.9760529398918152,
                    -0.049721814692020416,
                    0.21177490055561066,
                    0.25412997603416443
                ],
                [
                    -9.598996086879197e-08,
                    0.9735273718833923,
                    0.22857074439525604,
                    0.2742850184440613
                ],
                [
                    0,
                    0,
                    0,
                    1
                ]
            ]
        },
        {
            "file_path": "001.png",
            "transform_matrix": [
                [
                    0.24206897616386414,
                    0.4304695129394531,
                    -0.8695394992828369,
                    -1.0434472560882568
                ],
                [
                    -0.9702591896057129,
                    0.10739731788635254,
                    -0.21694065630435944,
                    -0.2603287696838379
                ],
                [
                    2.553106881464373e-08,
                    0.8961931467056274,
                    0.4436643421649933,
                    0.5323973894119263
                ],
                [
                    0,
                    0,
                    0,
                    1
                ]
            ]
        },
        {
            "file_path": "002.png",
            "transform_matrix": [
                [
                    0.8041850328445435,
                    0.2147270292043686,
                    -0.5542370676994324,
                    -0.6650844216346741
                ],
                [
                    -0.5943790078163147,
                    0.290522038936615,
                    -0.749873697757721,
                    -0.899848461151123
                ],
                [
                    -5.5999979764465024e-08,
                    0.932464063167572,
                    0.3612627387046814,
                    0.4335153102874756
                ],
                [
                    0,
                    0,
                    0,
                    1
                ]
            ]
        },
        {
            "file_path": "003.png",
            "transform_matrix": [
                [
                    -0.5473033785820007,
                    -0.24877305328845978,
                    0.7991064786911011,
                    0.9589276909828186
                ],
                [
                    0.8369343876838684,
                    -0.1626822054386139,
                    0.5225661993026733,
                    0.6270794868469238
                ],
                [
                    -2.885074934511067e-08,
                    0.9548018574714661,
                    0.2972431480884552,
                    0.3566919267177582
                ],
                [
                    0,
                    0,
                    0,
                    1
                ]
            ]
        },
        {
            "file_path": "004.png",
            "transform_matrix": [
                [
                    0.26008567214012146,
                    -0.4017612040042877,
                    0.8780338764190674,
                    1.053640604019165
                ],
                [
                    0.9655855894088745,
                    0.10821644961833954,
                    -0.2365032583475113,
                    -0.2838039696216583
                ],
                [
                    3.403279436042794e-08,
                    0.9093279242515564,
                    0.4160802662372589,
                    0.49929654598236084
                ],
                [
                    0,
                    0,
                    0,
                    1
                ]
            ]
        },
        {
            "file_path": "005.png",
            "transform_matrix": [
                [
                    0.7281661033630371,
                    0.3304772675037384,
                    -0.6004655957221985,
                    -0.7205586433410645
                ],
                [
                    -0.6854007244110107,
                    0.3510972261428833,
                    -0.6379315257072449,
                    -0.7655177712440491
                ],
                [
                    -2.995966852381571e-08,
                    0.8760796785354614,
                    0.48216643929481506,
                    0.5785999298095703
                ],
                [
                    0,
                    0,
                    0,
                    1
                ]
            ]
        }
    ]
}