{
    "camera_angle_x": 0.8575560450553894,
    "aabb": [
        [
            -0.35,
            -0.35,
            -0.35
        ],
        [
            0.35,
            0.35,
            0.35
        ]
    ],
    "frames": [
        {
            "file_path": "000.png",
            "transform_matrix": [
                [
                    0.2843455672264099,
                    -0.2678658366203308,
                    0.9205409288406372,
                    1.1046490669250488
                ],
                [
                    0.958721935749054,
                    0.0794457197189331,
                    -0.2730216085910797,
                    -0.32762598991394043
                ],
                [
                    5.059603935819723e-08,
                    0.9601752161979675,
                    0.2793987989425659,
                    0.3352786898612976
                ],
                [
                    0,
                    0,
                    0,
                    1
                ]
            ]
        },
        {
            "file_path": "001.png",
            "transform_matrix": [
                [
                    0.7885383367538452,
                    -0.1007242426276207,
                    0.6066810488700867,
                    0.728017270565033
                ],
                [
                    0.6149855852127075,
                    0.12914921343326569,
                    -0.7778902649879456,
                    -0.9334683418273926
                ],
                [
                    8.450381727698186e-09,
                    0.9864963889122009,
                    0.16378305852413177,
                    0.19653970003128052
                ],
                [
                    0,
                    0,
                    0,
                    1
                ]
            ]
        },
        {
            "file_path": "002.png",
            "transform_matrix": [
                [
                    0.7598346471786499,
                    -0.28293377161026,
                    0.5853203535079956,
                    0.7023842930793762
                ],
                [
                    0.6501164436340332,
                    0.33068349957466125,
                    -0.6841033101081848,
                    -0.8209238052368164
                ],
                [
                    1.7471890600972984e-09,
                    0.9003317356109619,
                    0.4352045953273773,
                    0.5222457051277161
                ],
                [
                    0,
                    0,
                    0,
                    1
                ]
            ]
        },
        {
            "file_path": "003.png",
            "transform_matrix": [
                [
                    -0.43708857893943787,
                    0.3786664307117462,
                    -0.8158219456672668,
                    -0.9789862036705017
                ],
                [
                    -0.8994185328483582,
                    -0.1840197592973709,
                    0.3964632749557495,
                    0.4757560193538666
                ],
                [
                    2.5603970499332718e-08,
                    0.9070549011230469,
                    0.42101243138313293,
                    0.5052151083946228
                ],
                [
                    0,
                    0,
                    0,
                    1
                ]
            ]
        },
        {
            "file_path": "004.png",
            "transform_matrix": [
                [
                    -0.9696412086486816,
                    -0.08055736124515533,
                    0.23088206350803375,
                    0.2770584523677826
                ],
                [
                    0.2445322424173355,
                    -0.3194332718849182,
                    0.9155142903327942,
                    1.0986170768737793
                ],
                [
                    -5.282267068196234e-09,
                    0.9441784620285034,
                    0.32943448424339294,
                    0.3953215181827545
                ],
                [
                    0,
                    0,
                    0,
                    1
                ]
            ]
        },
        {
            "file_path": "005.png",
            "transform_matrix": [
                [
                    -0.9282848238945007,
                    -0.08928176760673523,
                    0.36099323630332947,
                    0.4331918954849243
                ],
                [
                    0.3718700706958771,
                    -0.2228706330060959,
                    0.9011333584785461,
                    1.081360101699829
                ],
                [
                    7.882308139528504e-09,
                    0.9707509875297546,
                    0.24008862674236298,
                    0.2881062924861908
                ],
                [
                    0,
                    0,
                    0,
                    1
                ]
            ]
        }
    ]
}