{
    "camera_angle_x": 0.8575560450553894,
    "aabb": [
        [
            -0.35,
            -0.35,
            -0.35
        ],
        [
            0.35,
            0.35,
            0.35
        ]
    ],
    "frames": [
        {
            "file_path": "000.png",
            "transform_matrix": [
                [
                    0.8976524472236633,
                    0.20945441722869873,
                    -0.3877485692501068,
                    -0.46529829502105713
                ],
                [
                    -0.4407041072845459,
                    0.4266292452812195,
                    -0.7897894978523254,
                    -0.9477473497390747
                ],
                [
                    -1.0229881830525756e-08,
                    0.8798388242721558,
                    0.47527217864990234,
                    0.5703266859054565
                ],
                [
                    0,
                    0,
                    0,
                    1
                ]
            ]
        },
        {
            "file_path": "001.png",
            "transform_matrix": [
                [
                    -0.9770823121070862,
                    0.03652815893292427,
                    -0.2097052037715912,
                    -0.2516462504863739
                ],
                [
                    -0.21286281943321228,
                    -0.16767151653766632,
                    0.9625881314277649,
                    1.155105710029602
                ],
                [
                    8.02493183016395e-09,
                    0.985166072845459,
                    0.17160409688949585,
                    0.20592527091503143
                ],
                [
                    0,
                    0,
                    0,
                    1
                ]
            ]
        },
        {
            "file_path": "002.png",
            "transform_matrix": [
                [
                    0.9042001366615295,
                    -0.07555431127548218,
                    0.4203733205795288,
                    0.5044479370117188
                ],
                [
                    0.42710909247398376,
                    0.15995009243488312,
                    -0.8899404406547546,
                    -1.067928433418274
                ],
                [
                    3.422381311679601e-08,
                    0.9842295050621033,
                    0.1768968254327774,
                    0.2122763842344284
                ],
                [
                    0,
                    0,
                    0,
                    1
                ]
            ]
        },
        {
            "file_path": "003.png",
            "transform_matrix": [
                [
                    0.8175876140594482,
                    -0.23299261927604675,
                    0.5265595316886902,
                    0.6318714618682861
                ],
                [
                    0.5758042335510254,
                    0.33082741498947144,
                    -0.7476648688316345,
                    -0.8971977829933167
                ],
                [
                    5.2016229545870374e-08,
                    0.914476752281189,
                    0.40463852882385254,
                    0.4855663478374481
                ],
                [
                    0,
                    0,
                    0,
                    1
                ]
            ]
        },
        {
            "file_path": "004.png",
            "transform_matrix": [
                [
                    -0.8639906644821167,
                    -0.09377292543649673,
                    0.494698703289032,
                    0.5936384201049805
                ],
                [
                    0.5035078525543213,
                    -0.16090895235538483,
                    0.8488746285438538,
                    1.0186495780944824
                ],
                [
                    -1.4780908941247617e-08,
                    0.9825044274330139,
                    0.18623922765254974,
                    0.22348716855049133
                ],
                [
                    0,
                    0,
                    0,
                    1
                ]
            ]
        },
        {
            "file_path": "005.png",
            "transform_matrix": [
                [
                    0.7586079239845276,
                    -0.17341913282871246,
                    0.6280444860458374,
                    0.7536534070968628
                ],
                [
                    0.6515474319458008,
                    0.20191487669944763,
                    -0.7312430739402771,
                    -0.8774916529655457
                ],
                [
                    2.044416191893106e-09,
                    0.9639275074005127,
                    0.26616501808166504,
                    0.3193979561328888
                ],
                [
                    0,
                    0,
                    0,
                    1
                ]
            ]
        }
    ]
}