{
    "camera_angle_x": 0.8575560450553894,
    "aabb": [
        [
            -0.35,
            -0.35,
            -0.35
        ],
        [
            0.35,
            0.35,
            0.35
        ]
    ],
    "frames": [
        {
            "file_path": "000.png",
            "transform_matrix": [
                [
                    -0.9781181216239929,
                    0.08385683596134186,
                    -0.19040237367153168,
                    -0.22848282754421234
                ],
                [
                    -0.20805054903030396,
                    -0.39424020051956177,
                    0.8951478600502014,
                    1.0741775035858154
                ],
                [
                    7.061161433341567e-09,
                    0.9151736497879028,
                    0.40305984020233154,
                    0.4836719036102295
                ],
                [
                    0,
                    0,
                    0,
                    1
                ]
            ]
        },
        {
            "file_path": "001.png",
            "transform_matrix": [
                [
                    0.9237802028656006,
                    0.08757921308279037,
                    -0.3727733790874481,
                    -0.447328120470047
                ],
                [
                    -0.3829231262207031,
                    0.21127985417842865,
                    -0.8992946147918701,
                    -1.0791535377502441
                ],
                [
                    1.4531980951915102e-08,
                    0.9734941124916077,
                    0.22871224582195282,
                    0.2744547724723816
                ],
                [
                    0,
                    0,
                    0,
                    1
                ]
            ]
        },
        {
            "file_path": "002.png",
            "transform_matrix": [
                [
                    0.1503973752260208,
                    -0.2199794501066208,
                    0.9638411998748779,
                    1.156609296798706
                ],
                [
                    0.988625705242157,
                    0.033464815467596054,
                    -0.14662708342075348,
                    -0.17595262825489044
                ],
                [
                    6.587251277778705e-08,
                    0.974930465221405,
                    0.2225102335214615,
                    0.2670125961303711
                ],
                [
                    0,
                    0,
                    0,
                    1
                ]
            ]
        },
        {
            "file_path": "003.png",
            "transform_matrix": [
                [
                    0.8847427368164062,
                    -0.01817333698272705,
                    0.46572527289390564,
                    0.5588703155517578
                ],
                [
                    0.4660797119140625,
                    0.03449774160981178,
                    -0.8840699791908264,
                    -1.0608839988708496
                ],
                [
                    1.5371168227140686e-10,
                    0.9992396235466003,
                    0.03899184241890907,
                    0.04679025337100029
                ],
                [
                    0,
                    0,
                    0,
                    1
                ]
            ]
        },
        {
            "file_path": "004.png",
            "transform_matrix": [
                [
                    0.9998958110809326,
                    -0.001275994349271059,
                    0.014380285516381264,
                    0.017256341874599457
                ],
                [
                    0.014436785131692886,
                    0.08837570995092392,
                    -0.9959826469421387,
                    -1.1951791048049927
                ],
                [
                    -4.899213257303359e-10,
                    0.9960864186286926,
                    0.08838491886854172,
                    0.10606194287538528
                ],
                [
                    0,
                    0,
                    0,
                    1
                ]
            ]
        },
        {
            "file_path": "005.png",
            "transform_matrix": [
                [
                    -0.6679757833480835,
                    -0.17583712935447693,
                    0.7231111526489258,
                    0.867733359336853
                ],
                [
                    0.7441830635070801,
                    -0.15783065557479858,
                    0.6490616798400879,
                    0.7788740396499634
                ],
                [
                    -5.905426547769821e-08,
                    0.9716845154762268,
                    0.23628202080726624,
                    0.2835385203361511
                ],
                [
                    0,
                    0,
                    0,
                    1
                ]
            ]
        }
    ]
}