{
    "camera_angle_x": 0.8575560450553894,
    "aabb": [
        [
            -0.35,
            -0.35,
            -0.35
        ],
        [
            0.35,
            0.35,
            0.35
        ]
    ],
    "frames": [
        {
            "file_path": "000.png",
            "transform_matrix": [
                [
                    0.998386561870575,
                    0.00632585771381855,
                    -0.05642889440059662,
                    -0.06771466881036758
                ],
                [
                    -0.05678236111998558,
                    0.11122556030750275,
                    -0.9921717643737793,
                    -1.1906059980392456
                ],
                [
                    2.022563894144014e-09,
                    0.9937751293182373,
                    0.11140530556440353,
                    0.13368651270866394
                ],
                [
                    0,
                    0,
                    0,
                    1
                ]
            ]
        },
        {
            "file_path": "001.png",
            "transform_matrix": [
                [
                    0.47968336939811707,
                    0.3730582594871521,
                    -0.794185996055603,
                    -0.9530233144760132
                ],
                [
                    -0.8774416446685791,
                    0.2039451152086258,
                    -0.4341687262058258,
                    -0.521002471446991
                ],
                [
                    9.091772312785906e-08,
                    0.9051153659820557,
                    0.42516595125198364,
                    0.5101990699768066
                ],
                [
                    0,
                    0,
                    0,
                    1
                ]
            ]
        },
        {
            "file_path": "002.png",
            "transform_matrix": [
                [
                    -0.9997734427452087,
                    -0.00842246599495411,
                    0.01955362781882286,
                    0.023464351892471313
                ],
                [
                    0.021290427073836327,
                    -0.3955090343952179,
                    0.9182153344154358,
                    1.101858377456665
                ],
                [
                    -2.3996626907774044e-09,
                    0.9184235334396362,
                    0.3955986201763153,
                    0.47471854090690613
                ],
                [
                    0,
                    0,
                    0,
                    1
                ]
            ]
        },
        {
            "file_path": "003.png",
            "transform_matrix": [
                [
                    -0.2326785922050476,
                    -0.36020392179489136,
                    0.9033902287483215,
                    1.0840682983398438
                ],
                [
                    0.9725537300109863,
                    -0.0861770510673523,
                    0.21613150835037231,
                    0.2593578100204468
                ],
                [
                    3.999570807877717e-08,
                    0.9288846850395203,
                    0.3703691363334656,
                    0.4444429576396942
                ],
                [
                    0,
                    0,
                    0,
                    1
                ]
            ]
        },
        {
            "file_path": "004.png",
            "transform_matrix": [
                [
                    -0.9998907446861267,
                    -5.718566626455868e-06,
                    0.01478600688278675,
                    0.01774320751428604
                ],
                [
                    0.014786007814109325,
                    -0.0003867488703690469,
                    0.9998906254768372,
                    1.1998687982559204
                ],
                [
                    -7.749345609653346e-11,
                    0.9999999403953552,
                    0.00038670896901749074,
                    0.0004641698324121535
                ],
                [
                    0,
                    0,
                    0,
                    1
                ]
            ]
        },
        {
            "file_path": "005.png",
            "transform_matrix": [
                [
                    -0.008863486349582672,
                    -0.006249928846955299,
                    0.9999412894248962,
                    1.1999294757843018
                ],
                [
                    0.9999607801437378,
                    -5.543623774428852e-05,
                    0.008863233029842377,
                    0.010635806247591972
                ],
                [
                    -4.276273557479726e-08,
                    0.9999805688858032,
                    0.006250092759728432,
                    0.007500136736780405
                ],
                [
                    0,
                    0,
                    0,
                    1
                ]
            ]
        }
    ]
}