{
    "camera_angle_x": 0.8575560450553894,
    "aabb": [
        [
            -0.35,
            -0.35,
            -0.35
        ],
        [
            0.35,
            0.35,
            0.35
        ]
    ],
    "frames": [
        {
            "file_path": "000.png",
            "transform_matrix": [
                [
                    -0.05051416903734207,
                    -0.42628008127212524,
                    0.9031798243522644,
                    1.0838158130645752
                ],
                [
                    0.9987234473228455,
                    -0.02156071364879608,
                    0.045681629329919815,
                    0.0548180527985096
                ],
                [
                    -5.465168229079609e-08,
                    0.9043343663215637,
                    0.4268248677253723,
                    0.5121899247169495
                ],
                [
                    0,
                    0,
                    0,
                    1
                ]
            ]
        },
        {
            "file_path": "001.png",
            "transform_matrix": [
                [
                    -0.5788293480873108,
                    0.30749955773353577,
                    -0.7552487850189209,
                    -0.9062986373901367
                ],
                [
                    -0.8154487609863281,
                    -0.21827225387096405,
                    0.536097526550293,
                    0.6433170437812805
                ],
                [
                    -7.317688499597352e-08,
                    0.9261756539344788,
                    0.3770924508571625,
                    0.45251089334487915
                ],
                [
                    0,
                    0,
                    0,
                    1
                ]
            ]
        },
        {
            "file_path": "002.png",
            "transform_matrix": [
                [
                    -0.22753529250621796,
                    -0.29933542013168335,
                    0.9266209602355957,
                    1.1119450330734253
                ],
                [
                    0.973770022392273,
                    -0.06994415074586868,
                    0.2165180742740631,
                    0.2598216235637665
                ],
                [
                    3.636652579075417e-08,
                    0.9515810608863831,
                    0.30739834904670715,
                    0.36887821555137634
                ],
                [
                    0,
                    0,
                    0,
                    1
                ]
            ]
        },
        {
            "file_path": "003.png",
            "transform_matrix": [
                [
                    0.5346894860267639,
                    -0.19326776266098022,
                    0.8226510286331177,
                    0.9871812462806702
                ],
                [
                    0.8450486063957214,
                    0.12228675186634064,
                    -0.5205178260803223,
                    -0.6246215105056763
                ],
                [
                    -6.944265606989575e-09,
                    0.9734955430030823,
                    0.22870609164237976,
                    0.2744472622871399
                ],
                [
                    0,
                    0,
                    0,
                    1
                ]
            ]
        },
        {
            "file_path": "004.png",
            "transform_matrix": [
                [
                    -0.6220179796218872,
                    0.36797034740448,
                    -0.691152811050415,
                    -0.8293832540512085
                ],
                [
                    -0.7830034494400024,
                    -0.29231584072113037,
                    0.5490515828132629,
                    0.6588617563247681
                ],
                [
                    -5.6316771690489986e-08,
                    0.882694661617279,
                    0.4699471890926361,
                    0.5639368295669556
                ],
                [
                    0,
                    0,
                    0,
                    1
                ]
            ]
        },
        {
            "file_path": "005.png",
            "transform_matrix": [
                [
                    0.2630767524242401,
                    0.040104057639837265,
                    -0.9639410376548767,
                    -1.1567292213439941
                ],
                [
                    -0.9647749066352844,
                    0.010935593396425247,
                    -0.2628493905067444,
                    -0.31541934609413147
                ],
                [
                    -3.551296856585395e-08,
                    0.9991356730461121,
                    0.041568271815776825,
                    0.049881961196660995
                ],
                [
                    0,
                    0,
                    0,
                    1
                ]
            ]
        }
    ]
}