{
    "camera_angle_x": 0.8575560450553894,
    "aabb": [
        [
            -0.35,
            -0.35,
            -0.35
        ],
        [
            0.35,
            0.35,
            0.35
        ]
    ],
    "frames": [
        {
            "file_path": "000.png",
            "transform_matrix": [
                [
                    -0.49000054597854614,
                    0.07501281797885895,
                    -0.8684885501861572,
                    -1.0421863794326782
                ],
                [
                    -0.8717220425605774,
                    -0.04216519370675087,
                    0.48818302154541016,
                    0.585819661617279
                ],
                [
                    -5.1508415310763667e-08,
                    0.9962906241416931,
                    0.08605138212442398,
                    0.10326162725687027
                ],
                [
                    0,
                    0,
                    0,
                    1
                ]
            ]
        },
        {
            "file_path": "001.png",
            "transform_matrix": [
                [
                    0.673995316028595,
                    -0.1529654562473297,
                    0.7227253317832947,
                    0.8672705292701721
                ],
                [
                    0.7387356162071228,
                    0.13956019282341003,
                    -0.6593880653381348,
                    -0.7912656664848328
                ],
                [
                    -9.32002208742233e-08,
                    0.9783273935317993,
                    0.2070639580488205,
                    0.24847669899463654
                ],
                [
                    0,
                    0,
                    0,
                    1
                ]
            ]
        },
        {
            "file_path": "002.png",
            "transform_matrix": [
                [
                    -0.41635245084762573,
                    0.03769991174340248,
                    -0.908421516418457,
                    -1.0901057720184326
                ],
                [
                    -0.9092034697532654,
                    -0.017263976857066154,
                    0.4159942865371704,
                    0.4991931617259979
                ],
                [
                    5.8864397800562074e-08,
                    0.9991400837898254,
                    0.041464656591415405,
                    0.04975780099630356
                ],
                [
                    0,
                    0,
                    0,
                    1
                ]
            ]
        },
        {
            "file_path": "003.png",
            "transform_matrix": [
                [
                    0.21332815289497375,
                    0.40043970942497253,
                    -0.891144871711731,
                    -1.0693738460540771
                ],
                [
                    -0.9769806265830994,
                    0.08743789792060852,
                    -0.19458551704883575,
                    -0.23350267112255096
                ],
                [
                    9.260166677904635e-08,
                    0.9121417999267578,
                    0.4098747670650482,
                    0.4918496608734131
                ],
                [
                    0,
                    0,
                    0,
                    1
                ]
            ]
        },
        {
            "file_path": "004.png",
            "transform_matrix": [
                [
                    0.976836085319519,
                    0.009122749790549278,
                    -0.21379439532756805,
                    -0.2565532624721527
                ],
                [
                    -0.21398894488811493,
                    0.04164428636431694,
                    -0.9759480357170105,
                    -1.1711375713348389
                ],
                [
                    -4.3576608987905274e-10,
                    0.9990909099578857,
                    0.04263180494308472,
                    0.051158275455236435
                ],
                [
                    0,
                    0,
                    0,
                    1
                ]
            ]
        },
        {
            "file_path": "005.png",
            "transform_matrix": [
                [
                    -0.6531322598457336,
                    -0.36888155341148376,
                    0.6613206267356873,
                    0.7935847043991089
                ],
                [
                    0.7572440505027771,
                    -0.3181648552417755,
                    0.5703970789909363,
                    0.6844764351844788
                ],
                [
                    -2.963723844118249e-08,
                    0.8733257055282593,
                    0.4871368408203125,
                    0.5845643281936646
                ],
                [
                    0,
                    0,
                    0,
                    1
                ]
            ]
        }
    ]
}