{
    "camera_angle_x": 0.8575560450553894,
    "aabb": [
        [
            -0.35,
            -0.35,
            -0.35
        ],
        [
            0.35,
            0.35,
            0.35
        ]
    ],
    "frames": [
        {
            "file_path": "000.png",
            "transform_matrix": [
                [
                    -0.8609668016433716,
                    0.13797502219676971,
                    -0.4895915985107422,
                    -0.5875097513198853
                ],
                [
                    -0.5086620450019836,
                    -0.2335381656885147,
                    0.8286877870559692,
                    0.9944251775741577
                ],
                [
                    1.0099928005047332e-08,
                    0.9625089168548584,
                    0.2712506949901581,
                    0.325501024723053
                ],
                [
                    0,
                    0,
                    0,
                    1
                ]
            ]
        },
        {
            "file_path": "001.png",
            "transform_matrix": [
                [
                    -0.2572730779647827,
                    0.4384440779685974,
                    -0.8611490726470947,
                    -1.0333787202835083
                ],
                [
                    -0.9663389325141907,
                    -0.11672903597354889,
                    0.22926779091358185,
                    0.2751213610172272
                ],
                [
                    1.327217091784405e-07,
                    0.8911461234092712,
                    0.45371654629707336,
                    0.544460117816925
                ],
                [
                    0,
                    0,
                    0,
                    1
                ]
            ]
        },
        {
            "file_path": "002.png",
            "transform_matrix": [
                [
                    0.9676691293716431,
                    0.0401621088385582,
                    -0.24900506436824799,
                    -0.29880598187446594
                ],
                [
                    -0.2522231340408325,
                    0.15408405661582947,
                    -0.9553229808807373,
                    -1.1463873386383057
                ],
                [
                    -1.228514179274498e-08,
                    0.9872413873672485,
                    0.15923218429088593,
                    0.19107891619205475
                ],
                [
                    0,
                    0,
                    0,
                    1
                ]
            ]
        },
        {
            "file_path": "003.png",
            "transform_matrix": [
                [
                    0.8328948020935059,
                    -0.009810167364776134,
                    0.5533443689346313,
                    0.6640132069587708
                ],
                [
                    0.5534313321113586,
                    0.01476380042731762,
                    -0.8327640891075134,
                    -0.9993168115615845
                ],
                [
                    3.386204383559743e-08,
                    0.9998430013656616,
                    0.017725929617881775,
                    0.021271362900733948
                ],
                [
                    0,
                    0,
                    0,
                    1
                ]
            ]
        },
        {
            "file_path": "004.png",
            "transform_matrix": [
                [
                    -0.9565507769584656,
                    -0.07021140307188034,
                    0.2829859256744385,
                    0.3395831286907196
                ],
                [
                    0.2915659248828888,
                    -0.23034505546092987,
                    0.9284021258354187,
                    1.1140825748443604
                ],
                [
                    -8.070362156331612e-09,
                    0.9705727696418762,
                    0.24080795049667358,
                    0.28896957635879517
                ],
                [
                    0,
                    0,
                    0,
                    1
                ]
            ]
        },
        {
            "file_path": "005.png",
            "transform_matrix": [
                [
                    0.1008865088224411,
                    0.2317766696214676,
                    -0.967523455619812,
                    -1.1610281467437744
                ],
                [
                    -0.9948979616165161,
                    0.023502981290221214,
                    -0.09811067581176758,
                    -0.11773286014795303
                ],
                [
                    -3.235259171674443e-08,
                    0.9724851250648499,
                    0.23296521604061127,
                    0.27955830097198486
                ],
                [
                    0,
                    0,
                    0,
                    1
                ]
            ]
        }
    ]
}