{
    "camera_angle_x": 0.8575560450553894,
    "aabb": [
        [
            -0.35,
            -0.35,
            -0.35
        ],
        [
            0.35,
            0.35,
            0.35
        ]
    ],
    "frames": [
        {
            "file_path": "000.png",
            "transform_matrix": [
                [
                    0.8778981566429138,
                    -0.11983735859394073,
                    0.4636096954345703,
                    0.5563315153121948
                ],
                [
                    0.4788475036621094,
                    0.21970443427562714,
                    -0.8499619960784912,
                    -1.0199542045593262
                ],
                [
                    -2.0385677146350645e-08,
                    0.968178391456604,
                    0.25026190280914307,
                    0.3003145456314087
                ],
                [
                    0,
                    0,
                    0,
                    1
                ]
            ]
        },
        {
            "file_path": "001.png",
            "transform_matrix": [
                [
                    -0.9280292987823486,
                    -0.11167137324810028,
                    0.35537487268447876,
                    0.42644983530044556
                ],
                [
                    0.3725074529647827,
                    -0.27820730209350586,
                    0.8853468298912048,
                    1.0624161958694458
                ],
                [
                    -2.412230948323213e-08,
                    0.9540075063705444,
                    0.2997828423976898,
                    0.35973939299583435
                ],
                [
                    0,
                    0,
                    0,
                    1
                ]
            ]
        },
        {
            "file_path": "002.png",
            "transform_matrix": [
                [
                    -0.6243351697921753,
                    -0.1462104469537735,
                    0.7673512697219849,
                    0.9208216071128845
                ],
                [
                    0.7811564803123474,
                    -0.11685789376497269,
                    0.6133014559745789,
                    0.7359617948532104
                ],
                [
                    1.269544469550965e-09,
                    0.9823271632194519,
                    0.1871718019247055,
                    0.2246060073375702
                ],
                [
                    0,
                    0,
                    0,
                    1
                ]
            ]
        },
        {
            "file_path": "003.png",
            "transform_matrix": [
                [
                    -0.7621071934700012,
                    -0.3228728771209717,
                    0.5612003207206726,
                    0.6734403967857361
                ],
                [
                    0.6474509239196777,
                    -0.38005006313323975,
                    0.6605825424194336,
                    0.7926990389823914
                ],
                [
                    1.776508895545703e-08,
                    0.866784393787384,
                    0.4986831545829773,
                    0.5984199047088623
                ],
                [
                    0,
                    0,
                    0,
                    1
                ]
            ]
        },
        {
            "file_path": "004.png",
            "transform_matrix": [
                [
                    0.9498321413993835,
                    0.12668173015117645,
                    -0.28595560789108276,
                    -0.34314674139022827
                ],
                [
                    -0.3127600848674774,
                    0.38472431898117065,
                    -0.868428647518158,
                    -1.042114496231079
                ],
                [
                    2.4560581124433156e-08,
                    0.9142969846725464,
                    0.4050444960594177,
                    0.48605337738990784
                ],
                [
                    0,
                    0,
                    0,
                    1
                ]
            ]
        },
        {
            "file_path": "005.png",
            "transform_matrix": [
                [
                    0.5586819648742676,
                    -0.33083000779151917,
                    0.7605432271957397,
                    0.9126518368721008
                ],
                [
                    0.8293820023536682,
                    0.22285117208957672,
                    -0.5123113393783569,
                    -0.614773690700531
                ],
                [
                    2.5911504053510725e-09,
                    0.9169999361038208,
                    0.39888736605644226,
                    0.4786648154258728
                ],
                [
                    0,
                    0,
                    0,
                    1
                ]
            ]
        }
    ]
}