{
    "camera_angle_x": 0.8575560450553894,
    "aabb": [
        [
            -0.35,
            -0.35,
            -0.35
        ],
        [
            0.35,
            0.35,
            0.35
        ]
    ],
    "frames": [
        {
            "file_path": "000.png",
            "transform_matrix": [
                [
                    -0.8892619013786316,
                    -0.08923710882663727,
                    0.44860950112342834,
                    0.5383313298225403
                ],
                [
                    0.4573988914489746,
                    -0.17349234223365784,
                    0.8721736669540405,
                    1.046608328819275
                ],
                [
                    -3.1212472606512165e-09,
                    0.9807841181755066,
                    0.19509680569171906,
                    0.23411646485328674
                ],
                [
                    0,
                    0,
                    0,
                    1
                ]
            ]
        },
        {
            "file_path": "001.png",
            "transform_matrix": [
                [
                    0.4441336393356323,
                    0.025702062994241714,
                    -0.8955919146537781,
                    -1.0747102499008179
                ],
                [
                    -0.8959606289863586,
                    0.012740490026772022,
                    -0.44395098090171814,
                    -0.532741129398346
                ],
                [
                    -6.272769326187699e-08,
                    0.9995886087417603,
                    0.028686445206403732,
                    0.034424081444740295
                ],
                [
                    0,
                    0,
                    0,
                    1
                ]
            ]
        },
        {
            "file_path": "002.png",
            "transform_matrix": [
                [
                    0.997340738773346,
                    -0.031945060938596725,
                    0.06550505012273788,
                    0.07860606163740158
                ],
                [
                    0.07287934422492981,
                    0.43716248869895935,
                    -0.8964248895645142,
                    -1.0757099390029907
                ],
                [
                    4.959808119764375e-10,
                    0.8988150358200073,
                    0.4383280873298645,
                    0.5259937644004822
                ],
                [
                    0,
                    0,
                    0,
                    1
                ]
            ]
        },
        {
            "file_path": "003.png",
            "transform_matrix": [
                [
                    0.6595781445503235,
                    0.09535851329565048,
                    -0.7455624938011169,
                    -0.8946749567985535
                ],
                [
                    -0.7516360282897949,
                    0.08367925137281418,
                    -0.6542485952377319,
                    -0.7850982546806335
                ],
                [
                    -1.1529969867751788e-08,
                    0.9919196963310242,
                    0.12686787545681,
                    0.1522415280342102
                ],
                [
                    0,
                    0,
                    0,
                    1
                ]
            ]
        },
        {
            "file_path": "004.png",
            "transform_matrix": [
                [
                    0.9367490410804749,
                    -0.04365132376551628,
                    0.3472689986228943,
                    0.41672277450561523
                ],
                [
                    0.350001722574234,
                    0.11682884395122528,
                    -0.9294353127479553,
                    -1.115322232246399
                ],
                [
                    6.952527442649625e-10,
                    0.9921924471855164,
                    0.1247173398733139,
                    0.14966100454330444
                ],
                [
                    0,
                    0,
                    0,
                    1
                ]
            ]
        },
        {
            "file_path": "005.png",
            "transform_matrix": [
                [
                    0.65683913230896,
                    -0.3298572301864624,
                    0.6780535578727722,
                    0.8136643171310425
                ],
                [
                    0.7540307641029358,
                    0.2873398959636688,
                    -0.5906550884246826,
                    -0.7087860703468323
                ],
                [
                    -5.0055639633228566e-09,
                    0.8992385864257812,
                    0.4374585747718811,
                    0.5249503254890442
                ],
                [
                    0,
                    0,
                    0,
                    1
                ]
            ]
        }
    ]
}