{
    "camera_angle_x": 0.8575560450553894,
    "aabb": [
        [
            -0.35,
            -0.35,
            -0.35
        ],
        [
            0.35,
            0.35,
            0.35
        ]
    ],
    "frames": [
        {
            "file_path": "000.png",
            "transform_matrix": [
                [
                    0.9944137930870056,
                    -0.009017426520586014,
                    0.10516587644815445,
                    0.12619905173778534
                ],
                [
                    0.10555177181959152,
                    0.08495398610830307,
                    -0.9907783269882202,
                    -1.1889339685440063
                ],
                [
                    7.235655186121903e-09,
                    0.9963440895080566,
                    0.08543122559785843,
                    0.10251763463020325
                ],
                [
                    0,
                    0,
                    0,
                    1
                ]
            ]
        },
        {
            "file_path": "001.png",
            "transform_matrix": [
                [
                    -0.796650767326355,
                    0.2731740474700928,
                    -0.539188027381897,
                    -0.6470257043838501
                ],
                [
                    -0.6044400334358215,
                    -0.360042929649353,
                    0.7106486558914185,
                    0.8527782559394836
                ],
                [
                    -5.6183964147749066e-08,
                    0.8920454978942871,
                    0.45194563269615173,
                    0.542334794998169
                ],
                [
                    0,
                    0,
                    0,
                    1
                ]
            ]
        },
        {
            "file_path": "002.png",
            "transform_matrix": [
                [
                    -0.2974812984466553,
                    -0.35098615288734436,
                    0.887870192527771,
                    1.0654443502426147
                ],
                [
                    0.9547275900840759,
                    -0.10936299711465836,
                    0.2766493558883667,
                    0.33197927474975586
                ],
                [
                    7.529174439468989e-08,
                    0.929972231388092,
                    0.36762967705726624,
                    0.4411555528640747
                ],
                [
                    0,
                    0,
                    0,
                    1
                ]
            ]
        },
        {
            "file_path": "003.png",
            "transform_matrix": [
                [
                    -0.30639058351516724,
                    0.36201873421669006,
                    -0.8803791999816895,
                    -1.0564548969268799
                ],
                [
                    -0.9519060254096985,
                    -0.11652316153049469,
                    0.28336814045906067,
                    0.34004175662994385
                ],
                [
                    1.0999534083566687e-07,
                    0.9248594641685486,
                    0.38030922412872314,
                    0.4563711881637573
                ],
                [
                    0,
                    0,
                    0,
                    1
                ]
            ]
        },
        {
            "file_path": "004.png",
            "transform_matrix": [
                [
                    -0.8806277513504028,
                    -0.060986682772636414,
                    0.4698677659034729,
                    0.5638412833213806
                ],
                [
                    0.4738091230392456,
                    -0.11335071921348572,
                    0.873302161693573,
                    1.0479625463485718
                ],
                [
                    6.00940630590685e-09,
                    0.9916816353797913,
                    0.1287156492471695,
                    0.1544588953256607
                ],
                [
                    0,
                    0,
                    0,
                    1
                ]
            ]
        },
        {
            "file_path": "005.png",
            "transform_matrix": [
                [
                    -0.9982889890670776,
                    -0.009481740184128284,
                    0.05770243704319,
                    0.069242924451828
                ],
                [
                    0.0584762766957283,
                    -0.16186942160129547,
                    0.9850782155990601,
                    1.1820937395095825
                ],
                [
                    -6.899227855683421e-10,
                    0.9867667555809021,
                    0.1621466875076294,
                    0.19457612931728363
                ],
                [
                    0,
                    0,
                    0,
                    1
                ]
            ]
        }
    ]
}