{
    "camera_angle_x": 0.8575560450553894,
    "aabb": [
        [
            -0.35,
            -0.35,
            -0.35
        ],
        [
            0.35,
            0.35,
            0.35
        ]
    ],
    "frames": [
        {
            "file_path": "000.png",
            "transform_matrix": [
                [
                    -0.6150984764099121,
                    -0.24381844699382782,
                    0.7498041987419128,
                    0.899765133857727
                ],
                [
                    0.7884502410888672,
                    -0.19021153450012207,
                    0.5849493741989136,
                    0.7019392251968384
                ],
                [
                    -2.1393766758137645e-08,
                    0.9509848356246948,
                    0.3092375695705414,
                    0.3710850477218628
                ],
                [
                    0,
                    0,
                    0,
                    1
                ]
            ]
        },
        {
            "file_path": "001.png",
            "transform_matrix": [
                [
                    0.856092631816864,
                    -0.22815273702144623,
                    0.46373680233955383,
                    0.5564841032028198
                ],
                [
                    0.5168225169181824,
                    0.377924382686615,
                    -0.7681588530540466,
                    -0.9217904210090637
                ],
                [
                    -3.118848823646658e-08,
                    0.8972846865653992,
                    0.44145268201828003,
                    0.5297432541847229
                ],
                [
                    0,
                    0,
                    0,
                    1
                ]
            ]
        },
        {
            "file_path": "002.png",
            "transform_matrix": [
                [
                    -0.9961087703704834,
                    0.010413683950901031,
                    -0.08751684427261353,
                    -0.10502021759748459
                ],
                [
                    -0.08813422918319702,
                    -0.11769740283489227,
                    0.9891308546066284,
                    1.1869570016860962
                ],
                [
                    -3.1958169444123996e-09,
                    0.9929949641227722,
                    0.11815705895423889,
                    0.1417885273694992
                ],
                [
                    0,
                    0,
                    0,
                    1
                ]
            ]
        },
        {
            "file_path": "003.png",
            "transform_matrix": [
                [
                    0.2493787705898285,
                    0.23023077845573425,
                    -0.9406403303146362,
                    -1.1287682056427002
                ],
                [
                    -0.9684061408042908,
                    0.05928763374686241,
                    -0.24222880601882935,
                    -0.2906745970249176
                ],
                [
                    -7.368610255298336e-08,
                    0.9713284969329834,
                    0.2377418577671051,
                    0.28529053926467896
                ],
                [
                    0,
                    0,
                    0,
                    1
                ]
            ]
        },
        {
            "file_path": "004.png",
            "transform_matrix": [
                [
                    -0.3279971480369568,
                    0.095463328063488,
                    -0.9398429989814758,
                    -1.1278115510940552
                ],
                [
                    -0.9446788430213928,
                    -0.033145349472761154,
                    0.32631802558898926,
                    0.3915816843509674
                ],
                [
                    7.330971385499652e-08,
                    0.9948810935020447,
                    0.1010536253452301,
                    0.12126465141773224
                ],
                [
                    0,
                    0,
                    0,
                    1
                ]
            ]
        },
        {
            "file_path": "005.png",
            "transform_matrix": [
                [
                    0.7096559405326843,
                    0.30904990434646606,
                    -0.633148193359375,
                    -0.759777843952179
                ],
                [
                    -0.7045484185218811,
                    0.31129029393196106,
                    -0.6377381086349487,
                    -0.7652857899665833
                ],
                [
                    -4.941412612424756e-09,
                    0.8986582159996033,
                    0.43864959478378296,
                    0.5263795852661133
                ],
                [
                    0,
                    0,
                    0,
                    1
                ]
            ]
        }
    ]
}