{
    "camera_angle_x": 0.8575560450553894,
    "aabb": [
        [
            -0.35,
            -0.35,
            -0.35
        ],
        [
            0.35,
            0.35,
            0.35
        ]
    ],
    "frames": [
        {
            "file_path": "000.png",
            "transform_matrix": [
                [
                    0.8999555706977844,
                    0.16272006928920746,
                    -0.40447765588760376,
                    -0.48537304997444153
                ],
                [
                    -0.4359816610813141,
                    0.3358874022960663,
                    -0.83492511510849,
                    -1.001909852027893
                ],
                [
                    -2.719283642704795e-08,
                    0.9277403354644775,
                    0.37322667241096497,
                    0.4478723704814911
                ],
                [
                    0,
                    0,
                    0,
                    1
                ]
            ]
        },
        {
            "file_path": "001.png",
            "transform_matrix": [
                [
                    0.9266684055328369,
                    0.11441275477409363,
                    -0.3580438494682312,
                    -0.4296526312828064
                ],
                [
                    -0.3758798837661743,
                    0.2820652723312378,
                    -0.8826966881752014,
                    -1.0592360496520996
                ],
                [
                    -2.7742311559109112e-08,
                    0.952548623085022,
                    0.3043864071369171,
                    0.36526381969451904
                ],
                [
                    0,
                    0,
                    0,
                    1
                ]
            ]
        },
        {
            "file_path": "002.png",
            "transform_matrix": [
                [
                    -0.9975934028625488,
                    0.0005595699185505509,
                    -0.0693351998925209,
                    -0.08320223540067673
                ],
                [
                    -0.06933745741844177,
                    -0.0080508291721344,
                    0.9975608587265015,
                    1.197072982788086
                ],
                [
                    4.1382275384194145e-09,
                    0.9999675154685974,
                    0.008070110343396664,
                    0.009684263728559017
                ],
                [
                    0,
                    0,
                    0,
                    1
                ]
            ]
        },
        {
            "file_path": "003.png",
            "transform_matrix": [
                [
                    0.009052369743585587,
                    0.25741687417030334,
                    -0.9662581086158752,
                    -1.1595096588134766
                ],
                [
                    -0.9999591112136841,
                    0.0023302158806473017,
                    -0.008747375570237637,
                    -0.01049695536494255
                ],
                [
                    -5.4200786081537444e-08,
                    0.9662977457046509,
                    0.2574273347854614,
                    0.30891287326812744
                ],
                [
                    0,
                    0,
                    0,
                    1
                ]
            ]
        },
        {
            "file_path": "004.png",
            "transform_matrix": [
                [
                    -0.41848403215408325,
                    0.12365355342626572,
                    -0.899767279624939,
                    -1.0797207355499268
                ],
                [
                    -0.9082242846488953,
                    -0.056976139545440674,
                    0.41458719968795776,
                    0.4975046217441559
                ],
                [
                    -1.4685564764249648e-08,
                    0.9906885027885437,
                    0.1361486315727234,
                    0.16337847709655762
                ],
                [
                    0,
                    0,
                    0,
                    1
                ]
            ]
        },
        {
            "file_path": "005.png",
            "transform_matrix": [
                [
                    -0.9277516603469849,
                    -0.11045723408460617,
                    0.3564772307872772,
                    0.4277726709842682
                ],
                [
                    0.37319809198379517,
                    -0.2745910882949829,
                    0.8861844539642334,
                    1.063421368598938
                ],
                [
                    -8.509662308142651e-09,
                    0.9551957249641418,
                    0.29597482085227966,
                    0.35516980290412903
                ],
                [
                    0,
                    0,
                    0,
                    1
                ]
            ]
        }
    ]
}