{
    "camera_angle_x": 0.8575560450553894,
    "aabb": [
        [
            -0.35,
            -0.35,
            -0.35
        ],
        [
            0.35,
            0.35,
            0.35
        ]
    ],
    "frames": [
        {
            "file_path": "000.png",
            "transform_matrix": [
                [
                    -0.9913562536239624,
                    0.049090661108493805,
                    -0.12166712433099747,
                    -0.14600057899951935
                ],
                [
                    -0.1311974972486496,
                    -0.3709396421909332,
                    0.9193426966667175,
                    1.1032114028930664
                ],
                [
                    -1.617129896658298e-08,
                    0.9273585677146912,
                    0.3741738796234131,
                    0.4490085542201996
                ],
                [
                    0,
                    0,
                    0,
                    1
                ]
            ]
        },
        {
            "file_path": "001.png",
            "transform_matrix": [
                [
                    -0.6435952186584473,
                    -0.36958569288253784,
                    0.6702181696891785,
                    0.8042616844177246
                ],
                [
                    0.7653665542602539,
                    -0.3107839822769165,
                    0.5635849237442017,
                    0.6763017177581787
                ],
                [
                    5.643615352823872e-09,
                    0.8756827712059021,
                    0.48288702964782715,
                    0.5794646143913269
                ],
                [
                    0,
                    0,
                    0,
                    1
                ]
            ]
        },
        {
            "file_path": "002.png",
            "transform_matrix": [
                [
                    -0.8647441864013672,
                    -0.13192887604236603,
                    0.4845745265483856,
                    0.5814894437789917
                ],
                [
                    0.5022128224372864,
                    -0.22716419398784637,
                    0.8343733549118042,
                    1.0012480020523071
                ],
                [
                    1.4458604979949996e-08,
                    0.9648789167404175,
                    0.2626951336860657,
                    0.3152342736721039
                ],
                [
                    0,
                    0,
                    0,
                    1
                ]
            ]
        },
        {
            "file_path": "003.png",
            "transform_matrix": [
                [
                    0.5882880091667175,
                    0.2316197007894516,
                    -0.7747706174850464,
                    -0.9297246932983398
                ],
                [
                    -0.8086515069007874,
                    0.16850152611732483,
                    -0.5636399984359741,
                    -0.6763681173324585
                ],
                [
                    -7.646410438155726e-08,
                    0.9581020474433899,
                    0.2864270508289337,
                    0.3437125086784363
                ],
                [
                    0,
                    0,
                    0,
                    1
                ]
            ]
        },
        {
            "file_path": "004.png",
            "transform_matrix": [
                [
                    -0.9240915775299072,
                    -0.01592785306274891,
                    0.38183945417404175,
                    0.45820727944374084
                ],
                [
                    0.38217151165008545,
                    -0.03851361945271492,
                    0.9232885837554932,
                    1.1079462766647339
                ],
                [
                    -2.1165575958548288e-08,
                    0.9991312026977539,
                    0.041677094995975494,
                    0.05001280829310417
                ],
                [
                    0,
                    0,
                    0,
                    1
                ]
            ]
        },
        {
            "file_path": "005.png",
            "transform_matrix": [
                [
                    0.7364897131919861,
                    -0.1705763190984726,
                    0.6545888781547546,
                    0.7855066657066345
                ],
                [
                    0.6764487028121948,
                    0.18571659922599792,
                    -0.7126896381378174,
                    -0.855227530002594
                ],
                [
                    -4.69639793720944e-08,
                    0.9676843881607056,
                    0.2521645128726959,
                    0.30259740352630615
                ],
                [
                    0,
                    0,
                    0,
                    1
                ]
            ]
        }
    ]
}