{
    "camera_angle_x": 0.8575560450553894,
    "aabb": [
        [
            -0.35,
            -0.35,
            -0.35
        ],
        [
            0.35,
            0.35,
            0.35
        ]
    ],
    "frames": [
        {
            "file_path": "000.png",
            "transform_matrix": [
                [
                    -0.9870461225509644,
                    0.03372427076101303,
                    -0.15685230493545532,
                    -0.18822278082370758
                ],
                [
                    -0.16043682396411896,
                    -0.20747984945774078,
                    0.9649933576583862,
                    1.1579921245574951
                ],
                [
                    5.684304582587174e-09,
                    0.9776578545570374,
                    0.21020275354385376,
                    0.25224316120147705
                ],
                [
                    0,
                    0,
                    0,
                    1
                ]
            ]
        },
        {
            "file_path": "001.png",
            "transform_matrix": [
                [
                    0.647093653678894,
                    0.13011562824249268,
                    -0.751225471496582,
                    -0.9014705419540405
                ],
                [
                    -0.7624105215072632,
                    0.11043518036603928,
                    -0.6376004219055176,
                    -0.7651205658912659
                ],
                [
                    -2.6820046628017735e-08,
                    0.9853293895721436,
                    0.17066341638565063,
                    0.20479615032672882
                ],
                [
                    0,
                    0,
                    0,
                    1
                ]
            ]
        },
        {
            "file_path": "002.png",
            "transform_matrix": [
                [
                    0.9383202195167542,
                    0.11716359853744507,
                    -0.32531192898750305,
                    -0.3903743028640747
                ],
                [
                    -0.3457674980163574,
                    0.3179505169391632,
                    -0.8828093409538269,
                    -1.0593712329864502
                ],
                [
                    -2.610622829024578e-08,
                    0.9408401250839233,
                    0.3388507664203644,
                    0.4066210091114044
                ],
                [
                    0,
                    0,
                    0,
                    1
                ]
            ]
        },
        {
            "file_path": "003.png",
            "transform_matrix": [
                [
                    -0.27509820461273193,
                    0.23173417150974274,
                    -0.9330703616142273,
                    -1.1196844577789307
                ],
                [
                    -0.9614161849021912,
                    -0.06630810350179672,
                    0.2669873535633087,
                    0.3203848600387573
                ],
                [
                    1.2402860960492035e-09,
                    0.9705166816711426,
                    0.24103416502475739,
                    0.28924107551574707
                ],
                [
                    0,
                    0,
                    0,
                    1
                ]
            ]
        },
        {
            "file_path": "004.png",
            "transform_matrix": [
                [
                    -0.842140793800354,
                    -0.24011804163455963,
                    0.482848197221756,
                    0.5794178247451782
                ],
                [
                    0.5392578840255737,
                    -0.3749842047691345,
                    0.754047691822052,
                    0.9048572182655334
                ],
                [
                    -3.8012625935834876e-08,
                    0.895393967628479,
                    0.44527488946914673,
                    0.5343300700187683
                ],
                [
                    0,
                    0,
                    0,
                    1
                ]
            ]
        },
        {
            "file_path": "005.png",
            "transform_matrix": [
                [
                    -0.9845105409622192,
                    -0.030685972422361374,
                    0.17261932790279388,
                    0.20714318752288818
                ],
                [
                    0.17532558739185333,
                    -0.17231173813343048,
                    0.9693139791488647,
                    1.1631767749786377
                ],
                [
                    -9.368543274490548e-09,
                    0.9845644235610962,
                    0.17502270638942719,
                    0.21002735197544098
                ],
                [
                    0,
                    0,
                    0,
                    1
                ]
            ]
        }
    ]
}