{
    "camera_angle_x": 0.8575560450553894,
    "aabb": [
        [
            -0.35,
            -0.35,
            -0.35
        ],
        [
            0.35,
            0.35,
            0.35
        ]
    ],
    "frames": [
        {
            "file_path": "000.png",
            "transform_matrix": [
                [
                    0.968020498752594,
                    0.020084375515580177,
                    -0.2500658333301544,
                    -0.30007901787757874
                ],
                [
                    -0.25087109208106995,
                    0.0774981826543808,
                    -0.9649134278297424,
                    -1.1578960418701172
                ],
                [
                    -7.891451048180897e-09,
                    0.9967902898788452,
                    0.08005841821432114,
                    0.0960703119635582
                ],
                [
                    0,
                    0,
                    0,
                    1
                ]
            ]
        },
        {
            "file_path": "001.png",
            "transform_matrix": [
                [
                    -0.8307889103889465,
                    -0.20569032430648804,
                    0.5171859264373779,
                    0.6206231117248535
                ],
                [
                    0.5565876364707947,
                    -0.3070231080055237,
                    0.7719760537147522,
                    0.9263712763786316
                ],
                [
                    1.6848931139179513e-08,
                    0.9292084574699402,
                    0.3695560693740845,
                    0.44346728920936584
                ],
                [
                    0,
                    0,
                    0,
                    1
                ]
            ]
        },
        {
            "file_path": "002.png",
            "transform_matrix": [
                [
                    -0.22862420976161957,
                    -0.11414351314306259,
                    0.9668000340461731,
                    1.1601600646972656
                ],
                [
                    0.9735147953033447,
                    -0.026805885136127472,
                    0.22704726457595825,
                    0.2724567949771881
                ],
                [
                    -6.534749275033391e-08,
                    0.9931026101112366,
                    0.11724883317947388,
                    0.1406986564397812
                ],
                [
                    0,
                    0,
                    0,
                    1
                ]
            ]
        },
        {
            "file_path": "003.png",
            "transform_matrix": [
                [
                    -0.5955964922904968,
                    0.054019179195165634,
                    -0.8014654517173767,
                    -0.9617584943771362
                ],
                [
                    -0.8032838106155396,
                    -0.0400526188313961,
                    0.5942481756210327,
                    0.7130978107452393
                ],
                [
                    2.3578948571412184e-08,
                    0.9977363348007202,
                    0.0672479048371315,
                    0.08069747686386108
                ],
                [
                    0,
                    0,
                    0,
                    1
                ]
            ]
        },
        {
            "file_path": "004.png",
            "transform_matrix": [
                [
                    0.40546151995658875,
                    0.1219511553645134,
                    -0.9059409499168396,
                    -1.08712899684906
                ],
                [
                    -0.9141121506690979,
                    0.05409231409430504,
                    -0.40183717012405396,
                    -0.4822046160697937
                ],
                [
                    3.2016345130614354e-09,
                    0.9910610914230347,
                    0.13340933620929718,
                    0.16009125113487244
                ],
                [
                    0,
                    0,
                    0,
                    1
                ]
            ]
        },
        {
            "file_path": "005.png",
            "transform_matrix": [
                [
                    0.7485552430152893,
                    -0.1329990178346634,
                    0.6495971083641052,
                    0.7795165181159973
                ],
                [
                    0.6630725264549255,
                    0.150145024061203,
                    -0.733342707157135,
                    -0.8800111413002014
                ],
                [
                    1.9120557581686626e-08,
                    0.9796774387359619,
                    0.20057979226112366,
                    0.24069593846797943
                ],
                [
                    0,
                    0,
                    0,
                    1
                ]
            ]
        }
    ]
}