{
    "camera_angle_x": 0.8575560450553894,
    "aabb": [
        [
            -0.35,
            -0.35,
            -0.35
        ],
        [
            0.35,
            0.35,
            0.35
        ]
    ],
    "frames": [
        {
            "file_path": "000.png",
            "transform_matrix": [
                [
                    0.161464124917984,
                    0.4896479845046997,
                    -0.856839656829834,
                    -1.0282076597213745
                ],
                [
                    -0.9868785738945007,
                    0.08011172711849213,
                    -0.14018836617469788,
                    -0.1682259738445282
                ],
                [
                    -2.648419084039233e-08,
                    0.8682321310043335,
                    0.496158242225647,
                    0.5953900218009949
                ],
                [
                    0,
                    0,
                    0,
                    1
                ]
            ]
        },
        {
            "file_path": "001.png",
            "transform_matrix": [
                [
                    0.9795200824737549,
                    0.08085145801305771,
                    -0.18440011143684387,
                    -0.22128012776374817
                ],
                [
                    -0.20134636759757996,
                    0.39333024621009827,
                    -0.8970791697502136,
                    -1.0764949321746826
                ],
                [
                    -6.091527282592324e-09,
                    0.9158353805541992,
                    0.40155401825904846,
                    0.4818649888038635
                ],
                [
                    0,
                    0,
                    0,
                    1
                ]
            ]
        },
        {
            "file_path": "002.png",
            "transform_matrix": [
                [
                    -0.007710353937000036,
                    -0.28153276443481445,
                    0.959520697593689,
                    1.151424765586853
                ],
                [
                    0.9999703764915466,
                    -0.0021708528511226177,
                    0.007398382294923067,
                    0.008878200314939022
                ],
                [
                    1.3755723671238229e-08,
                    0.9595492482185364,
                    0.28154104948043823,
                    0.33784952759742737
                ],
                [
                    0,
                    0,
                    0,
                    1
                ]
            ]
        },
        {
            "file_path": "003.png",
            "transform_matrix": [
                [
                    0.23514562845230103,
                    -0.0026495461352169514,
                    0.9719566702842712,
                    1.166347861289978
                ],
                [
                    0.9719602465629578,
                    0.000640766229480505,
                    -0.23514488339424133,
                    -0.28217393159866333
                ],
                [
                    1.0052710308627866e-07,
                    0.9999964237213135,
                    0.0027258244808763266,
                    0.0032713012769818306
                ],
                [
                    0,
                    0,
                    0,
                    1
                ]
            ]
        },
        {
            "file_path": "004.png",
            "transform_matrix": [
                [
                    0.48297178745269775,
                    -0.40659084916114807,
                    0.7755141854286194,
                    0.9306169748306274
                ],
                [
                    0.8756359815597534,
                    0.22426201403141022,
                    -0.4277479946613312,
                    -0.5132976174354553
                ],
                [
                    -1.4297540928964736e-08,
                    0.8856582641601562,
                    0.4643377363681793,
                    0.5572052597999573
                ],
                [
                    0,
                    0,
                    0,
                    1
                ]
            ]
        },
        {
            "file_path": "005.png",
            "transform_matrix": [
                [
                    -0.494844526052475,
                    -0.18894104659557343,
                    0.8481923341751099,
                    1.0178308486938477
                ],
                [
                    0.8689815402030945,
                    -0.10759321600198746,
                    0.48300600051879883,
                    0.5796071887016296
                ],
                [
                    6.717186806781683e-08,
                    0.9760763645172119,
                    0.21742817759513855,
                    0.2609138488769531
                ],
                [
                    0,
                    0,
                    0,
                    1
                ]
            ]
        }
    ]
}