{
    "camera_angle_x": 0.8575560450553894,
    "aabb": [
        [
            -0.35,
            -0.35,
            -0.35
        ],
        [
            0.35,
            0.35,
            0.35
        ]
    ],
    "frames": [
        {
            "file_path": "000.png",
            "transform_matrix": [
                [
                    -0.5209420919418335,
                    -0.2500488758087158,
                    0.8161465525627136,
                    0.9793757796287537
                ],
                [
                    0.8535922169685364,
                    -0.15260328352451324,
                    0.49808916449546814,
                    0.5977069735527039
                ],
                [
                    -7.235077248424204e-08,
                    0.9561318159103394,
                    0.2929370403289795,
                    0.3515247404575348
                ],
                [
                    0,
                    0,
                    0,
                    1
                ]
            ]
        },
        {
            "file_path": "001.png",
            "transform_matrix": [
                [
                    0.36797836422920227,
                    0.4094031751155853,
                    -0.8348538279533386,
                    -1.0018246173858643
                ],
                [
                    -0.9298343062400818,
                    0.16201969981193542,
                    -0.33039015531539917,
                    -0.39646831154823303
                ],
                [
                    -7.234591237192944e-08,
                    0.8978521823883057,
                    0.4402969181537628,
                    0.5283564329147339
                ],
                [
                    0,
                    0,
                    0,
                    1
                ]
            ]
        },
        {
            "file_path": "002.png",
            "transform_matrix": [
                [
                    -0.3039800822734833,
                    0.4056098461151123,
                    -0.8620190620422363,
                    -1.0344228744506836
                ],
                [
                    -0.9526784420013428,
                    -0.12942180037498474,
                    0.2750524878501892,
                    0.3300630450248718
                ],
                [
                    -3.462529463149622e-08,
                    0.9048373699188232,
                    0.42575734853744507,
                    0.510908842086792
                ],
                [
                    0,
                    0,
                    0,
                    1
                ]
            ]
        },
        {
            "file_path": "003.png",
            "transform_matrix": [
                [
                    0.5251650214195251,
                    0.12184058874845505,
                    -0.8422331213951111,
                    -1.0106797218322754
                ],
                [
                    -0.8510004281997681,
                    0.07518956065177917,
                    -0.5197547078132629,
                    -0.6237055063247681
                ],
                [
                    -2.6238105022002856e-09,
                    0.9896976947784424,
                    0.14317327737808228,
                    0.1718081533908844
                ],
                [
                    0,
                    0,
                    0,
                    1
                ]
            ]
        },
        {
            "file_path": "004.png",
            "transform_matrix": [
                [
                    0.6054391860961914,
                    -0.08292388170957565,
                    0.7915598750114441,
                    0.949871838092804
                ],
                [
                    0.7958915829658508,
                    0.06308057904243469,
                    -0.6021441221237183,
                    -0.7225729823112488
                ],
                [
                    2.8871113499917556e-08,
                    0.9945574998855591,
                    0.10418985038995743,
                    0.1250278651714325
                ],
                [
                    0,
                    0,
                    0,
                    1
                ]
            ]
        },
        {
            "file_path": "005.png",
            "transform_matrix": [
                [
                    0.9729920029640198,
                    0.11498555541038513,
                    -0.20016205310821533,
                    -0.24019446969032288
                ],
                [
                    -0.23083874583244324,
                    0.48466745018959045,
                    -0.8436889052391052,
                    -1.0124266147613525
                ],
                [
                    -6.626050819136253e-10,
                    0.8671077489852905,
                    0.4981206953525543,
                    0.597744882106781
                ],
                [
                    0,
                    0,
                    0,
                    1
                ]
            ]
        }
    ]
}