{
    "camera_angle_x": 0.8575560450553894,
    "aabb": [
        [
            -0.35,
            -0.35,
            -0.35
        ],
        [
            0.35,
            0.35,
            0.35
        ]
    ],
    "frames": [
        {
            "file_path": "000.png",
            "transform_matrix": [
                [
                    -0.7918645143508911,
                    -0.04439443722367287,
                    0.6090810298919678,
                    0.7308973073959351
                ],
                [
                    0.6106967926025391,
                    -0.05756445229053497,
                    0.7897694110870361,
                    0.9477233290672302
                ],
                [
                    4.6270656639535446e-08,
                    0.99735426902771,
                    0.07269477844238281,
                    0.08723360300064087
                ],
                [
                    0,
                    0,
                    0,
                    1
                ]
            ]
        },
        {
            "file_path": "001.png",
            "transform_matrix": [
                [
                    -0.9991127848625183,
                    -0.014844759367406368,
                    0.03941555321216583,
                    0.04729865863919258
                ],
                [
                    0.042118318378925323,
                    -0.3521410822868347,
                    0.9349988698959351,
                    1.1219985485076904
                ],
                [
                    -3.1983704573690375e-10,
                    0.9358292818069458,
                    0.35245370864868164,
                    0.4229446053504944
                ],
                [
                    0,
                    0,
                    0,
                    1
                ]
            ]
        },
        {
            "file_path": "002.png",
            "transform_matrix": [
                [
                    0.8540018796920776,
                    -0.25905072689056396,
                    0.45119115710258484,
                    0.5414294004440308
                ],
                [
                    0.5202698707580566,
                    0.42522120475769043,
                    -0.7406120300292969,
                    -0.8887344598770142
                ],
                [
                    2.4362144301903754e-08,
                    0.8672252297401428,
                    0.49791601300239563,
                    0.5974991917610168
                ],
                [
                    0,
                    0,
                    0,
                    1
                ]
            ]
        },
        {
            "file_path": "003.png",
            "transform_matrix": [
                [
                    -0.11261099576950073,
                    0.09137073159217834,
                    -0.9894293546676636,
                    -1.1873151063919067
                ],
                [
                    -0.9936392903327942,
                    -0.010355405509471893,
                    0.11213372647762299,
                    0.13456039130687714
                ],
                [
                    -5.99595608719028e-08,
                    0.9957632422447205,
                    0.0919555053114891,
                    0.11034667491912842
                ],
                [
                    0,
                    0,
                    0,
                    1
                ]
            ]
        },
        {
            "file_path": "004.png",
            "transform_matrix": [
                [
                    0.09903475642204285,
                    0.3105469346046448,
                    -0.9453849196434021,
                    -1.1344619989395142
                ],
                [
                    -0.9950839281082153,
                    0.03090689703822136,
                    -0.09408848732709885,
                    -0.11290616542100906
                ],
                [
                    -4.803133890618483e-09,
                    0.9500554203987122,
                    0.31208115816116333,
                    0.37449735403060913
                ],
                [
                    0,
                    0,
                    0,
                    1
                ]
            ]
        },
        {
            "file_path": "005.png",
            "transform_matrix": [
                [
                    0.9904941320419312,
                    0.0018348131561651826,
                    -0.13754276931285858,
                    -0.16505132615566254
                ],
                [
                    -0.13755501806735992,
                    0.013211868703365326,
                    -0.9904060363769531,
                    -1.1884872913360596
                ],
                [
                    -5.723851614902742e-09,
                    0.9999110698699951,
                    0.013338666409254074,
                    0.016006585210561752
                ],
                [
                    0,
                    0,
                    0,
                    1
                ]
            ]
        }
    ]
}