{
    "camera_angle_x": 0.8575560450553894,
    "aabb": [
        [
            -0.35,
            -0.35,
            -0.35
        ],
        [
            0.35,
            0.35,
            0.35
        ]
    ],
    "frames": [
        {
            "file_path": "000.png",
            "transform_matrix": [
                [
                    0.22666151821613312,
                    -0.1239505410194397,
                    0.9660543203353882,
                    1.159265160560608
                ],
                [
                    0.9739736318588257,
                    0.028845492750406265,
                    -0.22481860220432281,
                    -0.26978230476379395
                ],
                [
                    1.5229066008259906e-08,
                    0.9918690919876099,
                    0.1272626668214798,
                    0.15271535515785217
                ],
                [
                    0,
                    0,
                    0,
                    1
                ]
            ]
        },
        {
            "file_path": "001.png",
            "transform_matrix": [
                [
                    0.997560977935791,
                    -0.007215248420834541,
                    0.06942673772573471,
                    0.08331207185983658
                ],
                [
                    0.06980065256357193,
                    0.10311710834503174,
                    -0.9922171235084534,
                    -1.1906604766845703
                ],
                [
                    3.508929147244544e-09,
                    0.9946431517601013,
                    0.10336922854185104,
                    0.1240432932972908
                ],
                [
                    0,
                    0,
                    0,
                    1
                ]
            ]
        },
        {
            "file_path": "002.png",
            "transform_matrix": [
                [
                    -0.9617488384246826,
                    0.011847828514873981,
                    -0.2736775577068329,
                    -0.3284130394458771
                ],
                [
                    -0.27393388748168945,
                    -0.04159637913107872,
                    0.9608487486839294,
                    1.1530183553695679
                ],
                [
                    1.738781030269365e-08,
                    0.9990643858909607,
                    0.04325047880411148,
                    0.051901061087846756
                ],
                [
                    0,
                    0,
                    0,
                    1
                ]
            ]
        },
        {
            "file_path": "003.png",
            "transform_matrix": [
                [
                    0.5668453574180603,
                    -0.110539510846138,
                    0.8163745403289795,
                    0.9796494245529175
                ],
                [
                    0.8238242268562317,
                    0.07605846971273422,
                    -0.5617194771766663,
                    -0.6740634441375732
                ],
                [
                    -2.1646972214739435e-08,
                    0.9909572005271912,
                    0.1341785043478012,
                    0.16101424396038055
                ],
                [
                    0,
                    0,
                    0,
                    1
                ]
            ]
        },
        {
            "file_path": "004.png",
            "transform_matrix": [
                [
                    0.5179054737091064,
                    -0.17712168395519257,
                    0.8369001150131226,
                    1.0042802095413208
                ],
                [
                    0.8554378151893616,
                    0.1072343960404396,
                    -0.5066822171211243,
                    -0.6080187559127808
                ],
                [
                    -4.5243616852985724e-08,
                    0.9783295392990112,
                    0.20705388486385345,
                    0.24846462905406952
                ],
                [
                    0,
                    0,
                    0,
                    1
                ]
            ]
        },
        {
            "file_path": "005.png",
            "transform_matrix": [
                [
                    0.969699501991272,
                    -0.07250607013702393,
                    0.2332932949066162,
                    0.27995195984840393
                ],
                [
                    0.24430082738399506,
                    0.287797212600708,
                    -0.9260075092315674,
                    -1.1112090349197388
                ],
                [
                    -3.146968907685732e-09,
                    0.9549427628517151,
                    0.29679009318351746,
                    0.3561480939388275
                ],
                [
                    0,
                    0,
                    0,
                    1
                ]
            ]
        }
    ]
}