{
    "camera_angle_x": 0.8575560450553894,
    "aabb": [
        [
            -0.35,
            -0.35,
            -0.35
        ],
        [
            0.35,
            0.35,
            0.35
        ]
    ],
    "frames": [
        {
            "file_path": "000.png",
            "transform_matrix": [
                [
                    -0.7199115753173828,
                    -0.04115774482488632,
                    0.692844569683075,
                    0.8314135074615479
                ],
                [
                    0.6940659880638123,
                    -0.0426904521882534,
                    0.7186446189880371,
                    0.8623735308647156
                ],
                [
                    6.272085073533162e-09,
                    0.9982402920722961,
                    0.05929940938949585,
                    0.0711594745516777
                ],
                [
                    0,
                    0,
                    0,
                    1
                ]
            ]
        },
        {
            "file_path": "001.png",
            "transform_matrix": [
                [
                    0.6275621652603149,
                    0.35991132259368896,
                    -0.6903836727142334,
                    -0.8284603953361511
                ],
                [
                    -0.7785664796829224,
                    0.29010581970214844,
                    -0.5564826130867004,
                    -0.6677790880203247
                ],
                [
                    -2.766909723561639e-08,
                    0.886737048625946,
                    0.4622742831707001,
                    0.5547292828559875
                ],
                [
                    0,
                    0,
                    0,
                    1
                ]
            ]
        },
        {
            "file_path": "002.png",
            "transform_matrix": [
                [
                    0.6069818735122681,
                    -0.0664735659956932,
                    0.7919307351112366,
                    0.950316846370697
                ],
                [
                    0.7947157025337219,
                    0.050770536065101624,
                    -0.6048548817634583,
                    -0.7258259057998657
                ],
                [
                    6.932505414170009e-08,
                    0.9964957237243652,
                    0.08364436030387878,
                    0.100373275578022
                ],
                [
                    0,
                    0,
                    0,
                    1
                ]
            ]
        },
        {
            "file_path": "003.png",
            "transform_matrix": [
                [
                    -0.9054162502288818,
                    0.05361968278884888,
                    -0.42112529277801514,
                    -0.5053503513336182
                ],
                [
                    -0.4245251417160034,
                    -0.11435879021883011,
                    0.8981651067733765,
                    1.0777981281280518
                ],
                [
                    -3.7828133514494766e-08,
                    0.9919914603233337,
                    0.12630513310432434,
                    0.1515660583972931
                ],
                [
                    0,
                    0,
                    0,
                    1
                ]
            ]
        },
        {
            "file_path": "004.png",
            "transform_matrix": [
                [
                    -0.43699929118156433,
                    0.24777542054653168,
                    -0.8646613359451294,
                    -1.0375934839248657
                ],
                [
                    -0.8994619846343994,
                    -0.12038052082061768,
                    0.42009150981903076,
                    0.5041097402572632
                ],
                [
                    3.300407058759447e-08,
                    0.961309552192688,
                    0.27547064423561096,
                    0.3305648863315582
                ],
                [
                    0,
                    0,
                    0,
                    1
                ]
            ]
        },
        {
            "file_path": "005.png",
            "transform_matrix": [
                [
                    0.5839671492576599,
                    -0.07567766308784485,
                    0.80824214220047,
                    0.9698905348777771
                ],
                [
                    0.8117773532867432,
                    0.054439984261989594,
                    -0.5814241170883179,
                    -0.6977089047431946
                ],
                [
                    7.299008331074219e-08,
                    0.9956451654434204,
                    0.09322454035282135,
                    0.11186959594488144
                ],
                [
                    0,
                    0,
                    0,
                    1
                ]
            ]
        }
    ]
}