{
    "camera_angle_x": 0.8575560450553894,
    "aabb": [
        [
            -0.35,
            -0.35,
            -0.35
        ],
        [
            0.35,
            0.35,
            0.35
        ]
    ],
    "frames": [
        {
            "file_path": "000.png",
            "transform_matrix": [
                [
                    -0.9996145367622375,
                    0.008980914019048214,
                    -0.026271190494298935,
                    -0.03152542933821678
                ],
                [
                    -0.027763867750763893,
                    -0.3233502209186554,
                    0.9458720088005066,
                    1.1350464820861816
                ],
                [
                    -1.6076073805493252e-10,
                    0.946236789226532,
                    0.3234748840332031,
                    0.38816988468170166
                ],
                [
                    0,
                    0,
                    0,
                    1
                ]
            ]
        },
        {
            "file_path": "001.png",
            "transform_matrix": [
                [
                    0.4341111183166504,
                    -0.3626273572444916,
                    0.8246508240699768,
                    0.9895809292793274
                ],
                [
                    0.9008593559265137,
                    0.1747448593378067,
                    -0.3973873555660248,
                    -0.47686484456062317
                ],
                [
                    1.4329332165274877e-10,
                    0.9154046773910522,
                    0.4025349020957947,
                    0.4830419421195984
                ],
                [
                    0,
                    0,
                    0,
                    1
                ]
            ]
        },
        {
            "file_path": "002.png",
            "transform_matrix": [
                [
                    -0.46646663546562195,
                    0.05427519977092743,
                    -0.8828721642494202,
                    -1.0594465732574463
                ],
                [
                    -0.8845388889312744,
                    -0.028622396290302277,
                    0.4655876159667969,
                    0.5587051510810852
                ],
                [
                    -8.999728740022306e-11,
                    0.9981157779693604,
                    0.061359815299510956,
                    0.07363192737102509
                ],
                [
                    0,
                    0,
                    0,
                    1
                ]
            ]
        },
        {
            "file_path": "003.png",
            "transform_matrix": [
                [
                    0.16595101356506348,
                    0.4830242991447449,
                    -0.8597370386123657,
                    -1.0316845178604126
                ],
                [
                    -0.9861339926719666,
                    0.08128539472818375,
                    -0.1446804404258728,
                    -0.1736164689064026
                ],
                [
                    -8.642675197734206e-08,
                    0.8718258142471313,
                    0.4898160696029663,
                    0.5877794027328491
                ],
                [
                    0,
                    0,
                    0,
                    1
                ]
            ]
        },
        {
            "file_path": "004.png",
            "transform_matrix": [
                [
                    0.8010451793670654,
                    -0.013960988260805607,
                    0.5984411239624023,
                    0.7181292772293091
                ],
                [
                    0.5986039638519287,
                    0.018682273104786873,
                    -0.8008273243904114,
                    -0.9609928131103516
                ],
                [
                    5.3166544944360794e-08,
                    0.9997280836105347,
                    0.02332243137061596,
                    0.027987170964479446
                ],
                [
                    0,
                    0,
                    0,
                    1
                ]
            ]
        },
        {
            "file_path": "005.png",
            "transform_matrix": [
                [
                    -0.8109679222106934,
                    0.17370638251304626,
                    -0.5587103962898254,
                    -0.6704524755477905
                ],
                [
                    -0.5850907564163208,
                    -0.24076662957668304,
                    0.7744032144546509,
                    0.9292837977409363
                ],
                [
                    -2.3536568249937773e-09,
                    0.9549123644828796,
                    0.29688790440559387,
                    0.3562655448913574
                ],
                [
                    0,
                    0,
                    0,
                    1
                ]
            ]
        }
    ]
}