{
    "camera_angle_x": 0.8575560450553894,
    "aabb": [
        [
            -0.35,
            -0.35,
            -0.35
        ],
        [
            0.35,
            0.35,
            0.35
        ]
    ],
    "frames": [
        {
            "file_path": "000.png",
            "transform_matrix": [
                [
                    0.6533421874046326,
                    -0.006323402281850576,
                    0.7570363283157349,
                    0.9084435701370239
                ],
                [
                    0.7570627331733704,
                    0.005457032006233931,
                    -0.6533193588256836,
                    -0.7839834094047546
                ],
                [
                    4.287865706942284e-08,
                    0.9999650716781616,
                    0.008352527394890785,
                    0.010023015551269054
                ],
                [
                    0,
                    0,
                    0,
                    1
                ]
            ]
        },
        {
            "file_path": "001.png",
            "transform_matrix": [
                [
                    -0.1712844967842102,
                    0.23391574621200562,
                    -0.9570502638816833,
                    -1.1484602689743042
                ],
                [
                    -0.9852216839790344,
                    -0.04066711664199829,
                    0.16638672351837158,
                    0.19966401159763336
                ],
                [
                    6.740970093233045e-08,
                    0.9714060425758362,
                    0.23742441833019257,
                    0.2849093973636627
                ],
                [
                    0,
                    0,
                    0,
                    1
                ]
            ]
        },
        {
            "file_path": "002.png",
            "transform_matrix": [
                [
                    -0.43949854373931885,
                    0.3609321415424347,
                    -0.8225384950637817,
                    -0.9870460033416748
                ],
                [
                    -0.8982436060905457,
                    -0.17659929394721985,
                    0.4024569094181061,
                    0.4829482138156891
                ],
                [
                    7.149272107653815e-08,
                    0.9157189130783081,
                    0.40181973576545715,
                    0.4821838438510895
                ],
                [
                    0,
                    0,
                    0,
                    1
                ]
            ]
        },
        {
            "file_path": "003.png",
            "transform_matrix": [
                [
                    -0.49707135558128357,
                    -0.07644087821245193,
                    0.8643361926078796,
                    1.0372034311294556
                ],
                [
                    0.867709755897522,
                    -0.0437895767390728,
                    0.4951387047767639,
                    0.5941665172576904
                ],
                [
                    3.0098675551926135e-08,
                    0.9961121082305908,
                    0.08809495717287064,
                    0.10571406781673431
                ],
                [
                    0,
                    0,
                    0,
                    1
                ]
            ]
        },
        {
            "file_path": "004.png",
            "transform_matrix": [
                [
                    0.8862763047218323,
                    -0.07284040004014969,
                    0.45739322900772095,
                    0.5488719344139099
                ],
                [
                    0.4631568491458893,
                    0.1393842101097107,
                    -0.8752472996711731,
                    -1.0502967834472656
                ],
                [
                    -3.369136081232682e-08,
                    0.987555742263794,
                    0.1572694480419159,
                    0.1887233406305313
                ],
                [
                    0,
                    0,
                    0,
                    1
                ]
            ]
        },
        {
            "file_path": "005.png",
            "transform_matrix": [
                [
                    0.992222249507904,
                    0.04653843119740486,
                    -0.11545193940401077,
                    -0.1385422945022583
                ],
                [
                    -0.12447881698608398,
                    0.37095826864242554,
                    -0.9202691316604614,
                    -1.1043227910995483
                ],
                [
                    -2.3108013280648265e-09,
                    0.9274828433990479,
                    0.37386611104011536,
                    0.4486394226551056
                ],
                [
                    0,
                    0,
                    0,
                    1
                ]
            ]
        }
    ]
}