{
    "camera_angle_x": 0.8575560450553894,
    "aabb": [
        [
            -0.35,
            -0.35,
            -0.35
        ],
        [
            0.35,
            0.35,
            0.35
        ]
    ],
    "frames": [
        {
            "file_path": "000.png",
            "transform_matrix": [
                [
                    0.45355886220932007,
                    -0.10047294944524765,
                    0.8855448365211487,
                    1.062653660774231
                ],
                [
                    0.8912263512611389,
                    0.05113210156559944,
                    -0.45066753029823303,
                    -0.5408010482788086
                ],
                [
                    5.405065550689869e-08,
                    0.9936251044273376,
                    0.11273550987243652,
                    0.13528279960155487
                ],
                [
                    0,
                    0,
                    0,
                    1
                ]
            ]
        },
        {
            "file_path": "001.png",
            "transform_matrix": [
                [
                    0.12753954529762268,
                    0.47814691066741943,
                    -0.8689702153205872,
                    -1.0427643060684204
                ],
                [
                    -0.991833508014679,
                    0.06148473918437958,
                    -0.11174062639474869,
                    -0.13408873975276947
                ],
                [
                    9.63101598472349e-10,
                    0.8761250972747803,
                    0.48208382725715637,
                    0.5785006284713745
                ],
                [
                    0,
                    0,
                    0,
                    1
                ]
            ]
        },
        {
            "file_path": "002.png",
            "transform_matrix": [
                [
                    -0.6404393911361694,
                    0.027890196070075035,
                    -0.7675023078918457,
                    -0.9210027456283569
                ],
                [
                    -0.7680088877677917,
                    -0.023257622495293617,
                    0.6400169134140015,
                    0.7680202126502991
                ],
                [
                    -2.4738699977433498e-08,
                    0.9993404746055603,
                    0.036314889788627625,
                    0.043578047305345535
                ],
                [
                    0,
                    0,
                    0,
                    1
                ]
            ]
        },
        {
            "file_path": "003.png",
            "transform_matrix": [
                [
                    0.8727033138275146,
                    -0.13536548614501953,
                    0.46911105513572693,
                    0.5629332661628723
                ],
                [
                    0.4882509708404541,
                    0.24195320904254913,
                    -0.8384925723075867,
                    -1.0061910152435303
                ],
                [
                    -1.2104081292818591e-08,
                    0.9607991576194763,
                    0.2772456705570221,
                    0.332694947719574
                ],
                [
                    0,
                    0,
                    0,
                    1
                ]
            ]
        },
        {
            "file_path": "004.png",
            "transform_matrix": [
                [
                    -0.9792784452438354,
                    0.04889952763915062,
                    -0.19652672111988068,
                    -0.23583203554153442
                ],
                [
                    -0.20251892507076263,
                    -0.23645322024822235,
                    0.9503031373023987,
                    1.1403636932373047
                ],
                [
                    8.256656691685293e-09,
                    0.9704116582870483,
                    0.24145649373531342,
                    0.2897479236125946
                ],
                [
                    0,
                    0,
                    0,
                    1
                ]
            ]
        },
        {
            "file_path": "005.png",
            "transform_matrix": [
                [
                    -0.6774342656135559,
                    -0.05539580062031746,
                    0.7334944605827332,
                    0.8801934719085693
                ],
                [
                    0.7355833053588867,
                    -0.0510166734457016,
                    0.6755105257034302,
                    0.8106126189231873
                ],
                [
                    5.622027288154641e-10,
                    0.9971602559089661,
                    0.0753086656332016,
                    0.09037039428949356
                ],
                [
                    0,
                    0,
                    0,
                    1
                ]
            ]
        }
    ]
}