{
    "camera_angle_x": 0.8575560450553894,
    "aabb": [
        [
            -0.35,
            -0.35,
            -0.35
        ],
        [
            0.35,
            0.35,
            0.35
        ]
    ],
    "frames": [
        {
            "file_path": "000.png",
            "transform_matrix": [
                [
                    -0.7440561056137085,
                    -0.0032941133249551058,
                    0.6681091785430908,
                    0.8017309308052063
                ],
                [
                    0.6681172847747803,
                    -0.0036685357335954905,
                    0.7440469861030579,
                    0.8928564190864563
                ],
                [
                    -4.220481741867843e-08,
                    0.9999879002571106,
                    0.0049303206615149975,
                    0.00591648044064641
                ],
                [
                    0,
                    0,
                    0,
                    1
                ]
            ]
        },
        {
            "file_path": "001.png",
            "transform_matrix": [
                [
                    -0.7939440608024597,
                    -0.19482798874378204,
                    0.5759296417236328,
                    0.6911156177520752
                ],
                [
                    0.6079908609390259,
                    -0.2544158697128296,
                    0.7520769238471985,
                    0.902492344379425
                ],
                [
                    -2.204387783422135e-09,
                    0.9472669363021851,
                    0.32044556736946106,
                    0.3845347762107849
                ],
                [
                    0,
                    0,
                    0,
                    1
                ]
            ]
        },
        {
            "file_path": "002.png",
            "transform_matrix": [
                [
                    0.9062469005584717,
                    0.12419738620519638,
                    -0.40409356355667114,
                    -0.484912246465683
                ],
                [
                    -0.422748863697052,
                    0.2662419080734253,
                    -0.8662555813789368,
                    -1.0395066738128662
                ],
                [
                    -2.1093740087962942e-08,
                    0.9558714628219604,
                    0.2937851846218109,
                    0.35254237055778503
                ],
                [
                    0,
                    0,
                    0,
                    1
                ]
            ]
        },
        {
            "file_path": "003.png",
            "transform_matrix": [
                [
                    0.27838122844696045,
                    -0.07152523845434189,
                    0.9578038454055786,
                    1.1493644714355469
                ],
                [
                    0.9604707360267639,
                    0.020730584859848022,
                    -0.27760836482048035,
                    -0.3331299126148224
                ],
                [
                    7.220346986969162e-08,
                    0.997223436832428,
                    0.07446882128715515,
                    0.08936282247304916
                ],
                [
                    0,
                    0,
                    0,
                    1
                ]
            ]
        },
        {
            "file_path": "004.png",
            "transform_matrix": [
                [
                    -0.9435732364654541,
                    -0.13609059154987335,
                    0.30190953612327576,
                    0.36229145526885986
                ],
                [
                    0.3311646580696106,
                    -0.3877571225166321,
                    0.860217809677124,
                    1.0322612524032593
                ],
                [
                    -1.1022359913681612e-08,
                    0.9116600751876831,
                    0.410945326089859,
                    0.4931345283985138
                ],
                [
                    0,
                    0,
                    0,
                    1
                ]
            ]
        },
        {
            "file_path": "005.png",
            "transform_matrix": [
                [
                    0.6966851353645325,
                    -0.003985850606113672,
                    0.7173660397529602,
                    0.8608391880989075
                ],
                [
                    0.7173770666122437,
                    0.0038707670755684376,
                    -0.6966744065284729,
                    -0.8360093235969543
                ],
                [
                    5.023522575697825e-08,
                    0.999984622001648,
                    0.005556049756705761,
                    0.006667417008429766
                ],
                [
                    0,
                    0,
                    0,
                    1
                ]
            ]
        }
    ]
}