{
    "camera_angle_x": 0.8575560450553894,
    "aabb": [
        [
            -0.35,
            -0.35,
            -0.35
        ],
        [
            0.35,
            0.35,
            0.35
        ]
    ],
    "frames": [
        {
            "file_path": "000.png",
            "transform_matrix": [
                [
                    -0.9913464188575745,
                    -0.044788215309381485,
                    0.12339586019515991,
                    0.14807501435279846
                ],
                [
                    0.13127270340919495,
                    -0.3382321298122406,
                    0.931861937046051,
                    1.1182342767715454
                ],
                [
                    4.161043065664671e-09,
                    0.9399964213371277,
                    0.34118449687957764,
                    0.409421443939209
                ],
                [
                    0,
                    0,
                    0,
                    1
                ]
            ]
        },
        {
            "file_path": "001.png",
            "transform_matrix": [
                [
                    0.04293012246489525,
                    -0.4766142964363098,
                    0.8780638575553894,
                    1.0536764860153198
                ],
                [
                    0.9990782737731934,
                    0.020479872822761536,
                    -0.03773033618927002,
                    -0.04527635872364044
                ],
                [
                    2.3413257110860286e-08,
                    0.8788741230964661,
                    0.4770539104938507,
                    0.5724647641181946
                ],
                [
                    0,
                    0,
                    0,
                    1
                ]
            ]
        },
        {
            "file_path": "002.png",
            "transform_matrix": [
                [
                    0.8865417838096619,
                    0.009219917468726635,
                    -0.4625566303730011,
                    -0.5550679564476013
                ],
                [
                    -0.46264851093292236,
                    0.017667490988969803,
                    -0.8863657712936401,
                    -1.0636389255523682
                ],
                [
                    1.0328431443440422e-08,
                    0.9998014569282532,
                    0.019928546622395515,
                    0.02391422726213932
                ],
                [
                    0,
                    0,
                    0,
                    1
                ]
            ]
        },
        {
            "file_path": "003.png",
            "transform_matrix": [
                [
                    -0.8285897374153137,
                    0.225677952170372,
                    -0.5123559832572937,
                    -0.6148272156715393
                ],
                [
                    -0.5598564147949219,
                    -0.3340042531490326,
                    0.7582889199256897,
                    0.909946620464325
                ],
                [
                    2.1407482009294654e-08,
                    0.9151561260223389,
                    0.4030996561050415,
                    0.4837197959423065
                ],
                [
                    0,
                    0,
                    0,
                    1
                ]
            ]
        },
        {
            "file_path": "004.png",
            "transform_matrix": [
                [
                    -0.9556512832641602,
                    0.011030475609004498,
                    -0.294294536113739,
                    -0.35315337777137756
                ],
                [
                    -0.2945011854171753,
                    -0.0357937291264534,
                    0.9549806714057922,
                    1.1459766626358032
                ],
                [
                    1.6443475914229566e-08,
                    0.9992983937263489,
                    0.03745464235544205,
                    0.04494577273726463
                ],
                [
                    0,
                    0,
                    0,
                    1
                ]
            ]
        },
        {
            "file_path": "005.png",
            "transform_matrix": [
                [
                    0.5466901063919067,
                    0.21926312148571014,
                    -0.8081173896789551,
                    -0.9697407484054565
                ],
                [
                    -0.8373351097106934,
                    0.14315514266490936,
                    -0.527614176273346,
                    -0.6331369876861572
                ],
                [
                    -8.795358041879808e-08,
                    0.9651064276695251,
                    0.26185813546180725,
                    0.3142300546169281
                ],
                [
                    0,
                    0,
                    0,
                    1
                ]
            ]
        }
    ]
}