{
    "camera_angle_x": 0.8575560450553894,
    "aabb": [
        [
            -0.35,
            -0.35,
            -0.35
        ],
        [
            0.35,
            0.35,
            0.35
        ]
    ],
    "frames": [
        {
            "file_path": "000.png",
            "transform_matrix": [
                [
                    0.7041246891021729,
                    -0.08553723245859146,
                    0.7049055695533752,
                    0.8458867073059082
                ],
                [
                    0.7100763916969299,
                    0.08482018113136292,
                    -0.6989972591400146,
                    -0.8387966752052307
                ],
                [
                    3.809113380270901e-08,
                    0.992717981338501,
                    0.12046194076538086,
                    0.14455445110797882
                ],
                [
                    0,
                    0,
                    0,
                    1
                ]
            ]
        },
        {
            "file_path": "001.png",
            "transform_matrix": [
                [
                    -0.5408080816268921,
                    -0.29627159237861633,
                    0.7872419953346252,
                    0.9446904063224792
                ],
                [
                    0.8411461710929871,
                    -0.19048549234867096,
                    0.5061507821083069,
                    0.6073808670043945
                ],
                [
                    4.188891011835949e-08,
                    0.9359158873558044,
                    0.352223664522171,
                    0.42266833782196045
                ],
                [
                    0,
                    0,
                    0,
                    1
                ]
            ]
        },
        {
            "file_path": "002.png",
            "transform_matrix": [
                [
                    -0.5053920745849609,
                    -0.12905432283878326,
                    0.8531846404075623,
                    1.0238215923309326
                ],
                [
                    0.8628898859024048,
                    -0.07558675855398178,
                    0.4997076690196991,
                    0.59964919090271
                ],
                [
                    -1.3741583870796603e-08,
                    0.9887526035308838,
                    0.14956052601337433,
                    0.1794726699590683
                ],
                [
                    0,
                    0,
                    0,
                    1
                ]
            ]
        },
        {
            "file_path": "003.png",
            "transform_matrix": [
                [
                    -0.25345295667648315,
                    -0.29979223012924194,
                    0.9197207689285278,
                    1.1036648750305176
                ],
                [
                    0.9673477411270142,
                    -0.07854805886745453,
                    0.24097426235675812,
                    0.289169043302536
                ],
                [
                    4.6398842101780247e-08,
                    0.9507654309272766,
                    0.3099115490913391,
                    0.3718939423561096
                ],
                [
                    0,
                    0,
                    0,
                    1
                ]
            ]
        },
        {
            "file_path": "004.png",
            "transform_matrix": [
                [
                    -0.9987267255783081,
                    0.0052277748472988605,
                    -0.05017748475074768,
                    -0.060212984681129456
                ],
                [
                    -0.050449077039957047,
                    -0.103492870926857,
                    0.9933499693870544,
                    1.192020058631897
                ],
                [
                    7.284910452654003e-10,
                    0.9946165084838867,
                    0.10362473130226135,
                    0.12434978038072586
                ],
                [
                    0,
                    0,
                    0,
                    1
                ]
            ]
        },
        {
            "file_path": "005.png",
            "transform_matrix": [
                [
                    -0.6536759734153748,
                    0.15069130063056946,
                    -0.7416199445724487,
                    -0.8899438977241516
                ],
                [
                    -0.7567747831344604,
                    -0.13016194105148315,
                    0.640585720539093,
                    0.7687028050422668
                ],
                [
                    6.496305360315091e-08,
                    0.979974627494812,
                    0.19912292063236237,
                    0.23894770443439484
                ],
                [
                    0,
                    0,
                    0,
                    1
                ]
            ]
        }
    ]
}