{
    "camera_angle_x": 0.8575560450553894,
    "aabb": [
        [
            -0.35,
            -0.35,
            -0.35
        ],
        [
            0.35,
            0.35,
            0.35
        ]
    ],
    "frames": [
        {
            "file_path": "000.png",
            "transform_matrix": [
                [
                    -0.016647249460220337,
                    0.20165354013442993,
                    -0.9793155789375305,
                    -1.1751785278320312
                ],
                [
                    -0.9998615384101868,
                    -0.003357524052262306,
                    0.016305046156048775,
                    0.019566193222999573
                ],
                [
                    1.9922648419878897e-08,
                    0.9794512987136841,
                    0.20168136060237885,
                    0.24201783537864685
                ],
                [
                    0,
                    0,
                    0,
                    1
                ]
            ]
        },
        {
            "file_path": "001.png",
            "transform_matrix": [
                [
                    -0.7751786112785339,
                    -0.1467953473329544,
                    0.6144504547119141,
                    0.73734050989151
                ],
                [
                    0.6317421793937683,
                    -0.18012499809265137,
                    0.7539607286453247,
                    0.9047529101371765
                ],
                [
                    -5.482921494603943e-08,
                    0.9726284742355347,
                    0.23236581683158875,
                    0.2788391411304474
                ],
                [
                    0,
                    0,
                    0,
                    1
                ]
            ]
        },
        {
            "file_path": "002.png",
            "transform_matrix": [
                [
                    -0.572648286819458,
                    0.36697664856910706,
                    -0.7330772876739502,
                    -0.8796927332878113
                ],
                [
                    -0.8198012709617615,
                    -0.2563408613204956,
                    0.5120697021484375,
                    0.6144835948944092
                ],
                [
                    2.0519372867511265e-08,
                    0.8942134380340576,
                    0.44764092564582825,
                    0.5371692180633545
                ],
                [
                    0,
                    0,
                    0,
                    1
                ]
            ]
        },
        {
            "file_path": "003.png",
            "transform_matrix": [
                [
                    -0.9241235852241516,
                    -0.0777876228094101,
                    0.37409207224845886,
                    0.4489104449748993
                ],
                [
                    0.38209396600723267,
                    -0.1881353259086609,
                    0.9047703742980957,
                    1.0857244729995728
                ],
                [
                    -1.9680577167946467e-08,
                    0.9790578484535217,
                    0.20358236134052277,
                    0.2442990094423294
                ],
                [
                    0,
                    0,
                    0,
                    1
                ]
            ]
        },
        {
            "file_path": "004.png",
            "transform_matrix": [
                [
                    0.8425377607345581,
                    -0.16417726874351501,
                    0.5130068063735962,
                    0.6156082153320312
                ],
                [
                    0.5386373400688171,
                    0.256806343793869,
                    -0.8024464845657349,
                    -0.962935745716095
                ],
                [
                    3.05040188663952e-08,
                    0.9524161219596863,
                    0.3048010468482971,
                    0.365761399269104
                ],
                [
                    0,
                    0,
                    0,
                    1
                ]
            ]
        },
        {
            "file_path": "005.png",
            "transform_matrix": [
                [
                    0.41439107060432434,
                    -0.3570669889450073,
                    0.8371280431747437,
                    1.0045535564422607
                ],
                [
                    0.9100989699363708,
                    0.16258153319358826,
                    -0.38116565346717834,
                    -0.45739877223968506
                ],
                [
                    2.5366116318537024e-08,
                    0.9198209643363953,
                    0.3923385441303253,
                    0.47080644965171814
                ],
                [
                    0,
                    0,
                    0,
                    1
                ]
            ]
        }
    ]
}