{
    "camera_angle_x": 0.8575560450553894,
    "aabb": [
        [
            -0.35,
            -0.35,
            -0.35
        ],
        [
            0.35,
            0.35,
            0.35
        ]
    ],
    "frames": [
        {
            "file_path": "000.png",
            "transform_matrix": [
                [
                    -0.14118914306163788,
                    0.07250214368104935,
                    -0.9873242974281311,
                    -1.1847890615463257
                ],
                [
                    -0.9899827241897583,
                    -0.010340149514377117,
                    0.14080992341041565,
                    0.1689719557762146
                ],
                [
                    2.5278410475948476e-08,
                    0.9973147511482239,
                    0.07323568314313889,
                    0.08788307011127472
                ],
                [
                    0,
                    0,
                    0,
                    1
                ]
            ]
        },
        {
            "file_path": "001.png",
            "transform_matrix": [
                [
                    -0.4122358560562134,
                    0.3761438727378845,
                    -0.8298055529594421,
                    -0.9957667589187622
                ],
                [
                    -0.911077082157135,
                    -0.17019416391849518,
                    0.3754628896713257,
                    0.4505554437637329
                ],
                [
                    -3.618245969505551e-08,
                    0.9107961654663086,
                    0.4128562808036804,
                    0.49542751908302307
                ],
                [
                    0,
                    0,
                    0,
                    1
                ]
            ]
        },
        {
            "file_path": "002.png",
            "transform_matrix": [
                [
                    -0.4876733720302582,
                    0.42699164152145386,
                    -0.7614806890487671,
                    -0.9137769341468811
                ],
                [
                    -0.8730261921882629,
                    -0.23851805925369263,
                    0.4253638982772827,
                    0.5104366540908813
                ],
                [
                    -6.055954315797862e-08,
                    0.8722312450408936,
                    0.4890937805175781,
                    0.5869125127792358
                ],
                [
                    0,
                    0,
                    0,
                    1
                ]
            ]
        },
        {
            "file_path": "003.png",
            "transform_matrix": [
                [
                    -0.8380633592605591,
                    0.03232230991125107,
                    -0.5446146130561829,
                    -0.6535375714302063
                ],
                [
                    -0.5455728769302368,
                    -0.04965086653828621,
                    0.8365913033485413,
                    1.0039095878601074
                ],
                [
                    -1.9164273723504266e-08,
                    0.998243510723114,
                    0.05924473702907562,
                    0.07109368592500687
                ],
                [
                    0,
                    0,
                    0,
                    1
                ]
            ]
        },
        {
            "file_path": "004.png",
            "transform_matrix": [
                [
                    -0.9710026979446411,
                    0.049673184752464294,
                    -0.2338511049747467,
                    -0.2806212902069092
                ],
                [
                    -0.23906853795051575,
                    -0.20175299048423767,
                    0.9498115181922913,
                    1.1397738456726074
                ],
                [
                    2.3374422397637318e-09,
                    0.9781759977340698,
                    0.20777800679206848,
                    0.24933364987373352
                ],
                [
                    0,
                    0,
                    0,
                    1
                ]
            ]
        },
        {
            "file_path": "005.png",
            "transform_matrix": [
                [
                    0.6201533079147339,
                    -0.05035543069243431,
                    0.7828629016876221,
                    0.9394353628158569
                ],
                [
                    0.7844806909561157,
                    0.03980722650885582,
                    -0.6188744306564331,
                    -0.7426493167877197
                ],
                [
                    4.377264417598781e-08,
                    0.997937798500061,
                    0.06418942660093307,
                    0.07702747732400894
                ],
                [
                    0,
                    0,
                    0,
                    1
                ]
            ]
        }
    ]
}