{
    "camera_angle_x": 0.8575560450553894,
    "aabb": [
        [
            -0.35,
            -0.35,
            -0.35
        ],
        [
            0.35,
            0.35,
            0.35
        ]
    ],
    "frames": [
        {
            "file_path": "000.png",
            "transform_matrix": [
                [
                    0.26771143078804016,
                    -0.3243913948535919,
                    0.9072490930557251,
                    1.0886988639831543
                ],
                [
                    0.9634991884231567,
                    0.09013313800096512,
                    -0.2520822286605835,
                    -0.3024986982345581
                ],
                [
                    4.4171606816689746e-08,
                    0.9416189789772034,
                    0.33668047189712524,
                    0.4040165841579437
                ],
                [
                    0,
                    0,
                    0,
                    1
                ]
            ]
        },
        {
            "file_path": "001.png",
            "transform_matrix": [
                [
                    -0.5412935018539429,
                    -0.18127323687076569,
                    0.8210611939430237,
                    0.9852733016014099
                ],
                [
                    0.8408337831497192,
                    -0.1166960820555687,
                    0.5285646915435791,
                    0.6342777013778687
                ],
                [
                    -3.5725651770235345e-08,
                    0.9764845371246338,
                    0.21558743715286255,
                    0.2587049901485443
                ],
                [
                    0,
                    0,
                    0,
                    1
                ]
            ]
        },
        {
            "file_path": "002.png",
            "transform_matrix": [
                [
                    0.25545787811279297,
                    -0.4497565031051636,
                    0.8558390736579895,
                    1.02700674533844
                ],
                [
                    0.966820240020752,
                    0.11883670836687088,
                    -0.22613398730754852,
                    -0.27136069536209106
                ],
                [
                    6.368251348476406e-08,
                    0.8852101564407349,
                    0.46519139409065247,
                    0.5582298040390015
                ],
                [
                    0,
                    0,
                    0,
                    1
                ]
            ]
        },
        {
            "file_path": "003.png",
            "transform_matrix": [
                [
                    0.8095285296440125,
                    0.1359299123287201,
                    -0.5711275339126587,
                    -0.6853530406951904
                ],
                [
                    -0.5870805978775024,
                    0.1874343752861023,
                    -0.7875308394432068,
                    -0.9450369477272034
                ],
                [
                    -2.6216447679416888e-08,
                    0.9728265404701233,
                    0.23153527081012726,
                    0.2778424918651581
                ],
                [
                    0,
                    0,
                    0,
                    1
                ]
            ]
        },
        {
            "file_path": "004.png",
            "transform_matrix": [
                [
                    -0.9874817132949829,
                    -0.038405388593673706,
                    0.15298716723918915,
                    0.18358458578586578
                ],
                [
                    0.15773411095142365,
                    -0.24043385684490204,
                    0.9577638506889343,
                    1.1493165493011475
                ],
                [
                    -5.815594228408827e-09,
                    0.9699054956436157,
                    0.24348175525665283,
                    0.29217827320098877
                ],
                [
                    0,
                    0,
                    0,
                    1
                ]
            ]
        },
        {
            "file_path": "005.png",
            "transform_matrix": [
                [
                    -0.22846363484859467,
                    0.19265608489513397,
                    -0.954299807548523,
                    -1.1451597213745117
                ],
                [
                    -0.9735525250434875,
                    -0.04521070048213005,
                    0.2239455282688141,
                    0.2687346637248993
                ],
                [
                    -3.4746147292707974e-08,
                    0.9802243113517761,
                    0.19788973033428192,
                    0.2374676614999771
                ],
                [
                    0,
                    0,
                    0,
                    1
                ]
            ]
        }
    ]
}