{
    "camera_angle_x": 0.8575560450553894,
    "aabb": [
        [
            -0.35,
            -0.35,
            -0.35
        ],
        [
            0.35,
            0.35,
            0.35
        ]
    ],
    "frames": [
        {
            "file_path": "000.png",
            "transform_matrix": [
                [
                    -0.5061455368995667,
                    -0.044919051229953766,
                    0.8612775206565857,
                    1.0335330963134766
                ],
                [
                    0.8624480962753296,
                    -0.026361694559454918,
                    0.5054585337638855,
                    0.606550395488739
                ],
                [
                    1.5453608170901134e-08,
                    0.9986427426338196,
                    0.052083201706409454,
                    0.06249981001019478
                ],
                [
                    0,
                    0,
                    0,
                    1
                ]
            ]
        },
        {
            "file_path": "001.png",
            "transform_matrix": [
                [
                    -0.8329483866691589,
                    -0.1628313809633255,
                    0.5288507342338562,
                    0.6346209049224854
                ],
                [
                    0.5533508658409119,
                    -0.24510698020458221,
                    0.7960687875747681,
                    0.9552825689315796
                ],
                [
                    1.3204811466493993e-08,
                    0.9557241201400757,
                    0.2942642271518707,
                    0.35311707854270935
                ],
                [
                    0,
                    0,
                    0,
                    1
                ]
            ]
        },
        {
            "file_path": "002.png",
            "transform_matrix": [
                [
                    -0.929558277130127,
                    0.12054632604122162,
                    -0.3484117388725281,
                    -0.41809403896331787
                ],
                [
                    -0.36867621541023254,
                    -0.30393850803375244,
                    0.87846440076828,
                    1.0541571378707886
                ],
                [
                    -2.6199716174346577e-08,
                    0.9450346231460571,
                    0.326970636844635,
                    0.3923649191856384
                ],
                [
                    0,
                    0,
                    0,
                    1
                ]
            ]
        },
        {
            "file_path": "003.png",
            "transform_matrix": [
                [
                    -0.7337014079093933,
                    0.04708445072174072,
                    -0.6778387427330017,
                    -0.8134065270423889
                ],
                [
                    -0.6794720888137817,
                    -0.050842367112636566,
                    0.7319377064704895,
                    0.8783252239227295
                ],
                [
                    -1.9311087839923857e-08,
                    0.9975962042808533,
                    0.06929562985897064,
                    0.08315476030111313
                ],
                [
                    0,
                    0,
                    0,
                    1
                ]
            ]
        },
        {
            "file_path": "004.png",
            "transform_matrix": [
                [
                    0.2648277282714844,
                    0.13819490373134613,
                    -0.9543419480323792,
                    -1.1452102661132812
                ],
                [
                    -0.9642958045005798,
                    0.03795274347066879,
                    -0.2620941996574402,
                    -0.314513236284256
                ],
                [
                    -8.546035701328947e-08,
                    0.9896777272224426,
                    0.14331161975860596,
                    0.1719740778207779
                ],
                [
                    0,
                    0,
                    0,
                    1
                ]
            ]
        },
        {
            "file_path": "005.png",
            "transform_matrix": [
                [
                    0.877443253993988,
                    -0.1056772843003273,
                    0.46789494156837463,
                    0.5614739060401917
                ],
                [
                    0.47968047857284546,
                    0.19330735504627228,
                    -0.8558849692344666,
                    -1.0270618200302124
                ],
                [
                    1.8141017577022467e-08,
                    0.9754305481910706,
                    0.22030754387378693,
                    0.26436924934387207
                ],
                [
                    0,
                    0,
                    0,
                    1
                ]
            ]
        }
    ]
}