{
    "camera_angle_x": 0.8575560450553894,
    "aabb": [
        [
            -0.35,
            -0.35,
            -0.35
        ],
        [
            0.35,
            0.35,
            0.35
        ]
    ],
    "frames": [
        {
            "file_path": "000.png",
            "transform_matrix": [
                [
                    0.10493087023496628,
                    -0.17157521843910217,
                    0.9795669913291931,
                    1.1754803657531738
                ],
                [
                    0.9944795370101929,
                    0.018103476613759995,
                    -0.10335740447044373,
                    -0.12402897328138351
                ],
                [
                    -1.0513065973327684e-08,
                    0.9850046634674072,
                    0.17252764105796814,
                    0.20703323185443878
                ],
                [
                    0,
                    0,
                    0,
                    1
                ]
            ]
        },
        {
            "file_path": "001.png",
            "transform_matrix": [
                [
                    0.9275550842285156,
                    -0.02221527323126793,
                    0.37302544713020325,
                    0.4476306140422821
                ],
                [
                    0.37368637323379517,
                    0.05514226853847504,
                    -0.9259145855903625,
                    -1.1110975742340088
                ],
                [
                    -1.762343160294222e-08,
                    0.9982312917709351,
                    0.05944903939962387,
                    0.07133868336677551
                ],
                [
                    0,
                    0,
                    0,
                    1
                ]
            ]
        },
        {
            "file_path": "002.png",
            "transform_matrix": [
                [
                    -0.15151570737361908,
                    -0.11766468733549118,
                    0.9814266562461853,
                    1.177711844444275
                ],
                [
                    0.9884549975395203,
                    -0.01803629845380783,
                    0.15043824911117554,
                    0.18052607774734497
                ],
                [
                    -9.783676091501547e-08,
                    0.9928897023200989,
                    0.11903885006904602,
                    0.14284677803516388
                ],
                [
                    0,
                    0,
                    0,
                    1
                ]
            ]
        },
        {
            "file_path": "003.png",
            "transform_matrix": [
                [
                    0.9237329363822937,
                    -0.04939010739326477,
                    0.37983953952789307,
                    0.45580747723579407
                ],
                [
                    0.38303714990615845,
                    0.11910928785800934,
                    -0.9160216450691223,
                    -1.0992259979248047
                ],
                [
                    -3.043361473942241e-08,
                    0.9916520118713379,
                    0.12894341349601746,
                    0.1547321379184723
                ],
                [
                    0,
                    0,
                    0,
                    1
                ]
            ]
        },
        {
            "file_path": "004.png",
            "transform_matrix": [
                [
                    -0.3341107666492462,
                    -0.42390722036361694,
                    0.8418271541595459,
                    1.0101925134658813
                ],
                [
                    0.9425339698791504,
                    -0.15026724338531494,
                    0.2984119951725006,
                    0.35809439420700073
                ],
                [
                    -2.8508647886837934e-08,
                    0.893153190612793,
                    0.44975265860557556,
                    0.5397033095359802
                ],
                [
                    0,
                    0,
                    0,
                    1
                ]
            ]
        },
        {
            "file_path": "005.png",
            "transform_matrix": [
                [
                    -0.6286424398422241,
                    -0.34316521883010864,
                    0.6978872418403625,
                    0.8374645709991455
                ],
                [
                    0.7776946425437927,
                    -0.2773944139480591,
                    0.5641307830810547,
                    0.6769569516181946
                ],
                [
                    -9.604912065697135e-08,
                    0.8973795771598816,
                    0.4412594735622406,
                    0.5295115113258362
                ],
                [
                    0,
                    0,
                    0,
                    1
                ]
            ]
        }
    ]
}