{
    "camera_angle_x": 0.8575560450553894,
    "aabb": [
        [
            -0.35,
            -0.35,
            -0.35
        ],
        [
            0.35,
            0.35,
            0.35
        ]
    ],
    "frames": [
        {
            "file_path": "000.png",
            "transform_matrix": [
                [
                    0.23410148918628693,
                    -0.15914058685302734,
                    0.9590989947319031,
                    1.15091872215271
                ],
                [
                    0.9722121953964233,
                    0.038319822400808334,
                    -0.2309439778327942,
                    -0.27713268995285034
                ],
                [
                    1.1465555616041456e-08,
                    0.9865120053291321,
                    0.16368910670280457,
                    0.19642694294452667
                ],
                [
                    0,
                    0,
                    0,
                    1
                ]
            ]
        },
        {
            "file_path": "001.png",
            "transform_matrix": [
                [
                    -0.2756422758102417,
                    -0.2673894464969635,
                    0.9233224391937256,
                    1.1079869270324707
                ],
                [
                    0.9612603187561035,
                    -0.0766742154955864,
                    0.2647635042667389,
                    0.31771624088287354
                ],
                [
                    2.0379417264848598e-08,
                    0.9605332016944885,
                    0.27816545963287354,
                    0.3337986469268799
                ],
                [
                    0,
                    0,
                    0,
                    1
                ]
            ]
        },
        {
            "file_path": "002.png",
            "transform_matrix": [
                [
                    -0.9562656879425049,
                    0.07396961003541946,
                    -0.2829916775226593,
                    -0.33959007263183594
                ],
                [
                    -0.29249921441078186,
                    -0.24182826280593872,
                    0.9251828193664551,
                    1.1102194786071777
                ],
                [
                    1.3494441120087686e-08,
                    0.9674955010414124,
                    0.25288820266723633,
                    0.30346590280532837
                ],
                [
                    0,
                    0,
                    0,
                    1
                ]
            ]
        },
        {
            "file_path": "003.png",
            "transform_matrix": [
                [
                    -0.49466872215270996,
                    -0.30126386880874634,
                    0.8151951432228088,
                    0.978234052658081
                ],
                [
                    0.8690817356109619,
                    -0.17147496342658997,
                    0.4639972448348999,
                    0.5567967891693115
                ],
                [
                    -8.530490447355987e-08,
                    0.9379960298538208,
                    0.34664613008499146,
                    0.4159754812717438
                ],
                [
                    0,
                    0,
                    0,
                    1
                ]
            ]
        },
        {
            "file_path": "004.png",
            "transform_matrix": [
                [
                    -0.8718396425247192,
                    -0.18080276250839233,
                    0.45519906282424927,
                    0.5462388396263123
                ],
                [
                    0.4897916316986084,
                    -0.3218328058719635,
                    0.8102641105651855,
                    0.9723169207572937
                ],
                [
                    -3.925359948198093e-08,
                    0.9293729662895203,
                    0.3691421151161194,
                    0.44297072291374207
                ],
                [
                    0,
                    0,
                    0,
                    1
                ]
            ]
        },
        {
            "file_path": "005.png",
            "transform_matrix": [
                [
                    -0.8702318072319031,
                    -0.18347616493701935,
                    0.45720136165618896,
                    0.5486416816711426
                ],
                [
                    0.49264246225357056,
                    -0.3241027593612671,
                    0.8076266646385193,
                    0.96915203332901
                ],
                [
                    -2.701145973560415e-08,
                    0.9280592203140259,
                    0.3724326491355896,
                    0.44691911339759827
                ],
                [
                    0,
                    0,
                    0,
                    1
                ]
            ]
        }
    ]
}