{
    "camera_angle_x": 0.8575560450553894,
    "aabb": [
        [
            -0.35,
            -0.35,
            -0.35
        ],
        [
            0.35,
            0.35,
            0.35
        ]
    ],
    "frames": [
        {
            "file_path": "000.png",
            "transform_matrix": [
                [
                    0.9962967038154602,
                    0.010958326049149036,
                    -0.08528086543083191,
                    -0.10233703255653381
                ],
                [
                    -0.08598203957080841,
                    0.12697693705558777,
                    -0.9881721138954163,
                    -1.185806393623352
                ],
                [
                    -2.7643944910948903e-09,
                    0.9918451905250549,
                    0.1274489164352417,
                    0.1529388427734375
                ],
                [
                    0,
                    0,
                    0,
                    1
                ]
            ]
        },
        {
            "file_path": "001.png",
            "transform_matrix": [
                [
                    0.7394912242889404,
                    -0.1639762669801712,
                    0.6528893113136292,
                    0.7834672927856445
                ],
                [
                    0.6731661558151245,
                    0.1801324486732483,
                    -0.7172165513038635,
                    -0.8606598973274231
                ],
                [
                    -2.717397151741352e-08,
                    0.9698783159255981,
                    0.24358965456485748,
                    0.29230746626853943
                ],
                [
                    0,
                    0,
                    0,
                    1
                ]
            ]
        },
        {
            "file_path": "002.png",
            "transform_matrix": [
                [
                    -0.9658787846565247,
                    0.08001942932605743,
                    -0.2463241070508957,
                    -0.2955889105796814
                ],
                [
                    -0.25899550318717957,
                    -0.29841864109039307,
                    0.9186228513717651,
                    1.1023473739624023
                ],
                [
                    8.373461923838477e-10,
                    0.9510749578475952,
                    0.30896058678627014,
                    0.3707529306411743
                ],
                [
                    0,
                    0,
                    0,
                    1
                ]
            ]
        },
        {
            "file_path": "003.png",
            "transform_matrix": [
                [
                    -0.9762541055679321,
                    9.461206354899332e-05,
                    -0.21662934124469757,
                    -0.25995519757270813
                ],
                [
                    -0.21662935614585876,
                    -0.00042650720570236444,
                    0.9762539267539978,
                    1.1715046167373657
                ],
                [
                    -1.1126319421350672e-08,
                    1.0,
                    0.0004367158398963511,
                    0.0005241500912234187
                ],
                [
                    0,
                    0,
                    0,
                    1
                ]
            ]
        },
        {
            "file_path": "004.png",
            "transform_matrix": [
                [
                    0.7252451181411743,
                    0.11574660986661911,
                    -0.678691565990448,
                    -0.8144299387931824
                ],
                [
                    -0.6884907484054565,
                    0.12192563712596893,
                    -0.7149227857589722,
                    -0.8579073548316956
                ],
                [
                    1.3034238577347423e-08,
                    0.985767126083374,
                    0.16811643540859222,
                    0.20173963904380798
                ],
                [
                    0,
                    0,
                    0,
                    1
                ]
            ]
        },
        {
            "file_path": "005.png",
            "transform_matrix": [
                [
                    0.5788794159889221,
                    -0.39385148882865906,
                    0.7139885425567627,
                    0.8567861914634705
                ],
                [
                    0.8154131770133972,
                    0.2796035706996918,
                    -0.5068759918212891,
                    -0.6082512140274048
                ],
                [
                    7.874823637621375e-08,
                    0.8756157755851746,
                    0.48300838470458984,
                    0.5796101689338684
                ],
                [
                    0,
                    0,
                    0,
                    1
                ]
            ]
        }
    ]
}