{
    "camera_angle_x": 0.8575560450553894,
    "aabb": [
        [
            -0.35,
            -0.35,
            -0.35
        ],
        [
            0.35,
            0.35,
            0.35
        ]
    ],
    "frames": [
        {
            "file_path": "000.png",
            "transform_matrix": [
                [
                    0.37728795409202576,
                    -0.39812082052230835,
                    0.8361541032791138,
                    1.0033849477767944
                ],
                [
                    0.9260960221290588,
                    0.16219286620616913,
                    -0.34064599871635437,
                    -0.4087751805782318
                ],
                [
                    6.0916054422932575e-09,
                    0.9028806090354919,
                    0.4298914670944214,
                    0.5158697962760925
                ],
                [
                    0,
                    0,
                    0,
                    1
                ]
            ]
        },
        {
            "file_path": "001.png",
            "transform_matrix": [
                [
                    0.8237505555152893,
                    0.1353539526462555,
                    -0.5505582094192505,
                    -0.6606698632240295
                ],
                [
                    -0.5669524073600769,
                    0.19666174054145813,
                    -0.7999307513237,
                    -0.959916889667511
                ],
                [
                    -1.0397972260989263e-08,
                    0.9710837006568909,
                    0.23873944580554962,
                    0.28648748993873596
                ],
                [
                    0,
                    0,
                    0,
                    1
                ]
            ]
        },
        {
            "file_path": "002.png",
            "transform_matrix": [
                [
                    -0.08552869409322739,
                    -0.16892695426940918,
                    0.9819106459617615,
                    1.1782928705215454
                ],
                [
                    0.9963356852531433,
                    -0.01450122706592083,
                    0.08429041504859924,
                    0.10114845633506775
                ],
                [
                    3.859870645328556e-09,
                    0.9855218529701233,
                    0.16954825818538666,
                    0.20345795154571533
                ],
                [
                    0,
                    0,
                    0,
                    1
                ]
            ]
        },
        {
            "file_path": "003.png",
            "transform_matrix": [
                [
                    -0.20449410378932953,
                    0.17148980498313904,
                    -0.9637290239334106,
                    -1.1564747095108032
                ],
                [
                    -0.9788679480552673,
                    -0.03582577779889107,
                    0.20133136212825775,
                    0.24159777164459229
                ],
                [
                    3.9986659317037265e-08,
                    0.9845343828201294,
                    0.17519187927246094,
                    0.21023043990135193
                ],
                [
                    0,
                    0,
                    0,
                    1
                ]
            ]
        },
        {
            "file_path": "004.png",
            "transform_matrix": [
                [
                    -0.11245125532150269,
                    0.07630046457052231,
                    -0.9907234907150269,
                    -1.1888681650161743
                ],
                [
                    -0.9936572909355164,
                    -0.008634809404611588,
                    0.11211919039487839,
                    0.1345430463552475
                ],
                [
                    9.413490431597893e-08,
                    0.9970475435256958,
                    0.07678744196891785,
                    0.09214495122432709
                ],
                [
                    0,
                    0,
                    0,
                    1
                ]
            ]
        },
        {
            "file_path": "005.png",
            "transform_matrix": [
                [
                    0.23427416384220123,
                    0.2729124128818512,
                    -0.9330779314041138,
                    -1.1196935176849365
                ],
                [
                    -0.9721705317497253,
                    0.06576665490865707,
                    -0.22485356032848358,
                    -0.26982423663139343
                ],
                [
                    5.590896989815519e-08,
                    0.9597882628440857,
                    0.2807248830795288,
                    0.3368698060512543
                ],
                [
                    0,
                    0,
                    0,
                    1
                ]
            ]
        }
    ]
}