{
    "camera_angle_x": 0.8575560450553894,
    "aabb": [
        [
            -0.35,
            -0.35,
            -0.35
        ],
        [
            0.35,
            0.35,
            0.35
        ]
    ],
    "frames": [
        {
            "file_path": "000.png",
            "transform_matrix": [
                [
                    0.9748127460479736,
                    0.04540243744850159,
                    -0.21835455298423767,
                    -0.2620254456996918
                ],
                [
                    -0.2230248600244522,
                    0.19844819605350494,
                    -0.9543994069099426,
                    -1.1452792882919312
                ],
                [
                    1.077469491406191e-08,
                    0.9790592193603516,
                    0.2035757154226303,
                    0.24429088830947876
                ],
                [
                    0,
                    0,
                    0,
                    1
                ]
            ]
        },
        {
            "file_path": "001.png",
            "transform_matrix": [
                [
                    0.4334537088871002,
                    0.41301602125167847,
                    -0.8009592890739441,
                    -0.9611510634422302
                ],
                [
                    -0.901175856590271,
                    0.19865520298480988,
                    -0.38525092601776123,
                    -0.4623010456562042
                ],
                [
                    -1.9132201600768894e-08,
                    0.8887935876846313,
                    0.45830783247947693,
                    0.5499695539474487
                ],
                [
                    0,
                    0,
                    0,
                    1
                ]
            ]
        },
        {
            "file_path": "002.png",
            "transform_matrix": [
                [
                    -0.644183337688446,
                    -0.37801456451416016,
                    0.6649307608604431,
                    0.7979169487953186
                ],
                [
                    0.7648711800575256,
                    -0.31836822628974915,
                    0.5600123405456543,
                    0.6720147728919983
                ],
                [
                    4.176698098490306e-09,
                    0.8693369030952454,
                    0.49421989917755127,
                    0.5930638909339905
                ],
                [
                    0,
                    0,
                    0,
                    1
                ]
            ]
        },
        {
            "file_path": "003.png",
            "transform_matrix": [
                [
                    0.9198105335235596,
                    0.1504775881767273,
                    -0.36236050724983215,
                    -0.4348326325416565
                ],
                [
                    -0.39236289262771606,
                    0.3527624309062958,
                    -0.8494763374328613,
                    -1.0193716287612915
                ],
                [
                    1.8944149360322626e-08,
                    0.923534095287323,
                    0.383516401052475,
                    0.46021977066993713
                ],
                [
                    0,
                    0,
                    0,
                    1
                ]
            ]
        },
        {
            "file_path": "004.png",
            "transform_matrix": [
                [
                    0.4158438742160797,
                    -0.2596978545188904,
                    0.8715680837631226,
                    1.0458816289901733
                ],
                [
                    0.909436047077179,
                    0.11874794960021973,
                    -0.39852866530418396,
                    -0.4782344400882721
                ],
                [
                    6.097131688420632e-08,
                    0.9583611488342285,
                    0.28555914759635925,
                    0.34267109632492065
                ],
                [
                    0,
                    0,
                    0,
                    1
                ]
            ]
        },
        {
            "file_path": "005.png",
            "transform_matrix": [
                [
                    -0.2791883647441864,
                    0.3499903380870819,
                    -0.8941815495491028,
                    -1.073017954826355
                ],
                [
                    -0.9602363705635071,
                    -0.10175960510969162,
                    0.2599829435348511,
                    0.3119794726371765
                ],
                [
                    -5.0500869264169523e-08,
                    0.9312098622322083,
                    0.3644835352897644,
                    0.43738028407096863
                ],
                [
                    0,
                    0,
                    0,
                    1
                ]
            ]
        }
    ]
}