{
    "camera_angle_x": 0.8575560450553894,
    "aabb": [
        [
            -0.35,
            -0.35,
            -0.35
        ],
        [
            0.35,
            0.35,
            0.35
        ]
    ],
    "frames": [
        {
            "file_path": "000.png",
            "transform_matrix": [
                [
                    0.4087046980857849,
                    0.2742687165737152,
                    -0.870481014251709,
                    -1.0445772409439087
                ],
                [
                    -0.9126666784286499,
                    0.12282133102416992,
                    -0.3898133933544159,
                    -0.4677760899066925
                ],
                [
                    5.949039660890776e-08,
                    0.953777551651001,
                    0.30051353573799133,
                    0.3606162667274475
                ],
                [
                    0,
                    0,
                    0,
                    1
                ]
            ]
        },
        {
            "file_path": "001.png",
            "transform_matrix": [
                [
                    0.9114276766777039,
                    0.09207573533058167,
                    -0.40102580189704895,
                    -0.4812309443950653
                ],
                [
                    -0.41146036982536316,
                    0.20395727455615997,
                    -0.8883141279220581,
                    -1.065976858139038
                ],
                [
                    -1.3951478861073952e-11,
                    0.9746402502059937,
                    0.22377781569957733,
                    0.26853346824645996
                ],
                [
                    0,
                    0,
                    0,
                    1
                ]
            ]
        },
        {
            "file_path": "002.png",
            "transform_matrix": [
                [
                    -0.24425095319747925,
                    0.02381260134279728,
                    -0.9694197773933411,
                    -1.1633036136627197
                ],
                [
                    -0.9697121977806091,
                    -0.00599790271371603,
                    0.2441771924495697,
                    0.29301267862319946
                ],
                [
                    1.0532377103800172e-07,
                    0.9996985197067261,
                    0.0245562344789505,
                    0.029467659071087837
                ],
                [
                    0,
                    0,
                    0,
                    1
                ]
            ]
        },
        {
            "file_path": "003.png",
            "transform_matrix": [
                [
                    -0.9096867442131042,
                    0.19217592477798462,
                    -0.3681555688381195,
                    -0.4417867064476013
                ],
                [
                    -0.41529521346092224,
                    -0.42095327377319336,
                    0.8064293265342712,
                    0.9677152037620544
                ],
                [
                    1.0769172220648215e-08,
                    0.8864912986755371,
                    0.4627453088760376,
                    0.555294394493103
                ],
                [
                    0,
                    0,
                    0,
                    1
                ]
            ]
        },
        {
            "file_path": "004.png",
            "transform_matrix": [
                [
                    0.9985873699188232,
                    0.022882115095853806,
                    -0.047955118119716644,
                    -0.05754614248871803
                ],
                [
                    -0.05313459038734436,
                    0.43003609776496887,
                    -0.9012467861175537,
                    -1.0814961194992065
                ],
                [
                    2.5595809916012513e-09,
                    0.9025217294692993,
                    0.4306444227695465,
                    0.5167734026908875
                ],
                [
                    0,
                    0,
                    0,
                    1
                ]
            ]
        },
        {
            "file_path": "005.png",
            "transform_matrix": [
                [
                    -0.7444742321968079,
                    -0.29673677682876587,
                    0.5980848670005798,
                    0.71770179271698
                ],
                [
                    0.6676512956619263,
                    -0.3308805525302887,
                    0.6669032573699951,
                    0.8002838492393494
                ],
                [
                    -8.575564436341665e-08,
                    0.8958043456077576,
                    0.44444864988327026,
                    0.5333384871482849
                ],
                [
                    0,
                    0,
                    0,
                    1
                ]
            ]
        }
    ]
}