{
    "camera_angle_x": 0.8575560450553894,
    "aabb": [
        [
            -0.35,
            -0.35,
            -0.35
        ],
        [
            0.35,
            0.35,
            0.35
        ]
    ],
    "frames": [
        {
            "file_path": "000.png",
            "transform_matrix": [
                [
                    0.6682652831077576,
                    0.22991010546684265,
                    -0.7075046896934509,
                    -0.8490056395530701
                ],
                [
                    -0.7439230680465698,
                    0.2065279632806778,
                    -0.6355507373809814,
                    -0.762660801410675
                ],
                [
                    -1.0182139575931615e-08,
                    0.9510455131530762,
                    0.30905088782310486,
                    0.3708611726760864
                ],
                [
                    0,
                    0,
                    0,
                    1
                ]
            ]
        },
        {
            "file_path": "001.png",
            "transform_matrix": [
                [
                    -0.9953879714012146,
                    -0.020520417019724846,
                    0.0937105044722557,
                    0.11245261132717133
                ],
                [
                    0.09593094140291214,
                    -0.21292166411876678,
                    0.9723485112190247,
                    1.1668182611465454
                ],
                [
                    -9.295550995602753e-10,
                    0.9768537878990173,
                    0.21390821039676666,
                    0.2566898763179779
                ],
                [
                    0,
                    0,
                    0,
                    1
                ]
            ]
        },
        {
            "file_path": "002.png",
            "transform_matrix": [
                [
                    0.859946608543396,
                    0.191140279173851,
                    -0.47324123978614807,
                    -0.5678895115852356
                ],
                [
                    -0.5103840231895447,
                    0.3220525085926056,
                    -0.7973645925521851,
                    -0.95683753490448
                ],
                [
                    3.088236866233274e-08,
                    0.9272257685661316,
                    0.37450289726257324,
                    0.44940346479415894
                ],
                [
                    0,
                    0,
                    0,
                    1
                ]
            ]
        },
        {
            "file_path": "003.png",
            "transform_matrix": [
                [
                    0.9945064187049866,
                    0.01773684471845627,
                    -0.10316186398267746,
                    -0.12379421293735504
                ],
                [
                    -0.1046755239367485,
                    0.16851498186588287,
                    -0.9801256060600281,
                    -1.1761504411697388
                ],
                [
                    1.2198239751626261e-08,
                    0.9855397343635559,
                    0.16944584250450134,
                    0.20333516597747803
                ],
                [
                    0,
                    0,
                    0,
                    1
                ]
            ]
        },
        {
            "file_path": "004.png",
            "transform_matrix": [
                [
                    -0.7508594989776611,
                    0.22211214900016785,
                    -0.6219939589500427,
                    -0.7463927865028381
                ],
                [
                    -0.6604622006416321,
                    -0.2525125741958618,
                    0.7071260809898376,
                    0.8485512137413025
                ],
                [
                    3.2002539285258536e-08,
                    0.9417557120323181,
                    0.3362979590892792,
                    0.40355774760246277
                ],
                [
                    0,
                    0,
                    0,
                    1
                ]
            ]
        },
        {
            "file_path": "005.png",
            "transform_matrix": [
                [
                    0.866438627243042,
                    0.0941736102104187,
                    -0.4903217852115631,
                    -0.5883861184120178
                ],
                [
                    -0.4992835819721222,
                    0.16342544555664062,
                    -0.8508865833282471,
                    -1.0210639238357544
                ],
                [
                    -1.6571490846217785e-08,
                    0.9820506572723389,
                    0.18861745297908783,
                    0.2263410985469818
                ],
                [
                    0,
                    0,
                    0,
                    1
                ]
            ]
        }
    ]
}