{
    "camera_angle_x": 0.8575560450553894,
    "aabb": [
        [
            -0.35,
            -0.35,
            -0.35
        ],
        [
            0.35,
            0.35,
            0.35
        ]
    ],
    "frames": [
        {
            "file_path": "000.png",
            "transform_matrix": [
                [
                    -0.8239573836326599,
                    0.09014058858156204,
                    -0.5594362020492554,
                    -0.6713234782218933
                ],
                [
                    -0.5666517019271851,
                    -0.13107168674468994,
                    0.813465416431427,
                    0.976158618927002
                ],
                [
                    7.119638212316204e-09,
                    0.9872663617134094,
                    0.1590758115053177,
                    0.19089099764823914
                ],
                [
                    0,
                    0,
                    0,
                    1
                ]
            ]
        },
        {
            "file_path": "001.png",
            "transform_matrix": [
                [
                    0.9529574513435364,
                    0.0993795320391655,
                    -0.2863490581512451,
                    -0.34361886978149414
                ],
                [
                    -0.30310407280921936,
                    0.31244856119155884,
                    -0.9002799391746521,
                    -1.0803358554840088
                ],
                [
                    -1.712968966671724e-08,
                    0.944722056388855,
                    0.32787254452705383,
                    0.39344725012779236
                ],
                [
                    0,
                    0,
                    0,
                    1
                ]
            ]
        },
        {
            "file_path": "002.png",
            "transform_matrix": [
                [
                    -0.9975736141204834,
                    0.02470785565674305,
                    -0.06508836150169373,
                    -0.07810603827238083
                ],
                [
                    -0.06962019950151443,
                    -0.35403379797935486,
                    0.9326377511024475,
                    1.119165301322937
                ],
                [
                    2.0867156891313243e-09,
                    0.9349062442779541,
                    0.35489484667778015,
                    0.42587384581565857
                ],
                [
                    0,
                    0,
                    0,
                    1
                ]
            ]
        },
        {
            "file_path": "003.png",
            "transform_matrix": [
                [
                    0.07712464779615402,
                    0.3353162109851837,
                    -0.9389435648918152,
                    -1.1267322301864624
                ],
                [
                    -0.997021496295929,
                    0.025938265025615692,
                    -0.07263211905956268,
                    -0.08715853840112686
                ],
                [
                    -9.164133984995715e-08,
                    0.9417485594749451,
                    0.33631786704063416,
                    0.4035816788673401
                ],
                [
                    0,
                    0,
                    0,
                    1
                ]
            ]
        },
        {
            "file_path": "004.png",
            "transform_matrix": [
                [
                    0.9998520016670227,
                    -0.00010636069055180997,
                    0.0172031931579113,
                    0.02064383402466774
                ],
                [
                    0.017203522846102715,
                    0.006181653123348951,
                    -0.9998328685760498,
                    -1.1997995376586914
                ],
                [
                    -9.781677690057222e-10,
                    0.9999808669090271,
                    0.006182568147778511,
                    0.007418888155370951
                ],
                [
                    0,
                    0,
                    0,
                    1
                ]
            ]
        },
        {
            "file_path": "005.png",
            "transform_matrix": [
                [
                    -0.9462279677391052,
                    0.011628642678260803,
                    -0.3232916593551636,
                    -0.38795000314712524
                ],
                [
                    -0.32350072264671326,
                    -0.03401339054107666,
                    0.9456164240837097,
                    1.1347397565841675
                ],
                [
                    -8.496403580693368e-11,
                    0.9993537664413452,
                    0.035946235060691833,
                    0.043135568499565125
                ],
                [
                    0,
                    0,
                    0,
                    1
                ]
            ]
        }
    ]
}