{
    "camera_angle_x": 0.8575560450553894,
    "aabb": [
        [
            -0.35,
            -0.35,
            -0.35
        ],
        [
            0.35,
            0.35,
            0.35
        ]
    ],
    "frames": [
        {
            "file_path": "000.png",
            "transform_matrix": [
                [
                    0.5355913639068604,
                    -0.3943479061126709,
                    0.7467473745346069,
                    0.8960968255996704
                ],
                [
                    0.8444772958755493,
                    0.2501065135002136,
                    -0.4736083745956421,
                    -0.5683300495147705
                ],
                [
                    3.320105790294292e-08,
                    0.8842717409133911,
                    0.4669727087020874,
                    0.5603674054145813
                ],
                [
                    0,
                    0,
                    0,
                    1
                ]
            ]
        },
        {
            "file_path": "001.png",
            "transform_matrix": [
                [
                    -0.1027546301484108,
                    -0.24094390869140625,
                    0.9650842547416687,
                    1.158101201057434
                ],
                [
                    0.9947067499160767,
                    -0.02488986775279045,
                    0.09969455748796463,
                    0.11963345855474472
                ],
                [
                    -5.737113895065704e-09,
                    0.9702198505401611,
                    0.2422260344028473,
                    0.2906711995601654
                ],
                [
                    0,
                    0,
                    0,
                    1
                ]
            ]
        },
        {
            "file_path": "002.png",
            "transform_matrix": [
                [
                    1.0,
                    2.0969049728591926e-05,
                    -0.00010513013694435358,
                    -0.00012615614105015993
                ],
                [
                    -0.00010720096179284155,
                    0.19560496509075165,
                    -0.9806827902793884,
                    -1.1768193244934082
                ],
                [
                    -3.6117376450706118e-12,
                    0.9806827902793884,
                    0.19560496509075165,
                    0.23472604155540466
                ],
                [
                    0,
                    0,
                    0,
                    1
                ]
            ]
        },
        {
            "file_path": "003.png",
            "transform_matrix": [
                [
                    -0.19891831278800964,
                    0.04859438166022301,
                    -0.9788106679916382,
                    -1.1745727062225342
                ],
                [
                    -0.9800162315368652,
                    -0.00986343715339899,
                    0.19867351651191711,
                    0.23840834200382233
                ],
                [
                    8.237692128432172e-08,
                    0.998769998550415,
                    0.049585167318582535,
                    0.05950233340263367
                ],
                [
                    0,
                    0,
                    0,
                    1
                ]
            ]
        },
        {
            "file_path": "004.png",
            "transform_matrix": [
                [
                    -0.16404913365840912,
                    0.4891195297241211,
                    -0.8566505908966064,
                    -1.0279805660247803
                ],
                [
                    -0.9864522814750671,
                    -0.08134163916110992,
                    0.14246277511119843,
                    0.17095541954040527
                ],
                [
                    5.123949975427422e-08,
                    0.8684157133102417,
                    0.49583694338798523,
                    0.5950044393539429
                ],
                [
                    0,
                    0,
                    0,
                    1
                ]
            ]
        },
        {
            "file_path": "005.png",
            "transform_matrix": [
                [
                    -0.4839245080947876,
                    -0.06000370532274246,
                    0.873050332069397,
                    1.0476603507995605
                ],
                [
                    0.8751099109649658,
                    -0.03318135440349579,
                    0.48278552293777466,
                    0.5793426036834717
                ],
                [
                    -5.10759490257584e-10,
                    0.9976465702056885,
                    0.06856697797775269,
                    0.0822804644703865
                ],
                [
                    0,
                    0,
                    0,
                    1
                ]
            ]
        }
    ]
}