{
    "camera_angle_x": 0.8575560450553894,
    "aabb": [
        [
            -0.35,
            -0.35,
            -0.35
        ],
        [
            0.35,
            0.35,
            0.35
        ]
    ],
    "frames": [
        {
            "file_path": "000.png",
            "transform_matrix": [
                [
                    -0.7193129658699036,
                    -0.04967748001217842,
                    0.6929078698158264,
                    0.8314893841743469
                ],
                [
                    0.6946863532066345,
                    -0.0514385923743248,
                    0.7174713015556335,
                    0.8609655499458313
                ],
                [
                    -2.1539698025208054e-08,
                    0.9974399209022522,
                    0.07151056081056595,
                    0.0858127772808075
                ],
                [
                    0,
                    0,
                    0,
                    1
                ]
            ]
        },
        {
            "file_path": "001.png",
            "transform_matrix": [
                [
                    0.11738855391740799,
                    -0.4623846113681793,
                    0.8788745999336243,
                    1.0546494722366333
                ],
                [
                    0.9930861592292786,
                    0.05465639755129814,
                    -0.10388821363449097,
                    -0.12466590851545334
                ],
                [
                    1.072771596000166e-07,
                    0.8849934339523315,
                    0.46560364961624146,
                    0.5587245225906372
                ],
                [
                    0,
                    0,
                    0,
                    1
                ]
            ]
        },
        {
            "file_path": "002.png",
            "transform_matrix": [
                [
                    -0.6394474506378174,
                    -0.3316381871700287,
                    0.6936303973197937,
                    0.8323563933372498
                ],
                [
                    0.7688348293304443,
                    -0.27582666277885437,
                    0.5768992304801941,
                    0.6922791004180908
                ],
                [
                    -6.838982358203793e-08,
                    0.9021839499473572,
                    0.43135160207748413,
                    0.5176219940185547
                ],
                [
                    0,
                    0,
                    0,
                    1
                ]
            ]
        },
        {
            "file_path": "003.png",
            "transform_matrix": [
                [
                    -0.4085736870765686,
                    -0.07469071447849274,
                    0.9096642136573792,
                    1.091597080230713
                ],
                [
                    0.9127254486083984,
                    -0.03343464061617851,
                    0.4072033166885376,
                    0.4886440634727478
                ],
                [
                    -7.061703399813268e-08,
                    0.9966461658477783,
                    0.08183252066373825,
                    0.09819924086332321
                ],
                [
                    0,
                    0,
                    0,
                    1
                ]
            ]
        },
        {
            "file_path": "004.png",
            "transform_matrix": [
                [
                    0.9995004534721375,
                    -0.004455857910215855,
                    0.031289149075746536,
                    0.03754698112607002
                ],
                [
                    0.0316048339009285,
                    0.140916109085083,
                    -0.9895170331001282,
                    -1.18742036819458
                ],
                [
                    -1.9500656645021763e-10,
                    0.9900115728378296,
                    0.14098654687404633,
                    0.16918408870697021
                ],
                [
                    0,
                    0,
                    0,
                    1
                ]
            ]
        },
        {
            "file_path": "005.png",
            "transform_matrix": [
                [
                    -0.30305129289627075,
                    -0.12091543525457382,
                    0.9452722072601318,
                    1.1343265771865845
                ],
                [
                    0.9529743194580078,
                    -0.038451824337244034,
                    0.30060192942619324,
                    0.36072230339050293
                ],
                [
                    -2.390845921240725e-08,
                    0.9919178485870361,
                    0.12688210606575012,
                    0.15225860476493835
                ],
                [
                    0,
                    0,
                    0,
                    1
                ]
            ]
        }
    ]
}