{
    "camera_angle_x": 0.8575560450553894,
    "aabb": [
        [
            -0.35,
            -0.35,
            -0.35
        ],
        [
            0.35,
            0.35,
            0.35
        ]
    ],
    "frames": [
        {
            "file_path": "000.png",
            "transform_matrix": [
                [
                    -0.6188979744911194,
                    -0.08705092966556549,
                    0.7806327939033508,
                    0.9367592930793762
                ],
                [
                    0.7854714393615723,
                    -0.0685901939868927,
                    0.6150854229927063,
                    0.7381024360656738
                ],
                [
                    -2.1901666258372643e-08,
                    0.9938398003578186,
                    0.11082631349563599,
                    0.13299158215522766
                ],
                [
                    0,
                    0,
                    0,
                    1
                ]
            ]
        },
        {
            "file_path": "001.png",
            "transform_matrix": [
                [
                    0.5444566607475281,
                    -0.11300987005233765,
                    0.8311411738395691,
                    0.9973694682121277
                ],
                [
                    0.8387889266014099,
                    0.07335447520017624,
                    -0.5394924879074097,
                    -0.6473910808563232
                ],
                [
                    1.0032573527496425e-07,
                    0.9908823370933533,
                    0.1347297877073288,
                    0.1616758108139038
                ],
                [
                    0,
                    0,
                    0,
                    1
                ]
            ]
        },
        {
            "file_path": "002.png",
            "transform_matrix": [
                [
                    -0.9919817447662354,
                    0.05791535973548889,
                    -0.11233019083738327,
                    -0.13479623198509216
                ],
                [
                    -0.12638141214847565,
                    -0.4545840919017792,
                    0.8816921710968018,
                    1.058030605316162
                ],
                [
                    7.919531697098137e-10,
                    0.8888189792633057,
                    0.4582585096359253,
                    0.5499103665351868
                ],
                [
                    0,
                    0,
                    0,
                    1
                ]
            ]
        },
        {
            "file_path": "003.png",
            "transform_matrix": [
                [
                    -0.6963599324226379,
                    0.28524690866470337,
                    -0.6585721969604492,
                    -0.7902866005897522
                ],
                [
                    -0.7176929116249084,
                    -0.27676814794540405,
                    0.6389964818954468,
                    0.7667956948280334
                ],
                [
                    1.6374762878967886e-08,
                    0.9176239967346191,
                    0.3974497318267822,
                    0.4769397974014282
                ],
                [
                    0,
                    0,
                    0,
                    1
                ]
            ]
        },
        {
            "file_path": "004.png",
            "transform_matrix": [
                [
                    0.5005031228065491,
                    -0.1375652253627777,
                    0.8547353148460388,
                    1.0256823301315308
                ],
                [
                    0.8657347559928894,
                    0.07952990382909775,
                    -0.49414411187171936,
                    -0.592972993850708
                ],
                [
                    6.979163913456432e-09,
                    0.9872947335243225,
                    0.1588999480009079,
                    0.19068004190921783
                ],
                [
                    0,
                    0,
                    0,
                    1
                ]
            ]
        },
        {
            "file_path": "005.png",
            "transform_matrix": [
                [
                    0.5078332424163818,
                    -0.23166987299919128,
                    0.8297195434570312,
                    0.9956634640693665
                ],
                [
                    0.8614554405212402,
                    0.13657085597515106,
                    -0.48912477493286133,
                    -0.5869496464729309
                ],
                [
                    -6.954319076157844e-08,
                    0.9631602168083191,
                    0.2689284682273865,
                    0.32271426916122437
                ],
                [
                    0,
                    0,
                    0,
                    1
                ]
            ]
        }
    ]
}