{
    "camera_angle_x": 0.8575560450553894,
    "aabb": [
        [
            -0.35,
            -0.35,
            -0.35
        ],
        [
            0.35,
            0.35,
            0.35
        ]
    ],
    "frames": [
        {
            "file_path": "000.png",
            "transform_matrix": [
                [
                    0.22386716306209564,
                    0.42513778805732727,
                    -0.8770071268081665,
                    -1.0524085760116577
                ],
                [
                    -0.9746196866035461,
                    0.09765279293060303,
                    -0.20144590735435486,
                    -0.24173501133918762
                ],
                [
                    -1.9685501229105284e-08,
                    0.8998454809188843,
                    0.4362088441848755,
                    0.5234507322311401
                ],
                [
                    0,
                    0,
                    0,
                    1
                ]
            ]
        },
        {
            "file_path": "001.png",
            "transform_matrix": [
                [
                    -0.43852499127388,
                    -0.3010188043117523,
                    0.8468078970909119,
                    1.016169548034668
                ],
                [
                    0.898719072341919,
                    -0.14688049256801605,
                    0.4131951630115509,
                    0.4958341121673584
                ],
                [
                    2.2368181973320134e-08,
                    0.9422387480735779,
                    0.3349420130252838,
                    0.401930570602417
                ],
                [
                    0,
                    0,
                    0,
                    1
                ]
            ]
        },
        {
            "file_path": "002.png",
            "transform_matrix": [
                [
                    -0.4756202697753906,
                    -0.12391290068626404,
                    0.870879590511322,
                    1.0450553894042969
                ],
                [
                    0.879650890827179,
                    -0.06699877977371216,
                    0.47087761759757996,
                    0.5650531053543091
                ],
                [
                    -2.2282158340658498e-08,
                    0.9900287389755249,
                    0.14086590707302094,
                    0.16903923451900482
                ],
                [
                    0,
                    0,
                    0,
                    1
                ]
            ]
        },
        {
            "file_path": "003.png",
            "transform_matrix": [
                [
                    0.020449867472052574,
                    -0.07493351399898529,
                    0.9969789385795593,
                    1.1963746547698975
                ],
                [
                    0.9997909665107727,
                    0.0015325561398640275,
                    -0.020392445847392082,
                    -0.024471107870340347
                ],
                [
                    6.00460339228448e-08,
                    0.9971874356269836,
                    0.07494909316301346,
                    0.08993904292583466
                ],
                [
                    0,
                    0,
                    0,
                    1
                ]
            ]
        },
        {
            "file_path": "004.png",
            "transform_matrix": [
                [
                    0.9447823166847229,
                    -0.11669839173555374,
                    0.30621543526649475,
                    0.3674584925174713
                ],
                [
                    0.32769864797592163,
                    0.3364510238170624,
                    -0.8828444480895996,
                    -1.0594133138656616
                ],
                [
                    2.3323394771068706e-08,
                    0.9344422221183777,
                    0.35611486434936523,
                    0.42733803391456604
                ],
                [
                    0,
                    0,
                    0,
                    1
                ]
            ]
        },
        {
            "file_path": "005.png",
            "transform_matrix": [
                [
                    0.41649916768074036,
                    -0.433827668428421,
                    0.7989506125450134,
                    0.958740770816803
                ],
                [
                    0.9091361165046692,
                    0.19874782860279083,
                    -0.3660202920436859,
                    -0.43922436237335205
                ],
                [
                    7.488829112389794e-09,
                    0.8788020014762878,
                    0.4771866798400879,
                    0.5726240277290344
                ],
                [
                    0,
                    0,
                    0,
                    1
                ]
            ]
        }
    ]
}