{
    "camera_angle_x": 0.8575560450553894,
    "aabb": [
        [
            -0.35,
            -0.35,
            -0.35
        ],
        [
            0.35,
            0.35,
            0.35
        ]
    ],
    "frames": [
        {
            "file_path": "000.png",
            "transform_matrix": [
                [
                    0.5236580967903137,
                    -0.15432173013687134,
                    0.8378347158432007,
                    1.005401611328125
                ],
                [
                    0.8519285321235657,
                    0.0948576107621193,
                    -0.5149950385093689,
                    -0.6179941296577454
                ],
                [
                    -8.39949052533484e-08,
                    0.9834566116333008,
                    0.18114402890205383,
                    0.21737277507781982
                ],
                [
                    0,
                    0,
                    0,
                    1
                ]
            ]
        },
        {
            "file_path": "001.png",
            "transform_matrix": [
                [
                    0.7197062373161316,
                    -0.07463592290878296,
                    0.690255343914032,
                    0.8283064365386963
                ],
                [
                    0.6942787170410156,
                    0.0773693397641182,
                    -0.7155355215072632,
                    -0.858642578125
                ],
                [
                    3.56666696177399e-08,
                    0.9942049980163574,
                    0.107501320540905,
                    0.1290016919374466
                ],
                [
                    0,
                    0,
                    0,
                    1
                ]
            ]
        },
        {
            "file_path": "002.png",
            "transform_matrix": [
                [
                    -0.8294470310211182,
                    -0.1546775996685028,
                    0.5367424488067627,
                    0.6440909504890442
                ],
                [
                    0.5585853457450867,
                    -0.2296818494796753,
                    0.7970123291015625,
                    0.9564148187637329
                ],
                [
                    4.4574953506071324e-08,
                    0.9608959555625916,
                    0.27690958976745605,
                    0.33229145407676697
                ],
                [
                    0,
                    0,
                    0,
                    1
                ]
            ]
        },
        {
            "file_path": "003.png",
            "transform_matrix": [
                [
                    -0.18976253271102905,
                    0.4678322672843933,
                    -0.8632053136825562,
                    -1.03584623336792
                ],
                [
                    -0.9818301200866699,
                    -0.09041999280452728,
                    0.16683532297611237,
                    0.20020237565040588
                ],
                [
                    9.817949120360936e-09,
                    0.8791799545288086,
                    0.47648999094963074,
                    0.5717881321907043
                ],
                [
                    0,
                    0,
                    0,
                    1
                ]
            ]
        },
        {
            "file_path": "004.png",
            "transform_matrix": [
                [
                    -0.7525431513786316,
                    0.28031250834465027,
                    -0.5959057807922363,
                    -0.7150868773460388
                ],
                [
                    -0.6585429310798645,
                    -0.320324182510376,
                    0.68096524477005,
                    0.8171583414077759
                ],
                [
                    4.615358406567793e-08,
                    0.9048852920532227,
                    0.4256555736064911,
                    0.510786771774292
                ],
                [
                    0,
                    0,
                    0,
                    1
                ]
            ]
        },
        {
            "file_path": "005.png",
            "transform_matrix": [
                [
                    -0.11232880502939224,
                    0.3109932839870453,
                    -0.94375079870224,
                    -1.1325008869171143
                ],
                [
                    -0.993671178817749,
                    -0.035155996680259705,
                    0.10668553411960602,
                    0.12802264094352722
                ],
                [
                    6.509520744657493e-08,
                    0.9497617483139038,
                    0.3129739761352539,
                    0.3755688965320587
                ],
                [
                    0,
                    0,
                    0,
                    1
                ]
            ]
        }
    ]
}