{
    "camera_angle_x": 0.8575560450553894,
    "aabb": [
        [
            -0.35,
            -0.35,
            -0.35
        ],
        [
            0.35,
            0.35,
            0.35
        ]
    ],
    "frames": [
        {
            "file_path": "000.png",
            "transform_matrix": [
                [
                    0.9336556792259216,
                    -0.11359405517578125,
                    0.33968138694763184,
                    0.40761759877204895
                ],
                [
                    0.35817182064056396,
                    0.2961083948612213,
                    -0.8854562640190125,
                    -1.0625474452972412
                ],
                [
                    4.171836565092235e-08,
                    0.9483755826950073,
                    0.31714949011802673,
                    0.3805796205997467
                ],
                [
                    0,
                    0,
                    0,
                    1
                ]
            ]
        },
        {
            "file_path": "001.png",
            "transform_matrix": [
                [
                    -0.6404695510864258,
                    0.01992964558303356,
                    -0.7677249312400818,
                    -0.9212698340415955
                ],
                [
                    -0.7679835557937622,
                    -0.01662057638168335,
                    0.6402538418769836,
                    0.7683047652244568
                ],
                [
                    2.746105565165635e-10,
                    0.999663233757019,
                    0.025950616225600243,
                    0.0311407633125782
                ],
                [
                    0,
                    0,
                    0,
                    1
                ]
            ]
        },
        {
            "file_path": "002.png",
            "transform_matrix": [
                [
                    0.07779918611049652,
                    0.16904933750629425,
                    -0.9825323820114136,
                    -1.179038643836975
                ],
                [
                    -0.9969691634178162,
                    0.013191654346883297,
                    -0.07667276263237,
                    -0.09200745075941086
                ],
                [
                    -1.0675265826876057e-07,
                    0.9855194687843323,
                    0.16956311464309692,
                    0.20347599685192108
                ],
                [
                    0,
                    0,
                    0,
                    1
                ]
            ]
        },
        {
            "file_path": "003.png",
            "transform_matrix": [
                [
                    -0.7850363850593567,
                    0.11415333300828934,
                    -0.6088409423828125,
                    -0.7306090593338013
                ],
                [
                    -0.619450032711029,
                    -0.14466796815395355,
                    0.771591305732727,
                    0.9259094595909119
                ],
                [
                    2.3636010482164238e-08,
                    0.9828736186027527,
                    0.1842816174030304,
                    0.22113819420337677
                ],
                [
                    0,
                    0,
                    0,
                    1
                ]
            ]
        },
        {
            "file_path": "004.png",
            "transform_matrix": [
                [
                    0.8864248991012573,
                    -0.17099575698375702,
                    0.4301294684410095,
                    0.5161553621292114
                ],
                [
                    0.4628724455833435,
                    0.3274657726287842,
                    -0.823720395565033,
                    -0.9884644150733948
                ],
                [
                    -7.57319540412027e-09,
                    0.929261326789856,
                    0.3694230318069458,
                    0.4433077275753021
                ],
                [
                    0,
                    0,
                    0,
                    1
                ]
            ]
        },
        {
            "file_path": "005.png",
            "transform_matrix": [
                [
                    -0.9690028429031372,
                    0.1026669442653656,
                    -0.2247070074081421,
                    -0.26964837312698364
                ],
                [
                    -0.24705007672309875,
                    -0.4026898741722107,
                    0.8813667297363281,
                    1.0576399564743042
                ],
                [
                    1.8026877768306804e-09,
                    0.9095606207847595,
                    0.41557133197784424,
                    0.498685747385025
                ],
                [
                    0,
                    0,
                    0,
                    1
                ]
            ]
        }
    ]
}