{
    "camera_angle_x": 0.8575560450553894,
    "aabb": [
        [
            -0.35,
            -0.35,
            -0.35
        ],
        [
            0.35,
            0.35,
            0.35
        ]
    ],
    "frames": [
        {
            "file_path": "000.png",
            "transform_matrix": [
                [
                    -0.917648196220398,
                    0.07097401469945908,
                    -0.3910045921802521,
                    -0.4692055284976959
                ],
                [
                    -0.3973938822746277,
                    -0.1638907790184021,
                    0.9028941988945007,
                    1.0834730863571167
                ],
                [
                    -1.4633092959570604e-08,
                    0.983922004699707,
                    0.17859865725040436,
                    0.2143183797597885
                ],
                [
                    0,
                    0,
                    0,
                    1
                ]
            ]
        },
        {
            "file_path": "001.png",
            "transform_matrix": [
                [
                    -0.9915320873260498,
                    0.005568360444158316,
                    -0.12974245846271515,
                    -0.1556909680366516
                ],
                [
                    -0.12986190617084503,
                    -0.042516037821769714,
                    0.9906201362609863,
                    1.1887441873550415
                ],
                [
                    -4.72145522678602e-09,
                    0.9990803003311157,
                    0.042879123240709305,
                    0.05145486444234848
                ],
                [
                    0,
                    0,
                    0,
                    1
                ]
            ]
        },
        {
            "file_path": "002.png",
            "transform_matrix": [
                [
                    -0.4464223384857178,
                    -0.06066078320145607,
                    0.8927642107009888,
                    1.0713168382644653
                ],
                [
                    0.8948226571083069,
                    -0.030263544991612434,
                    0.44539517164230347,
                    0.5344741344451904
                ],
                [
                    2.6666100438887952e-08,
                    0.9976997375488281,
                    0.067790687084198,
                    0.08134887367486954
                ],
                [
                    0,
                    0,
                    0,
                    1
                ]
            ]
        },
        {
            "file_path": "003.png",
            "transform_matrix": [
                [
                    -0.597374677658081,
                    -0.09266053885221481,
                    0.7965912222862244,
                    0.9559094309806824
                ],
                [
                    0.8019623160362244,
                    -0.069022037088871,
                    0.5933737754821777,
                    0.7120486497879028
                ],
                [
                    1.6605500974264942e-08,
                    0.993302583694458,
                    0.11554227024316788,
                    0.13865076005458832
                ],
                [
                    0,
                    0,
                    0,
                    1
                ]
            ]
        },
        {
            "file_path": "004.png",
            "transform_matrix": [
                [
                    0.9520607590675354,
                    0.030295871198177338,
                    -0.3044050335884094,
                    -0.36528605222702026
                ],
                [
                    -0.3059089183807373,
                    0.09428778290748596,
                    -0.9473804831504822,
                    -1.1368564367294312
                ],
                [
                    -9.44030453808864e-09,
                    0.9950839877128601,
                    0.09903547167778015,
                    0.11884275823831558
                ],
                [
                    0,
                    0,
                    0,
                    1
                ]
            ]
        },
        {
            "file_path": "005.png",
            "transform_matrix": [
                [
                    -0.8879565596580505,
                    0.1658576875925064,
                    -0.4289807081222534,
                    -0.514776885509491
                ],
                [
                    -0.45992740988731384,
                    -0.32021233439445496,
                    0.8282094597816467,
                    0.993851363658905
                ],
                [
                    2.3058905895823045e-09,
                    0.9327139854431152,
                    0.36061710119247437,
                    0.43274039030075073
                ],
                [
                    0,
                    0,
                    0,
                    1
                ]
            ]
        }
    ]
}