{
    "camera_angle_x": 0.8575560450553894,
    "aabb": [
        [
            -0.35,
            -0.35,
            -0.35
        ],
        [
            0.35,
            0.35,
            0.35
        ]
    ],
    "frames": [
        {
            "file_path": "000.png",
            "transform_matrix": [
                [
                    0.9419644474983215,
                    -0.13736654818058014,
                    0.30632248520851135,
                    0.36758700013160706
                ],
                [
                    0.335712730884552,
                    0.3854319751262665,
                    -0.8594993948936462,
                    -1.0313993692398071
                ],
                [
                    -2.5629034894336655e-08,
                    0.9124541878700256,
                    0.4091789126396179,
                    0.491014689207077
                ],
                [
                    0,
                    0,
                    0,
                    1
                ]
            ]
        },
        {
            "file_path": "001.png",
            "transform_matrix": [
                [
                    -0.799445629119873,
                    -0.07630080729722977,
                    0.5958734750747681,
                    0.7150481343269348
                ],
                [
                    0.6007387042045593,
                    -0.10153892636299133,
                    0.7929710149765015,
                    0.9515652060508728
                ],
                [
                    -4.099280559444196e-08,
                    0.9919013381004333,
                    0.1270114928483963,
                    0.15241402387619019
                ],
                [
                    0,
                    0,
                    0,
                    1
                ]
            ]
        },
        {
            "file_path": "002.png",
            "transform_matrix": [
                [
                    -0.5666553974151611,
                    -0.39572927355766296,
                    0.7227038741111755,
                    0.8672444224357605
                ],
                [
                    0.8239554762840271,
                    -0.272153377532959,
                    0.4970218241214752,
                    0.5964260101318359
                ],
                [
                    1.0494828117657562e-08,
                    0.8771154880523682,
                    0.480279803276062,
                    0.5763360261917114
                ],
                [
                    0,
                    0,
                    0,
                    1
                ]
            ]
        },
        {
            "file_path": "003.png",
            "transform_matrix": [
                [
                    -0.9231016635894775,
                    -0.09456632286310196,
                    0.3727474808692932,
                    0.447297066450119
                ],
                [
                    0.38455620408058167,
                    -0.2270001471042633,
                    0.8947556018829346,
                    1.0737067461013794
                ],
                [
                    -2.4493063577324392e-08,
                    0.9692926406860352,
                    0.24591019749641418,
                    0.29509231448173523
                ],
                [
                    0,
                    0,
                    0,
                    1
                ]
            ]
        },
        {
            "file_path": "004.png",
            "transform_matrix": [
                [
                    -0.4108431041240692,
                    0.4222075343132019,
                    -0.8080525398254395,
                    -0.9696630239486694
                ],
                [
                    -0.9117061495780945,
                    -0.19025984406471252,
                    0.3641335368156433,
                    0.43696022033691406
                ],
                [
                    1.1030675040046845e-08,
                    0.8863081336021423,
                    0.463096022605896,
                    0.5557153224945068
                ],
                [
                    0,
                    0,
                    0,
                    1
                ]
            ]
        },
        {
            "file_path": "005.png",
            "transform_matrix": [
                [
                    -0.9654456377029419,
                    0.01988116465508938,
                    -0.2598458230495453,
                    -0.31181496381759644
                ],
                [
                    -0.2606052756309509,
                    -0.07365239411592484,
                    0.9626320600509644,
                    1.1551584005355835
                ],
                [
                    6.471376323702316e-09,
                    0.9970858693122864,
                    0.07628831267356873,
                    0.09154625236988068
                ],
                [
                    0,
                    0,
                    0,
                    1
                ]
            ]
        }
    ]
}