{
    "camera_angle_x": 0.8575560450553894,
    "aabb": [
        [
            -0.35,
            -0.35,
            -0.35
        ],
        [
            0.35,
            0.35,
            0.35
        ]
    ],
    "frames": [
        {
            "file_path": "000.png",
            "transform_matrix": [
                [
                    0.048636071383953094,
                    0.053033486008644104,
                    -0.9974077343940735,
                    -1.1968891620635986
                ],
                [
                    -0.9988166689872742,
                    0.002582206390798092,
                    -0.04856755957007408,
                    -0.05828116461634636
                ],
                [
                    -1.0759246293901015e-07,
                    0.9985894560813904,
                    0.0530962310731411,
                    0.06371557712554932
                ],
                [
                    0,
                    0,
                    0,
                    1
                ]
            ]
        },
        {
            "file_path": "001.png",
            "transform_matrix": [
                [
                    -0.519425630569458,
                    0.38722488284111023,
                    -0.7617441415786743,
                    -0.9140929579734802
                ],
                [
                    -0.854515790939331,
                    -0.2353784292936325,
                    0.46303340792655945,
                    0.5556401014328003
                ],
                [
                    -3.412785432033161e-08,
                    0.8914337158203125,
                    0.4531511962413788,
                    0.5437815189361572
                ],
                [
                    0,
                    0,
                    0,
                    1
                ]
            ]
        },
        {
            "file_path": "002.png",
            "transform_matrix": [
                [
                    -0.5461962819099426,
                    -0.24881570041179657,
                    0.7998502850532532,
                    0.9598203897476196
                ],
                [
                    0.8376572728157043,
                    -0.16224084794521332,
                    0.5215440988540649,
                    0.6258529424667358
                ],
                [
                    -7.779824784392986e-09,
                    0.9548658132553101,
                    0.2970375418663025,
                    0.3564450740814209
                ],
                [
                    0,
                    0,
                    0,
                    1
                ]
            ]
        },
        {
            "file_path": "003.png",
            "transform_matrix": [
                [
                    0.9748827219009399,
                    0.07444890588521957,
                    -0.2099071443080902,
                    -0.25188854336738586
                ],
                [
                    -0.2227187603712082,
                    0.3258770704269409,
                    -0.918803870677948,
                    -1.1025645732879639
                ],
                [
                    -1.3030700074523338e-08,
                    0.9424762725830078,
                    0.334273099899292,
                    0.40112781524658203
                ],
                [
                    0,
                    0,
                    0,
                    1
                ]
            ]
        },
        {
            "file_path": "004.png",
            "transform_matrix": [
                [
                    0.28379377722740173,
                    -0.310493141412735,
                    0.9072238802909851,
                    1.0886685848236084
                ],
                [
                    0.9588853716850281,
                    0.09189416468143463,
                    -0.26850396394729614,
                    -0.3222047984600067
                ],
                [
                    3.161144235264146e-08,
                    0.9461234211921692,
                    0.3238062858581543,
                    0.388567715883255
                ],
                [
                    0,
                    0,
                    0,
                    1
                ]
            ]
        },
        {
            "file_path": "005.png",
            "transform_matrix": [
                [
                    -0.5610029101371765,
                    -0.16264554858207703,
                    0.8116786479949951,
                    0.9740143418312073
                ],
                [
                    0.8278138637542725,
                    -0.11022362112998962,
                    0.550068199634552,
                    0.6600818634033203
                ],
                [
                    -2.3488553324568784e-09,
                    0.9805086851119995,
                    0.19647596776485443,
                    0.23577123880386353
                ],
                [
                    0,
                    0,
                    0,
                    1
                ]
            ]
        }
    ]
}