{
    "camera_angle_x": 0.8575560450553894,
    "aabb": [
        [
            -0.35,
            -0.35,
            -0.35
        ],
        [
            0.35,
            0.35,
            0.35
        ]
    ],
    "frames": [
        {
            "file_path": "000.png",
            "transform_matrix": [
                [
                    -0.9942294359207153,
                    -0.05048268660902977,
                    0.09465634822845459,
                    0.11358761042356491
                ],
                [
                    0.10727686434984207,
                    -0.4678677022457123,
                    0.8772638440132141,
                    1.0527164936065674
                ],
                [
                    -6.322360412980288e-10,
                    0.8823557496070862,
                    0.47058311104774475,
                    0.5646997690200806
                ],
                [
                    0,
                    0,
                    0,
                    1
                ]
            ]
        },
        {
            "file_path": "001.png",
            "transform_matrix": [
                [
                    0.7425326704978943,
                    -0.14336144924163818,
                    0.6542879939079285,
                    0.7851455807685852
                ],
                [
                    0.669809877872467,
                    0.15892653167247772,
                    -0.7253255844116211,
                    -0.8703907132148743
                ],
                [
                    -3.1471454775555685e-08,
                    0.9768264889717102,
                    0.21403303742408752,
                    0.25683966279029846
                ],
                [
                    0,
                    0,
                    0,
                    1
                ]
            ]
        },
        {
            "file_path": "002.png",
            "transform_matrix": [
                [
                    0.6944543719291687,
                    -0.1380006968975067,
                    0.706179141998291,
                    0.8474149107933044
                ],
                [
                    0.7195367813110352,
                    0.13318997621536255,
                    -0.6815624237060547,
                    -0.8178748488426208
                ],
                [
                    6.852286560388166e-08,
                    0.9814358353614807,
                    0.19179090857505798,
                    0.2301492989063263
                ],
                [
                    0,
                    0,
                    0,
                    1
                ]
            ]
        },
        {
            "file_path": "003.png",
            "transform_matrix": [
                [
                    -0.12353022396564484,
                    -0.14843007922172546,
                    0.9811773300170898,
                    1.177412748336792
                ],
                [
                    0.9923408627510071,
                    -0.018477080389857292,
                    0.12214049696922302,
                    0.14656862616539001
                ],
                [
                    -8.802322781775729e-08,
                    0.9887503385543823,
                    0.1495756357908249,
                    0.17949098348617554
                ],
                [
                    0,
                    0,
                    0,
                    1
                ]
            ]
        },
        {
            "file_path": "004.png",
            "transform_matrix": [
                [
                    0.5658344626426697,
                    0.3838924765586853,
                    -0.7296972274780273,
                    -0.875636637210846
                ],
                [
                    -0.8245189189910889,
                    0.2634500563144684,
                    -0.5007621049880981,
                    -0.600914478302002
                ],
                [
                    -3.930830771992078e-09,
                    0.884997546672821,
                    0.46559569239616394,
                    0.5587149262428284
                ],
                [
                    0,
                    0,
                    0,
                    1
                ]
            ]
        },
        {
            "file_path": "005.png",
            "transform_matrix": [
                [
                    -0.9769984483718872,
                    -0.06552793085575104,
                    0.20292876660823822,
                    0.2435145229101181
                ],
                [
                    0.21324633061885834,
                    -0.3002193868160248,
                    0.929728090763092,
                    1.1156737804412842
                ],
                [
                    -5.509088296662412e-09,
                    0.9516167640686035,
                    0.30728745460510254,
                    0.36874502897262573
                ],
                [
                    0,
                    0,
                    0,
                    1
                ]
            ]
        }
    ]
}