{
    "camera_angle_x": 0.8575560450553894,
    "aabb": [
        [
            -0.35,
            -0.35,
            -0.35
        ],
        [
            0.35,
            0.35,
            0.35
        ]
    ],
    "frames": [
        {
            "file_path": "000.png",
            "transform_matrix": [
                [
                    -0.8550854325294495,
                    -0.17022006213665009,
                    0.4897492229938507,
                    0.5876989960670471
                ],
                [
                    0.5184873938560486,
                    -0.2807256579399109,
                    0.8076906204223633,
                    0.9692286849021912
                ],
                [
                    -1.7684396169670435e-08,
                    0.944573163986206,
                    0.32830119132995605,
                    0.3939615786075592
                ],
                [
                    0,
                    0,
                    0,
                    1
                ]
            ]
        },
        {
            "file_path": "001.png",
            "transform_matrix": [
                [
                    -0.5520665049552917,
                    0.3399850130081177,
                    -0.7613362073898315,
                    -0.9136034846305847
                ],
                [
                    -0.8338001370429993,
                    -0.22510704398155212,
                    0.504087507724762,
                    0.6049049496650696
                ],
                [
                    7.617083497279964e-08,
                    0.9130920767784119,
                    0.40775352716445923,
                    0.48930445313453674
                ],
                [
                    0,
                    0,
                    0,
                    1
                ]
            ]
        },
        {
            "file_path": "002.png",
            "transform_matrix": [
                [
                    -0.05943044275045395,
                    0.2816394567489624,
                    -0.9576780796051025,
                    -1.1492137908935547
                ],
                [
                    -0.9982324838638306,
                    -0.016767624765634537,
                    0.05701595917344093,
                    0.06841921806335449
                ],
                [
                    1.230205270985607e-08,
                    0.9593738317489624,
                    0.2821381092071533,
                    0.33856573700904846
                ],
                [
                    0,
                    0,
                    0,
                    1
                ]
            ]
        },
        {
            "file_path": "003.png",
            "transform_matrix": [
                [
                    0.06554043292999268,
                    -0.30356258153915405,
                    0.9505547285079956,
                    1.1406656503677368
                ],
                [
                    0.9978499412536621,
                    0.019938437268137932,
                    -0.062434036284685135,
                    -0.07492087781429291
                ],
                [
                    3.647116386673588e-08,
                    0.9526029229164124,
                    0.3042166233062744,
                    0.365060031414032
                ],
                [
                    0,
                    0,
                    0,
                    1
                ]
            ]
        },
        {
            "file_path": "004.png",
            "transform_matrix": [
                [
                    0.9580270648002625,
                    -0.06367827206850052,
                    0.2795160412788391,
                    0.33541929721832275
                ],
                [
                    0.2866777777671814,
                    0.21280154585838318,
                    -0.9340938925743103,
                    -1.1209126710891724
                ],
                [
                    2.4865306258448072e-08,
                    0.9750182628631592,
                    0.22212477028369904,
                    0.26654985547065735
                ],
                [
                    0,
                    0,
                    0,
                    1
                ]
            ]
        },
        {
            "file_path": "005.png",
            "transform_matrix": [
                [
                    -0.9842557311058044,
                    0.042896948754787445,
                    -0.17146629095077515,
                    -0.20575955510139465
                ],
                [
                    -0.1767507791519165,
                    -0.23887628316879272,
                    0.9548285007476807,
                    1.145794153213501
                ],
                [
                    6.8760077631679906e-09,
                    0.9701021313667297,
                    0.24269728362560272,
                    0.2912367880344391
                ],
                [
                    0,
                    0,
                    0,
                    1
                ]
            ]
        }
    ]
}