{
    "camera_angle_x": 0.8575560450553894,
    "aabb": [
        [
            -0.35,
            -0.35,
            -0.35
        ],
        [
            0.35,
            0.35,
            0.35
        ]
    ],
    "frames": [
        {
            "file_path": "000.png",
            "transform_matrix": [
                [
                    0.18800558149814606,
                    -0.0751907080411911,
                    0.9792856574058533,
                    1.1751426458358765
                ],
                [
                    0.9821680188179016,
                    0.014392828568816185,
                    -0.18745394051074982,
                    -0.22494477033615112
                ],
                [
                    7.044889116514241e-09,
                    0.9970653653144836,
                    0.0765557512640953,
                    0.0918671116232872
                ],
                [
                    0,
                    0,
                    0,
                    1
                ]
            ]
        },
        {
            "file_path": "001.png",
            "transform_matrix": [
                [
                    -0.8883472681045532,
                    0.07464402168989182,
                    -0.4530644118785858,
                    -0.5436773300170898
                ],
                [
                    -0.45917218923568726,
                    -0.1444115936756134,
                    0.8765307664871216,
                    1.0518369674682617
                ],
                [
                    2.1076177247891792e-08,
                    0.9866982698440552,
                    0.16256213188171387,
                    0.19507445394992828
                ],
                [
                    0,
                    0,
                    0,
                    1
                ]
            ]
        },
        {
            "file_path": "002.png",
            "transform_matrix": [
                [
                    -0.09321687370538712,
                    -0.2552446722984314,
                    0.9623725414276123,
                    1.1548470258712769
                ],
                [
                    0.9956458806991577,
                    -0.02389715239405632,
                    0.09010162949562073,
                    0.10812192410230637
                ],
                [
                    -4.849628254532945e-08,
                    0.9665811657905579,
                    0.25636082887649536,
                    0.3076331913471222
                ],
                [
                    0,
                    0,
                    0,
                    1
                ]
            ]
        },
        {
            "file_path": "003.png",
            "transform_matrix": [
                [
                    0.5189805030822754,
                    0.06670259684324265,
                    -0.8521795868873596,
                    -1.0226154327392578
                ],
                [
                    -0.8547861576080322,
                    0.04049808531999588,
                    -0.5173981189727783,
                    -0.620877742767334
                ],
                [
                    -5.09705131435112e-08,
                    0.9969508051872253,
                    0.07803410291671753,
                    0.09364118427038193
                ],
                [
                    0,
                    0,
                    0,
                    1
                ]
            ]
        },
        {
            "file_path": "004.png",
            "transform_matrix": [
                [
                    -0.9703810811042786,
                    -0.03774937242269516,
                    0.23861177265644073,
                    0.28633415699005127
                ],
                [
                    0.24157936871051788,
                    -0.15163250267505646,
                    0.9584607481956482,
                    1.1501529216766357
                ],
                [
                    1.1099421826088474e-08,
                    0.9877158403396606,
                    0.15626078844070435,
                    0.18751275539398193
                ],
                [
                    0,
                    0,
                    0,
                    1
                ]
            ]
        },
        {
            "file_path": "005.png",
            "transform_matrix": [
                [
                    0.909256637096405,
                    -0.03868958726525307,
                    0.41443389654159546,
                    0.49732062220573425
                ],
                [
                    0.41623592376708984,
                    0.0845162570476532,
                    -0.9053202867507935,
                    -1.0863842964172363
                ],
                [
                    3.902754386331253e-08,
                    0.995670735836029,
                    0.09295095503330231,
                    0.11154136806726456
                ],
                [
                    0,
                    0,
                    0,
                    1
                ]
            ]
        }
    ]
}