{
    "camera_angle_x": 0.8575560450553894,
    "aabb": [
        [
            -0.35,
            -0.35,
            -0.35
        ],
        [
            0.35,
            0.35,
            0.35
        ]
    ],
    "frames": [
        {
            "file_path": "000.png",
            "transform_matrix": [
                [
                    0.8737460374832153,
                    0.1173437088727951,
                    -0.47201523184776306,
                    -0.5664182901382446
                ],
                [
                    -0.48638248443603516,
                    0.2107982337474823,
                    -0.8479365110397339,
                    -1.0175237655639648
                ],
                [
                    9.581423654481114e-09,
                    0.9704610705375671,
                    0.24125801026821136,
                    0.28950974345207214
                ],
                [
                    0,
                    0,
                    0,
                    1
                ]
            ]
        },
        {
            "file_path": "001.png",
            "transform_matrix": [
                [
                    -0.03319527581334114,
                    -0.062438711524009705,
                    0.9974967241287231,
                    1.1969959735870361
                ],
                [
                    0.9994490146636963,
                    -0.00207379343919456,
                    0.03313032165169716,
                    0.03975634649395943
                ],
                [
                    -1.334667416585944e-07,
                    0.9980467557907104,
                    0.06247301399707794,
                    0.07496791332960129
                ],
                [
                    0,
                    0,
                    0,
                    1
                ]
            ]
        },
        {
            "file_path": "002.png",
            "transform_matrix": [
                [
                    0.3401787579059601,
                    -0.02773384377360344,
                    0.9399517178535461,
                    1.1279420852661133
                ],
                [
                    0.9403607845306396,
                    0.01003287173807621,
                    -0.34003081917762756,
                    -0.40803688764572144
                ],
                [
                    -7.099787069364538e-08,
                    0.9995650053024292,
                    0.029492776840925217,
                    0.03539138287305832
                ],
                [
                    0,
                    0,
                    0,
                    1
                ]
            ]
        },
        {
            "file_path": "003.png",
            "transform_matrix": [
                [
                    0.977438747882843,
                    0.10421378910541534,
                    -0.1837197095155716,
                    -0.22046364843845367
                ],
                [
                    -0.2112189531326294,
                    0.48226070404052734,
                    -0.8501830697059631,
                    -1.0202196836471558
                ],
                [
                    4.575030132514257e-09,
                    0.8698069453239441,
                    0.4933922290802002,
                    0.5920707583427429
                ],
                [
                    0,
                    0,
                    0,
                    1
                ]
            ]
        },
        {
            "file_path": "004.png",
            "transform_matrix": [
                [
                    -0.878017246723175,
                    -0.1147625744342804,
                    0.4646667242050171,
                    0.5576000809669495
                ],
                [
                    0.47862890362739563,
                    -0.21052536368370056,
                    0.8524044752120972,
                    1.0228854417800903
                ],
                [
                    1.8071339979996992e-09,
                    0.9708288311958313,
                    0.23977361619472504,
                    0.28772833943367004
                ],
                [
                    0,
                    0,
                    0,
                    1
                ]
            ]
        },
        {
            "file_path": "005.png",
            "transform_matrix": [
                [
                    0.766822874546051,
                    0.27066147327423096,
                    -0.5820009708404541,
                    -0.6984010934829712
                ],
                [
                    -0.6418588161468506,
                    0.3233566880226135,
                    -0.6953113079071045,
                    -0.8343734741210938
                ],
                [
                    -4.663711195007636e-08,
                    0.9067429900169373,
                    0.42168372869491577,
                    0.5060206055641174
                ],
                [
                    0,
                    0,
                    0,
                    1
                ]
            ]
        }
    ]
}