{
    "camera_angle_x": 0.8575560450553894,
    "aabb": [
        [
            -0.35,
            -0.35,
            -0.35
        ],
        [
            0.35,
            0.35,
            0.35
        ]
    ],
    "frames": [
        {
            "file_path": "000.png",
            "transform_matrix": [
                [
                    0.9057239890098572,
                    0.08112995326519012,
                    -0.41603124141693115,
                    -0.4992374777793884
                ],
                [
                    -0.42386797070503235,
                    0.1733590066432953,
                    -0.8889784812927246,
                    -1.0667741298675537
                ],
                [
                    1.8543833135709065e-09,
                    0.9815114140510559,
                    0.19140379130840302,
                    0.22968469560146332
                ],
                [
                    0,
                    0,
                    0,
                    1
                ]
            ]
        },
        {
            "file_path": "001.png",
            "transform_matrix": [
                [
                    -0.9118928909301758,
                    -0.16003766655921936,
                    0.3779410719871521,
                    0.4535292983055115
                ],
                [
                    0.4104284346103668,
                    -0.35557281970977783,
                    0.8397122025489807,
                    1.0076546669006348
                ],
                [
                    -1.8958761671683533e-08,
                    0.9208452701568604,
                    0.3899282217025757,
                    0.46791398525238037
                ],
                [
                    0,
                    0,
                    0,
                    1
                ]
            ]
        },
        {
            "file_path": "002.png",
            "transform_matrix": [
                [
                    0.8801227807998657,
                    0.18830938637256622,
                    -0.4358021318912506,
                    -0.5229625105857849
                ],
                [
                    -0.4747461676597595,
                    0.34910303354263306,
                    -0.807925283908844,
                    -0.9695102572441101
                ],
                [
                    -3.2087186241369636e-08,
                    0.9179688096046448,
                    0.3966526687145233,
                    0.4759833514690399
                ],
                [
                    0,
                    0,
                    0,
                    1
                ]
            ]
        },
        {
            "file_path": "003.png",
            "transform_matrix": [
                [
                    -0.9450448155403137,
                    0.03486008569598198,
                    -0.32507753372192383,
                    -0.390093058347702
                ],
                [
                    -0.3269413411617279,
                    -0.10076534748077393,
                    0.9396573305130005,
                    1.1275887489318848
                ],
                [
                    1.1960957557732854e-08,
                    0.9942994117736816,
                    0.1066247895359993,
                    0.12794993817806244
                ],
                [
                    0,
                    0,
                    0,
                    1
                ]
            ]
        },
        {
            "file_path": "004.png",
            "transform_matrix": [
                [
                    0.982716977596283,
                    -0.04410043731331825,
                    0.1797846108675003,
                    0.21574154496192932
                ],
                [
                    0.18511444330215454,
                    0.23411594331264496,
                    -0.9544225335121155,
                    -1.1453070640563965
                ],
                [
                    7.159328685446553e-09,
                    0.9712079167366028,
                    0.23823334276676178,
                    0.2858799993991852
                ],
                [
                    0,
                    0,
                    0,
                    1
                ]
            ]
        },
        {
            "file_path": "005.png",
            "transform_matrix": [
                [
                    0.9968066215515137,
                    -8.995572716230527e-05,
                    0.0798531025648117,
                    0.0958237275481224
                ],
                [
                    0.07985315471887589,
                    0.001122892601415515,
                    -0.9968059659004211,
                    -1.196167230606079
                ],
                [
                    3.2871874111606303e-09,
                    0.9999993443489075,
                    0.0011264900676906109,
                    0.0013517338084056973
                ],
                [
                    0,
                    0,
                    0,
                    1
                ]
            ]
        }
    ]
}