{
    "camera_angle_x": 0.8575560450553894,
    "aabb": [
        [
            -0.35,
            -0.35,
            -0.35
        ],
        [
            0.35,
            0.35,
            0.35
        ]
    ],
    "frames": [
        {
            "file_path": "000.png",
            "transform_matrix": [
                [
                    -0.7976090908050537,
                    -0.07156603783369064,
                    0.5989140868186951,
                    0.7186970114707947
                ],
                [
                    0.6031747460365295,
                    -0.09463558346033096,
                    0.7919749617576599,
                    0.9503700137138367
                ],
                [
                    6.353426584837507e-08,
                    0.9929362535476685,
                    0.11864899098873138,
                    0.14237868785858154
                ],
                [
                    0,
                    0,
                    0,
                    1
                ]
            ]
        },
        {
            "file_path": "001.png",
            "transform_matrix": [
                [
                    0.6773688793182373,
                    -0.1846311092376709,
                    0.7120974659919739,
                    0.854516863822937
                ],
                [
                    0.7356435656547546,
                    0.170005202293396,
                    -0.6556881666183472,
                    -0.7868257164955139
                ],
                [
                    9.752501739512809e-08,
                    0.9679926037788391,
                    0.25097888708114624,
                    0.3011748790740967
                ],
                [
                    0,
                    0,
                    0,
                    1
                ]
            ]
        },
        {
            "file_path": "002.png",
            "transform_matrix": [
                [
                    0.8373614549636841,
                    -0.13212020695209503,
                    0.5304432511329651,
                    0.6365318298339844
                ],
                [
                    0.5466495752334595,
                    0.20238251984119415,
                    -0.8125365376472473,
                    -0.9750438332557678
                ],
                [
                    1.1637904862027426e-08,
                    0.970353364944458,
                    0.2416907697916031,
                    0.29002904891967773
                ],
                [
                    0,
                    0,
                    0,
                    1
                ]
            ]
        },
        {
            "file_path": "003.png",
            "transform_matrix": [
                [
                    0.38653334975242615,
                    0.3995669484138489,
                    -0.8312269449234009,
                    -0.99747234582901
                ],
                [
                    -0.9222754240036011,
                    0.16746188700199127,
                    -0.3483741879463196,
                    -0.41804900765419006
                ],
                [
                    3.8131815927044954e-08,
                    0.9012784361839294,
                    0.4332403838634491,
                    0.5198885202407837
                ],
                [
                    0,
                    0,
                    0,
                    1
                ]
            ]
        },
        {
            "file_path": "004.png",
            "transform_matrix": [
                [
                    -0.9995322227478027,
                    0.006247598212212324,
                    -0.029940756037831306,
                    -0.03592890873551369
                ],
                [
                    -0.0305856391787529,
                    -0.20417025685310364,
                    0.978457510471344,
                    1.1741490364074707
                ],
                [
                    -8.150473629342514e-10,
                    0.9789155125617981,
                    0.2042657434940338,
                    0.24511896073818207
                ],
                [
                    0,
                    0,
                    0,
                    1
                ]
            ]
        },
        {
            "file_path": "005.png",
            "transform_matrix": [
                [
                    0.40262940526008606,
                    0.08094937354326248,
                    -0.9117767810821533,
                    -1.0941320657730103
                ],
                [
                    -0.9153631329536438,
                    0.03560609742999077,
                    -0.40105199813842773,
                    -0.4812623858451843
                ],
                [
                    -1.5241599982118714e-08,
                    0.9960821270942688,
                    0.08843407779932022,
                    0.10612104088068008
                ],
                [
                    0,
                    0,
                    0,
                    1
                ]
            ]
        }
    ]
}