{
    "camera_angle_x": 0.8575560450553894,
    "aabb": [
        [
            -0.35,
            -0.35,
            -0.35
        ],
        [
            0.35,
            0.35,
            0.35
        ]
    ],
    "frames": [
        {
            "file_path": "000.png",
            "transform_matrix": [
                [
                    -0.258030503988266,
                    -0.3600750267505646,
                    0.8965302109718323,
                    1.075836181640625
                ],
                [
                    0.9661368727684021,
                    -0.09616690129041672,
                    0.23944026231765747,
                    0.28732830286026
                ],
                [
                    1.917761949243868e-09,
                    0.9279537200927734,
                    0.3726956248283386,
                    0.4472348392009735
                ],
                [
                    0,
                    0,
                    0,
                    1
                ]
            ]
        },
        {
            "file_path": "001.png",
            "transform_matrix": [
                [
                    -0.5584365725517273,
                    -0.40107932686805725,
                    0.7261434197425842,
                    0.8713720440864563
                ],
                [
                    0.8295474052429199,
                    -0.2699994444847107,
                    0.48882681131362915,
                    0.5865920782089233
                ],
                [
                    -7.032984683519317e-08,
                    0.8753490447998047,
                    0.4834916591644287,
                    0.5801900625228882
                ],
                [
                    0,
                    0,
                    0,
                    1
                ]
            ]
        },
        {
            "file_path": "002.png",
            "transform_matrix": [
                [
                    0.8973422050476074,
                    -0.045364346355199814,
                    0.4389978051185608,
                    0.5267974138259888
                ],
                [
                    0.4413354992866516,
                    0.09223681688308716,
                    -0.8925891518592834,
                    -1.071107029914856
                ],
                [
                    -4.6971603495649106e-08,
                    0.9947032332420349,
                    0.10278888046741486,
                    0.12334657460451126
                ],
                [
                    0,
                    0,
                    0,
                    1
                ]
            ]
        },
        {
            "file_path": "003.png",
            "transform_matrix": [
                [
                    -0.66049724817276,
                    -0.07487025111913681,
                    0.7470862865447998,
                    0.8965035080909729
                ],
                [
                    0.7508285641670227,
                    -0.06586272269487381,
                    0.6572052240371704,
                    0.7886462807655334
                ],
                [
                    -1.654143844120881e-08,
                    0.9950159192085266,
                    0.09971679002046585,
                    0.11966019123792648
                ],
                [
                    0,
                    0,
                    0,
                    1
                ]
            ]
        },
        {
            "file_path": "004.png",
            "transform_matrix": [
                [
                    0.9962523579597473,
                    -0.0256611667573452,
                    0.08259984105825424,
                    0.09911979734897614
                ],
                [
                    0.0864940956234932,
                    0.29556912183761597,
                    -0.9513978362083435,
                    -1.1416772603988647
                ],
                [
                    3.566571926683082e-09,
                    0.9549767374992371,
                    0.2966809868812561,
                    0.35601747035980225
                ],
                [
                    0,
                    0,
                    0,
                    1
                ]
            ]
        },
        {
            "file_path": "005.png",
            "transform_matrix": [
                [
                    -0.4461730420589447,
                    0.3056575059890747,
                    -0.8411322236061096,
                    -1.009358525276184
                ],
                [
                    -0.8949468731880188,
                    -0.1523846536874771,
                    0.41934382915496826,
                    0.503212571144104
                ],
                [
                    3.607138054917414e-08,
                    0.9398683905601501,
                    0.3415369689464569,
                    0.40984445810317993
                ],
                [
                    0,
                    0,
                    0,
                    1
                ]
            ]
        }
    ]
}