{
    "camera_angle_x": 0.8575560450553894,
    "aabb": [
        [
            -0.35,
            -0.35,
            -0.35
        ],
        [
            0.35,
            0.35,
            0.35
        ]
    ],
    "frames": [
        {
            "file_path": "000.png",
            "transform_matrix": [
                [
                    -0.006200341507792473,
                    -0.14160311222076416,
                    0.9899041056632996,
                    1.1878849267959595
                ],
                [
                    0.9999808073043823,
                    -0.0008780419011600316,
                    0.006137826945632696,
                    0.007365367840975523
                ],
                [
                    8.600196110819525e-09,
                    0.9899231791496277,
                    0.14160580933094025,
                    0.1699269711971283
                ],
                [
                    0,
                    0,
                    0,
                    1
                ]
            ]
        },
        {
            "file_path": "001.png",
            "transform_matrix": [
                [
                    0.8784085512161255,
                    0.02853340655565262,
                    -0.47705796360969543,
                    -0.5724695920944214
                ],
                [
                    -0.47791051864624023,
                    0.05244496464729309,
                    -0.8768415451049805,
                    -1.0522098541259766
                ],
                [
                    1.7833000853784142e-08,
                    0.9982160925865173,
                    0.05970451608300209,
                    0.07164524495601654
                ],
                [
                    0,
                    0,
                    0,
                    1
                ]
            ]
        },
        {
            "file_path": "002.png",
            "transform_matrix": [
                [
                    0.04244809225201607,
                    -0.4759577512741089,
                    0.87844318151474,
                    1.0541317462921143
                ],
                [
                    0.9990987181663513,
                    0.020221659913659096,
                    -0.03732192888855934,
                    -0.04478631168603897
                ],
                [
                    5.091468580076253e-08,
                    0.8792356848716736,
                    0.476387083530426,
                    0.571664571762085
                ],
                [
                    0,
                    0,
                    0,
                    1
                ]
            ]
        },
        {
            "file_path": "003.png",
            "transform_matrix": [
                [
                    -0.5966855883598328,
                    0.3938583731651306,
                    -0.6991722583770752,
                    -0.8390067219734192
                ],
                [
                    -0.802475094795227,
                    -0.29285597801208496,
                    0.519874095916748,
                    0.6238489151000977
                ],
                [
                    -3.978417595362771e-09,
                    0.871269702911377,
                    0.490804523229599,
                    0.5889654159545898
                ],
                [
                    0,
                    0,
                    0,
                    1
                ]
            ]
        },
        {
            "file_path": "004.png",
            "transform_matrix": [
                [
                    0.5038977861404419,
                    0.113104447722435,
                    -0.8563261032104492,
                    -1.027591347694397
                ],
                [
                    -0.8637632727622986,
                    0.06598227471113205,
                    -0.4995591640472412,
                    -0.5994709730148315
                ],
                [
                    9.829413727402425e-09,
                    0.991389811038971,
                    0.13094377517700195,
                    0.15713262557983398
                ],
                [
                    0,
                    0,
                    0,
                    1
                ]
            ]
        },
        {
            "file_path": "005.png",
            "transform_matrix": [
                [
                    -0.8567933440208435,
                    -0.14503759145736694,
                    0.4948428273200989,
                    0.5938114523887634
                ],
                [
                    0.5156601071357727,
                    -0.24098676443099976,
                    0.8222044706344604,
                    0.9866453409194946
                ],
                [
                    -4.4559023137935583e-10,
                    0.9596299529075623,
                    0.28126582503318787,
                    0.3375190794467926
                ],
                [
                    0,
                    0,
                    0,
                    1
                ]
            ]
        }
    ]
}