{
    "camera_angle_x": 0.8575560450553894,
    "aabb": [
        [
            -0.35,
            -0.35,
            -0.35
        ],
        [
            0.35,
            0.35,
            0.35
        ]
    ],
    "frames": [
        {
            "file_path": "000.png",
            "transform_matrix": [
                [
                    0.7877354621887207,
                    -0.055592697113752365,
                    0.6135000586509705,
                    0.7361999750137329
                ],
                [
                    0.6160137057304382,
                    0.07108978927135468,
                    -0.784521222114563,
                    -0.9414254426956177
                ],
                [
                    1.4168080042509246e-08,
                    0.9959195852279663,
                    0.0902457982301712,
                    0.10829523205757141
                ],
                [
                    0,
                    0,
                    0,
                    1
                ]
            ]
        },
        {
            "file_path": "001.png",
            "transform_matrix": [
                [
                    0.13432666659355164,
                    -0.43900007009506226,
                    0.8883892297744751,
                    1.0660669803619385
                ],
                [
                    0.9909371733665466,
                    0.05950860306620598,
                    -0.12042588740587234,
                    -0.1445111185312271
                ],
                [
                    8.904640225182447e-08,
                    0.8965142965316772,
                    0.4430149793624878,
                    0.5316181778907776
                ],
                [
                    0,
                    0,
                    0,
                    1
                ]
            ]
        },
        {
            "file_path": "002.png",
            "transform_matrix": [
                [
                    0.49777212738990784,
                    0.3026971220970154,
                    -0.8127714395523071,
                    -0.9753257036209106
                ],
                [
                    -0.8673079013824463,
                    0.17372626066207886,
                    -0.46647217869758606,
                    -0.5597666501998901
                ],
                [
                    1.594973042529091e-08,
                    0.9371199011802673,
                    0.34900763630867004,
                    0.4188092052936554
                ],
                [
                    0,
                    0,
                    0,
                    1
                ]
            ]
        },
        {
            "file_path": "003.png",
            "transform_matrix": [
                [
                    -0.41624388098716736,
                    0.372354120016098,
                    -0.8295139074325562,
                    -0.9954168200492859
                ],
                [
                    -0.9092530012130737,
                    -0.1704588234424591,
                    0.3797404170036316,
                    0.4556885063648224
                ],
                [
                    -6.820275899599437e-08,
                    0.9123026728630066,
                    0.4095165729522705,
                    0.49141988158226013
                ],
                [
                    0,
                    0,
                    0,
                    1
                ]
            ]
        },
        {
            "file_path": "004.png",
            "transform_matrix": [
                [
                    0.5704461336135864,
                    0.12036533653736115,
                    -0.8124675154685974,
                    -0.9749610424041748
                ],
                [
                    -0.8213350176811218,
                    0.08359794318675995,
                    -0.5642873048782349,
                    -0.6771447658538818
                ],
                [
                    4.12589074016978e-09,
                    0.9892035126686096,
                    0.14654837548732758,
                    0.1758580207824707
                ],
                [
                    0,
                    0,
                    0,
                    1
                ]
            ]
        },
        {
            "file_path": "005.png",
            "transform_matrix": [
                [
                    -0.32011157274246216,
                    -0.24365971982479095,
                    0.9155101180076599,
                    1.0986120700836182
                ],
                [
                    0.9473799467086792,
                    -0.08233055472373962,
                    0.3093429505825043,
                    0.37121152877807617
                ],
                [
                    -2.975949797701105e-08,
                    0.9663600921630859,
                    0.2571931481361389,
                    0.30863192677497864
                ],
                [
                    0,
                    0,
                    0,
                    1
                ]
            ]
        }
    ]
}