{
    "camera_angle_x": 0.8575560450553894,
    "aabb": [
        [
            -0.35,
            -0.35,
            -0.35
        ],
        [
            0.35,
            0.35,
            0.35
        ]
    ],
    "frames": [
        {
            "file_path": "000.png",
            "transform_matrix": [
                [
                    0.9033738374710083,
                    -0.21304139494895935,
                    0.3721950054168701,
                    0.4466340243816376
                ],
                [
                    0.4288540184497833,
                    0.44876807928085327,
                    -0.7840226888656616,
                    -0.9408271312713623
                ],
                [
                    2.8501210280751366e-09,
                    0.8678828477859497,
                    0.496768981218338,
                    0.5961228609085083
                ],
                [
                    0,
                    0,
                    0,
                    1
                ]
            ]
        },
        {
            "file_path": "001.png",
            "transform_matrix": [
                [
                    -0.8933990001678467,
                    -0.16817517578601837,
                    0.41659998893737793,
                    0.4999200403690338
                ],
                [
                    0.4492643475532532,
                    -0.33443015813827515,
                    0.8284432291984558,
                    0.994131863117218
                ],
                [
                    1.3666525688904585e-09,
                    0.9272937774658203,
                    0.37433454394340515,
                    0.44920146465301514
                ],
                [
                    0,
                    0,
                    0,
                    1
                ]
            ]
        },
        {
            "file_path": "002.png",
            "transform_matrix": [
                [
                    -0.9920063614845276,
                    -0.012347872368991375,
                    0.12558281421661377,
                    0.15069936215877533
                ],
                [
                    0.12618839740753174,
                    -0.09707039594650269,
                    0.9872456192970276,
                    1.184694766998291
                ],
                [
                    -1.3195984749359013e-08,
                    0.9952009320259094,
                    0.09785253554582596,
                    0.11742325127124786
                ],
                [
                    0,
                    0,
                    0,
                    1
                ]
            ]
        },
        {
            "file_path": "003.png",
            "transform_matrix": [
                [
                    0.9776661992073059,
                    0.05703745037317276,
                    -0.20227600634098053,
                    -0.24273118376731873
                ],
                [
                    -0.210163876414299,
                    0.2653336822986603,
                    -0.9409725069999695,
                    -1.1291669607162476
                ],
                [
                    -2.4527624375991763e-08,
                    0.9624680876731873,
                    0.2713949680328369,
                    0.3256743550300598
                ],
                [
                    0,
                    0,
                    0,
                    1
                ]
            ]
        },
        {
            "file_path": "004.png",
            "transform_matrix": [
                [
                    0.6043570637702942,
                    -0.25609251856803894,
                    0.7544330358505249,
                    0.9053196310997009
                ],
                [
                    0.7967135906219482,
                    0.19426216185092926,
                    -0.5722845792770386,
                    -0.6867415904998779
                ],
                [
                    1.4463296338362852e-08,
                    0.9469313025474548,
                    0.3214361071586609,
                    0.38572341203689575
                ],
                [
                    0,
                    0,
                    0,
                    1
                ]
            ]
        },
        {
            "file_path": "005.png",
            "transform_matrix": [
                [
                    0.7144416570663452,
                    -0.09866824746131897,
                    0.6927031874656677,
                    0.8312439322471619
                ],
                [
                    0.6996950507164001,
                    0.10074777901172638,
                    -0.707302451133728,
                    -0.8487629294395447
                ],
                [
                    -3.3823003064981094e-08,
                    0.9900073409080505,
                    0.14101608097553253,
                    0.16921934485435486
                ],
                [
                    0,
                    0,
                    0,
                    1
                ]
            ]
        }
    ]
}