{
    "camera_angle_x": 0.8575560450553894,
    "aabb": [
        [
            -0.35,
            -0.35,
            -0.35
        ],
        [
            0.35,
            0.35,
            0.35
        ]
    ],
    "frames": [
        {
            "file_path": "000.png",
            "transform_matrix": [
                [
                    -0.09525635838508606,
                    0.42645347118377686,
                    -0.8994797468185425,
                    -1.0793756246566772
                ],
                [
                    -0.995452880859375,
                    -0.04080801084637642,
                    0.08607246726751328,
                    0.10328693687915802
                ],
                [
                    -3.03451486161066e-10,
                    0.903588593006134,
                    0.4284014105796814,
                    0.5140817165374756
                ],
                [
                    0,
                    0,
                    0,
                    1
                ]
            ]
        },
        {
            "file_path": "001.png",
            "transform_matrix": [
                [
                    0.7081827521324158,
                    -0.3088129758834839,
                    0.6349108219146729,
                    0.7618929743766785
                ],
                [
                    0.7060291767120361,
                    0.3097548484802246,
                    -0.6368475556373596,
                    -0.7642170190811157
                ],
                [
                    3.597952513700875e-08,
                    0.8992699980735779,
                    0.43739399313926697,
                    0.5248729586601257
                ],
                [
                    0,
                    0,
                    0,
                    1
                ]
            ]
        },
        {
            "file_path": "002.png",
            "transform_matrix": [
                [
                    0.006353780627250671,
                    -0.481632798910141,
                    0.8763501048088074,
                    1.0516201257705688
                ],
                [
                    0.9999798536300659,
                    0.00306022260338068,
                    -0.005568281747400761,
                    -0.006681919563561678
                ],
                [
                    1.4745634047130807e-08,
                    0.8763678073883057,
                    0.481642484664917,
                    0.5779711008071899
                ],
                [
                    0,
                    0,
                    0,
                    1
                ]
            ]
        },
        {
            "file_path": "003.png",
            "transform_matrix": [
                [
                    0.2533494234085083,
                    -0.3152485191822052,
                    0.9145668148994446,
                    1.0974801778793335
                ],
                [
                    0.967374861240387,
                    0.08256155997514725,
                    -0.2395193874835968,
                    -0.287423312664032
                ],
                [
                    3.1919725529405696e-08,
                    0.9454110264778137,
                    0.32588037848472595,
                    0.3910565674304962
                ],
                [
                    0,
                    0,
                    0,
                    1
                ]
            ]
        },
        {
            "file_path": "004.png",
            "transform_matrix": [
                [
                    0.24440425634384155,
                    -0.2036854326725006,
                    0.9480394721031189,
                    1.1376473903656006
                ],
                [
                    0.9696734547615051,
                    0.051338452845811844,
                    -0.23895147442817688,
                    -0.28674182295799255
                ],
                [
                    4.457067959151573e-08,
                    0.9776894450187683,
                    0.21005567908287048,
                    0.25206685066223145
                ],
                [
                    0,
                    0,
                    0,
                    1
                ]
            ]
        },
        {
            "file_path": "005.png",
            "transform_matrix": [
                [
                    0.98878413438797,
                    0.025834821164608,
                    -0.14710044860839844,
                    -0.17652052640914917
                ],
                [
                    -0.14935186505317688,
                    0.17103932797908783,
                    -0.9738787412643433,
                    -1.168654441833496
                ],
                [
                    -6.361744020466631e-09,
                    0.9849255084991455,
                    0.1729794442653656,
                    0.20757554471492767
                ],
                [
                    0,
                    0,
                    0,
                    1
                ]
            ]
        }
    ]
}