{
    "camera_angle_x": 0.8575560450553894,
    "aabb": [
        [
            -0.35,
            -0.35,
            -0.35
        ],
        [
            0.35,
            0.35,
            0.35
        ]
    ],
    "frames": [
        {
            "file_path": "000.png",
            "transform_matrix": [
                [
                    0.7242849469184875,
                    0.2694615423679352,
                    -0.6346666812896729,
                    -0.7616000771522522
                ],
                [
                    -0.6895008087158203,
                    0.2830553948879242,
                    -0.6666845679283142,
                    -0.8000215291976929
                ],
                [
                    -1.1465761673434827e-08,
                    0.9204728007316589,
                    0.3908067047595978,
                    0.46896812319755554
                ],
                [
                    0,
                    0,
                    0,
                    1
                ]
            ]
        },
        {
            "file_path": "001.png",
            "transform_matrix": [
                [
                    0.8364339470863342,
                    0.1643589287996292,
                    -0.5228427052497864,
                    -0.6274111270904541
                ],
                [
                    -0.5480678081512451,
                    0.2508363127708435,
                    -0.7979367971420288,
                    -0.9575240612030029
                ],
                [
                    3.1404816525082424e-09,
                    0.9539746642112732,
                    0.2998878061771393,
                    0.35986536741256714
                ],
                [
                    0,
                    0,
                    0,
                    1
                ]
            ]
        },
        {
            "file_path": "002.png",
            "transform_matrix": [
                [
                    -0.8019196391105652,
                    -0.26332637667655945,
                    0.5362687110900879,
                    0.6435225009918213
                ],
                [
                    0.5974319577217102,
                    -0.35345712304115295,
                    0.7198216319084167,
                    0.863785982131958
                ],
                [
                    -1.6245657263880275e-08,
                    0.8976231217384338,
                    0.44076377153396606,
                    0.5289165377616882
                ],
                [
                    0,
                    0,
                    0,
                    1
                ]
            ]
        },
        {
            "file_path": "003.png",
            "transform_matrix": [
                [
                    0.9959909915924072,
                    0.003917086403816938,
                    -0.08936800807714462,
                    -0.10724160820245743
                ],
                [
                    -0.0894538089632988,
                    0.04361335560679436,
                    -0.9950356483459473,
                    -1.1940428018569946
                ],
                [
                    -2.602937865248123e-10,
                    0.9990408420562744,
                    0.04378890618681908,
                    0.05254674702882767
                ],
                [
                    0,
                    0,
                    0,
                    1
                ]
            ]
        },
        {
            "file_path": "004.png",
            "transform_matrix": [
                [
                    -0.0009936857968568802,
                    -0.17987653613090515,
                    0.9836887717247009,
                    1.1804264783859253
                ],
                [
                    0.9999995827674866,
                    -0.00017872051103040576,
                    0.0009774172212928534,
                    0.0011730380356311798
                ],
                [
                    -8.507172566396548e-08,
                    0.9836892485618591,
                    0.17987653613090515,
                    0.21585191786289215
                ],
                [
                    0,
                    0,
                    0,
                    1
                ]
            ]
        },
        {
            "file_path": "005.png",
            "transform_matrix": [
                [
                    -0.5073972940444946,
                    -0.10309906303882599,
                    0.8555223941802979,
                    1.0266269445419312
                ],
                [
                    0.8617122173309326,
                    -0.060707397758960724,
                    0.5037525296211243,
                    0.6045031547546387
                ],
                [
                    1.3127402098689345e-07,
                    0.9928168058395386,
                    0.11964450776576996,
                    0.14357337355613708
                ],
                [
                    0,
                    0,
                    0,
                    1
                ]
            ]
        }
    ]
}