{
    "camera_angle_x": 0.8575560450553894,
    "aabb": [
        [
            -0.35,
            -0.35,
            -0.35
        ],
        [
            0.35,
            0.35,
            0.35
        ]
    ],
    "frames": [
        {
            "file_path": "000.png",
            "transform_matrix": [
                [
                    -0.98563152551651,
                    0.059510380029678345,
                    -0.1580793410539627,
                    -0.18969519436359406
                ],
                [
                    -0.1689099222421646,
                    -0.3472578823566437,
                    0.9224323630332947,
                    1.1069188117980957
                ],
                [
                    6.379766048780766e-09,
                    0.9358795285224915,
                    0.3523201644420624,
                    0.42278432846069336
                ],
                [
                    0,
                    0,
                    0,
                    1
                ]
            ]
        },
        {
            "file_path": "001.png",
            "transform_matrix": [
                [
                    0.9575109481811523,
                    0.08857715129852295,
                    -0.2744573652744293,
                    -0.3293488621711731
                ],
                [
                    -0.2883968949317932,
                    0.2940862774848938,
                    -0.9112302660942078,
                    -1.0934762954711914
                ],
                [
                    -1.5435805522656665e-08,
                    0.9516656398773193,
                    0.307136207818985,
                    0.36856353282928467
                ],
                [
                    0,
                    0,
                    0,
                    1
                ]
            ]
        },
        {
            "file_path": "002.png",
            "transform_matrix": [
                [
                    -0.4534696340560913,
                    0.19807103276252747,
                    -0.8689841032028198,
                    -1.042780876159668
                ],
                [
                    -0.8912718892097473,
                    -0.10077647119760513,
                    0.44212979078292847,
                    0.530555784702301
                ],
                [
                    3.284824856564228e-08,
                    0.9749934077262878,
                    0.22223405539989471,
                    0.26668092608451843
                ],
                [
                    0,
                    0,
                    0,
                    1
                ]
            ]
        },
        {
            "file_path": "003.png",
            "transform_matrix": [
                [
                    -0.6402565836906433,
                    -0.3368479311466217,
                    0.6903657913208008,
                    0.8284389972686768
                ],
                [
                    0.7681610584259033,
                    -0.280760258436203,
                    0.5754148364067078,
                    0.6904978156089783
                ],
                [
                    -2.8023201537052955e-09,
                    0.8987252712249756,
                    0.43851208686828613,
                    0.5262145400047302
                ],
                [
                    0,
                    0,
                    0,
                    1
                ]
            ]
        },
        {
            "file_path": "004.png",
            "transform_matrix": [
                [
                    0.16512510180473328,
                    0.03138496354222298,
                    -0.9857732057571411,
                    -1.1829278469085693
                ],
                [
                    -0.9862726926803589,
                    0.005254451651126146,
                    -0.16504153609275818,
                    -0.19804982841014862
                ],
                [
                    -7.384588940340109e-08,
                    0.9994935989379883,
                    0.03182172775268555,
                    0.03818608820438385
                ],
                [
                    0,
                    0,
                    0,
                    1
                ]
            ]
        },
        {
            "file_path": "005.png",
            "transform_matrix": [
                [
                    0.7637521624565125,
                    0.21077054738998413,
                    -0.6101298332214355,
                    -0.7321559190750122
                ],
                [
                    -0.6455096006393433,
                    0.24937884509563446,
                    -0.7218917012214661,
                    -0.8662700057029724
                ],
                [
                    1.2022622897234214e-08,
                    0.9451910257339478,
                    0.3265180289745331,
                    0.39182159304618835
                ],
                [
                    0,
                    0,
                    0,
                    1
                ]
            ]
        }
    ]
}