{
    "camera_angle_x": 0.8575560450553894,
    "aabb": [
        [
            -0.35,
            -0.35,
            -0.35
        ],
        [
            0.35,
            0.35,
            0.35
        ]
    ],
    "frames": [
        {
            "file_path": "000.png",
            "transform_matrix": [
                [
                    0.4652809202671051,
                    -0.41303908824920654,
                    0.7828872203826904,
                    0.9394646286964417
                ],
                [
                    0.8851631283760071,
                    0.2171115279197693,
                    -0.4115203022956848,
                    -0.493824303150177
                ],
                [
                    7.976091609407376e-08,
                    0.8844554424285889,
                    0.46662476658821106,
                    0.5599498748779297
                ],
                [
                    0,
                    0,
                    0,
                    1
                ]
            ]
        },
        {
            "file_path": "001.png",
            "transform_matrix": [
                [
                    -0.7386813759803772,
                    0.2985086143016815,
                    -0.6043530702590942,
                    -0.7252237200737
                ],
                [
                    -0.6740549206733704,
                    -0.3271287679672241,
                    0.6622966527938843,
                    0.7947559952735901
                ],
                [
                    1.4974164130876488e-08,
                    0.8965932726860046,
                    0.44285497069358826,
                    0.5314260125160217
                ],
                [
                    0,
                    0,
                    0,
                    1
                ]
            ]
        },
        {
            "file_path": "002.png",
            "transform_matrix": [
                [
                    -0.9928555488586426,
                    -0.047255124896764755,
                    0.10956677049398422,
                    0.1314801275730133
                ],
                [
                    0.119322769343853,
                    -0.39319831132888794,
                    0.9116781949996948,
                    1.0940139293670654
                ],
                [
                    -1.0872476252643537e-09,
                    0.9182385802268982,
                    0.39602771401405334,
                    0.4752333462238312
                ],
                [
                    0,
                    0,
                    0,
                    1
                ]
            ]
        },
        {
            "file_path": "003.png",
            "transform_matrix": [
                [
                    -0.5177154541015625,
                    -6.413225491996855e-05,
                    0.8555527925491333,
                    1.0266634225845337
                ],
                [
                    0.8555527925491333,
                    -3.88008302252274e-05,
                    0.5177155137062073,
                    0.621258556842804
                ],
                [
                    2.7607928387851643e-08,
                    0.9999999403953552,
                    7.501612708438188e-05,
                    8.992362563731149e-05
                ],
                [
                    0,
                    0,
                    0,
                    1
                ]
            ]
        },
        {
            "file_path": "004.png",
            "transform_matrix": [
                [
                    -0.3562454283237457,
                    0.4423069953918457,
                    -0.8230758905410767,
                    -0.9876910448074341
                ],
                [
                    -0.934392511844635,
                    -0.16863343119621277,
                    0.31380495429039,
                    0.37656596302986145
                ],
                [
                    5.777475209356453e-08,
                    0.8808674216270447,
                    0.47336310148239136,
                    0.5680357217788696
                ],
                [
                    0,
                    0,
                    0,
                    1
                ]
            ]
        },
        {
            "file_path": "005.png",
            "transform_matrix": [
                [
                    -0.13440711796283722,
                    0.4911077916622162,
                    -0.8606672883033752,
                    -1.0328006744384766
                ],
                [
                    -0.9909263253211975,
                    -0.06661279499530792,
                    0.11673898994922638,
                    0.1400867998600006
                ],
                [
                    7.991124562067853e-08,
                    0.8685482740402222,
                    0.4956046938896179,
                    0.5947257280349731
                ],
                [
                    0,
                    0,
                    0,
                    1
                ]
            ]
        }
    ]
}