{
    "camera_angle_x": 0.8575560450553894,
    "aabb": [
        [
            -0.35,
            -0.35,
            -0.35
        ],
        [
            0.35,
            0.35,
            0.35
        ]
    ],
    "frames": [
        {
            "file_path": "000.png",
            "transform_matrix": [
                [
                    0.7138206958770752,
                    0.27777397632598877,
                    -0.6428853869438171,
                    -0.7714625000953674
                ],
                [
                    -0.7003284692764282,
                    0.2831254005432129,
                    -0.6552709341049194,
                    -0.7863251566886902
                ],
                [
                    -2.760720008154749e-08,
                    0.9179769158363342,
                    0.3966338038444519,
                    0.4759606420993805
                ],
                [
                    0,
                    0,
                    0,
                    1
                ]
            ]
        },
        {
            "file_path": "001.png",
            "transform_matrix": [
                [
                    -0.1283409148454666,
                    0.48060843348503113,
                    -0.8674929738044739,
                    -1.0409916639328003
                ],
                [
                    -0.9917300939559937,
                    -0.06219605728983879,
                    0.1122632697224617,
                    0.1347159445285797
                ],
                [
                    1.0798018479363236e-08,
                    0.8747268915176392,
                    0.48461616039276123,
                    0.5815394520759583
                ],
                [
                    0,
                    0,
                    0,
                    1
                ]
            ]
        },
        {
            "file_path": "002.png",
            "transform_matrix": [
                [
                    0.9174667596817017,
                    0.16710297763347626,
                    -0.36101430654525757,
                    -0.4332171082496643
                ],
                [
                    -0.39781245589256287,
                    0.3853861391544342,
                    -0.8326002359390259,
                    -0.9991200566291809
                ],
                [
                    4.018337307343245e-08,
                    0.9074990153312683,
                    0.4200546145439148,
                    0.5040656924247742
                ],
                [
                    0,
                    0,
                    0,
                    1
                ]
            ]
        },
        {
            "file_path": "003.png",
            "transform_matrix": [
                [
                    0.9950869679450989,
                    -0.028101550415158272,
                    0.09493285417556763,
                    0.11391939967870712
                ],
                [
                    0.09900476783514023,
                    0.2824456989765167,
                    -0.9541606903076172,
                    -1.144992709159851
                ],
                [
                    1.0689214846593131e-08,
                    0.9588716626167297,
                    0.28384020924568176,
                    0.3406083583831787
                ],
                [
                    0,
                    0,
                    0,
                    1
                ]
            ]
        },
        {
            "file_path": "004.png",
            "transform_matrix": [
                [
                    -0.9118763208389282,
                    0.17035147547721863,
                    -0.3734460175037384,
                    -0.44813522696495056
                ],
                [
                    -0.4104650318622589,
                    -0.3784475326538086,
                    0.8296360373497009,
                    0.995563268661499
                ],
                [
                    1.0387184445903586e-09,
                    0.9098119735717773,
                    0.4150206744670868,
                    0.4980248212814331
                ],
                [
                    0,
                    0,
                    0,
                    1
                ]
            ]
        },
        {
            "file_path": "005.png",
            "transform_matrix": [
                [
                    -0.08276204019784927,
                    0.3431670367717743,
                    -0.9356212019920349,
                    -1.122745394706726
                ],
                [
                    -0.9965693950653076,
                    -0.028498949483036995,
                    0.0777004286646843,
                    0.09324048459529877
                ],
                [
                    7.461694906396588e-08,
                    0.9388419985771179,
                    0.34434831142425537,
                    0.41321802139282227
                ],
                [
                    0,
                    0,
                    0,
                    1
                ]
            ]
        }
    ]
}