{
    "camera_angle_x": 0.8575560450553894,
    "aabb": [
        [
            -0.35,
            -0.35,
            -0.35
        ],
        [
            0.35,
            0.35,
            0.35
        ]
    ],
    "frames": [
        {
            "file_path": "000.png",
            "transform_matrix": [
                [
                    0.5030386447906494,
                    -0.28160637617111206,
                    0.8170984983444214,
                    0.9805182218551636
                ],
                [
                    0.8642638921737671,
                    0.1639070212841034,
                    -0.4755863547325134,
                    -0.5707036256790161
                ],
                [
                    -3.614893984149603e-08,
                    0.9454270601272583,
                    0.325833797454834,
                    0.39100053906440735
                ],
                [
                    0,
                    0,
                    0,
                    1
                ]
            ]
        },
        {
            "file_path": "001.png",
            "transform_matrix": [
                [
                    -0.8001831769943237,
                    0.16984866559505463,
                    -0.5752028822898865,
                    -0.6902434825897217
                ],
                [
                    -0.5997557044029236,
                    -0.2266090363264084,
                    0.7674252390861511,
                    0.9209102988243103
                ],
                [
                    -1.919983461107222e-08,
                    0.9590619206428528,
                    0.28319641947746277,
                    0.33983561396598816
                ],
                [
                    0,
                    0,
                    0,
                    1
                ]
            ]
        },
        {
            "file_path": "002.png",
            "transform_matrix": [
                [
                    -0.7245998978614807,
                    0.24279141426086426,
                    -0.6449863314628601,
                    -0.7739836573600769
                ],
                [
                    -0.6891698241233826,
                    -0.2552732825279236,
                    0.6781449317932129,
                    0.8137739300727844
                ],
                [
                    -1.4284786686857842e-08,
                    0.9358888268470764,
                    0.35229548811912537,
                    0.4227546155452728
                ],
                [
                    0,
                    0,
                    0,
                    1
                ]
            ]
        },
        {
            "file_path": "003.png",
            "transform_matrix": [
                [
                    0.622576117515564,
                    0.1664682924747467,
                    -0.7646484971046448,
                    -0.9175781607627869
                ],
                [
                    -0.7825592756271362,
                    0.13243618607521057,
                    -0.6083269715309143,
                    -0.7299923896789551
                ],
                [
                    2.389803910318733e-10,
                    0.9771125912666321,
                    0.21272289752960205,
                    0.25526759028434753
                ],
                [
                    0,
                    0,
                    0,
                    1
                ]
            ]
        },
        {
            "file_path": "004.png",
            "transform_matrix": [
                [
                    0.9915298819541931,
                    -0.05530393496155739,
                    0.11751583218574524,
                    0.14101901650428772
                ],
                [
                    0.12987877428531647,
                    0.4222053587436676,
                    -0.8971477746963501,
                    -1.0765774250030518
                ],
                [
                    -1.3291989731101239e-08,
                    0.904811680316925,
                    0.4258120357990265,
                    0.5109744668006897
                ],
                [
                    0,
                    0,
                    0,
                    1
                ]
            ]
        },
        {
            "file_path": "005.png",
            "transform_matrix": [
                [
                    -0.9914241433143616,
                    0.05183945968747139,
                    -0.11996213346719742,
                    -0.1439545601606369
                ],
                [
                    -0.1306837499141693,
                    -0.3932768702507019,
                    0.9100852608680725,
                    1.092102289199829
                ],
                [
                    -2.816129551774793e-09,
                    0.9179575443267822,
                    0.3966786861419678,
                    0.47601452469825745
                ],
                [
                    0,
                    0,
                    0,
                    1
                ]
            ]
        }
    ]
}