{
    "camera_angle_x": 0.8575560450553894,
    "aabb": [
        [
            -0.35,
            -0.35,
            -0.35
        ],
        [
            0.35,
            0.35,
            0.35
        ]
    ],
    "frames": [
        {
            "file_path": "000.png",
            "transform_matrix": [
                [
                    -0.8161229491233826,
                    0.02868785709142685,
                    -0.5771660804748535,
                    -0.6925991773605347
                ],
                [
                    -0.5778785943984985,
                    -0.04051518440246582,
                    0.8151165843009949,
                    0.9781398773193359
                ],
                [
                    1.6056466378699952e-08,
                    0.998767077922821,
                    0.04964328184723854,
                    0.05957220494747162
                ],
                [
                    0,
                    0,
                    0,
                    1
                ]
            ]
        },
        {
            "file_path": "001.png",
            "transform_matrix": [
                [
                    -0.13065318763256073,
                    -0.47309479117393494,
                    0.8712698817253113,
                    1.045523762702942
                ],
                [
                    0.9914281964302063,
                    -0.06234580650925636,
                    0.11481831222772598,
                    0.13778197765350342
                ],
                [
                    1.2179590669347817e-08,
                    0.8788028955459595,
                    0.47718507051467896,
                    0.5726222395896912
                ],
                [
                    0,
                    0,
                    0,
                    1
                ]
            ]
        },
        {
            "file_path": "002.png",
            "transform_matrix": [
                [
                    -0.9475826025009155,
                    -0.12236073613166809,
                    0.29515257477760315,
                    0.3541831076145172
                ],
                [
                    0.31951087713241577,
                    -0.36288872361183167,
                    0.8753425478935242,
                    1.0504111051559448
                ],
                [
                    -1.0567472230604835e-08,
                    0.9237638115882874,
                    0.3829626142978668,
                    0.4595552384853363
                ],
                [
                    0,
                    0,
                    0,
                    1
                ]
            ]
        },
        {
            "file_path": "003.png",
            "transform_matrix": [
                [
                    -0.9781463146209717,
                    -0.08835255354642868,
                    0.18821172416210175,
                    0.2258540540933609
                ],
                [
                    0.20791783928871155,
                    -0.4156532287597656,
                    0.8854392170906067,
                    1.062527060508728
                ],
                [
                    -6.311018374560717e-09,
                    0.9052216410636902,
                    0.42493972182273865,
                    0.5099277496337891
                ],
                [
                    0,
                    0,
                    0,
                    1
                ]
            ]
        },
        {
            "file_path": "004.png",
            "transform_matrix": [
                [
                    -0.9998542666435242,
                    0.00698781618848443,
                    -0.015576748177409172,
                    -0.018692098557949066
                ],
                [
                    -0.01707233488559723,
                    -0.4092467427253723,
                    0.9122639894485474,
                    1.0947167873382568
                ],
                [
                    -5.197205998896948e-10,
                    0.9123969674110413,
                    0.4093064069747925,
                    0.49116775393486023
                ],
                [
                    0,
                    0,
                    0,
                    1
                ]
            ]
        },
        {
            "file_path": "005.png",
            "transform_matrix": [
                [
                    -0.39622586965560913,
                    -0.1230592206120491,
                    0.9098690152168274,
                    1.091842770576477
                ],
                [
                    0.9181531667709351,
                    -0.053105853497982025,
                    0.3926508128643036,
                    0.4711810052394867
                ],
                [
                    1.9807970375040895e-08,
                    0.9909774661064148,
                    0.13402904570102692,
                    0.16083495318889618
                ],
                [
                    0,
                    0,
                    0,
                    1
                ]
            ]
        }
    ]
}