{
    "camera_angle_x": 0.8575560450553894,
    "aabb": [
        [
            -0.35,
            -0.35,
            -0.35
        ],
        [
            0.35,
            0.35,
            0.35
        ]
    ],
    "frames": [
        {
            "file_path": "000.png",
            "transform_matrix": [
                [
                    0.30449625849723816,
                    -0.18216054141521454,
                    0.9349330067634583,
                    1.1219195127487183
                ],
                [
                    0.952513575553894,
                    0.058232396841049194,
                    -0.29887625575065613,
                    -0.3586514890193939
                ],
                [
                    -2.585388259035426e-08,
                    0.9815430045127869,
                    0.19124186038970947,
                    0.22949036955833435
                ],
                [
                    0,
                    0,
                    0,
                    1
                ]
            ]
        },
        {
            "file_path": "001.png",
            "transform_matrix": [
                [
                    -0.7897847890853882,
                    -0.18143858015537262,
                    0.585935115814209,
                    0.7031221389770508
                ],
                [
                    0.6133840084075928,
                    -0.23361776769161224,
                    0.754442036151886,
                    0.90533047914505
                ],
                [
                    -2.7800375335118588e-08,
                    0.955250084400177,
                    0.2957993149757385,
                    0.35495924949645996
                ],
                [
                    0,
                    0,
                    0,
                    1
                ]
            ]
        },
        {
            "file_path": "002.png",
            "transform_matrix": [
                [
                    -0.9447441697120667,
                    -0.05817965790629387,
                    0.32260462641716003,
                    0.38712549209594727
                ],
                [
                    0.32780879735946655,
                    -0.16767358779907227,
                    0.9297456741333008,
                    1.1156947612762451
                ],
                [
                    -1.7945001928865167e-08,
                    0.9841243624687195,
                    0.17748038470745087,
                    0.21297664940357208
                ],
                [
                    0,
                    0,
                    0,
                    1
                ]
            ]
        },
        {
            "file_path": "003.png",
            "transform_matrix": [
                [
                    -0.6572524905204773,
                    -0.1877368688583374,
                    0.7299137711524963,
                    0.8758965730667114
                ],
                [
                    0.7536705136299133,
                    -0.16371938586235046,
                    0.6365349888801575,
                    0.7638419270515442
                ],
                [
                    -7.364531029452337e-08,
                    0.9684786796569824,
                    0.24909664690494537,
                    0.2989161014556885
                ],
                [
                    0,
                    0,
                    0,
                    1
                ]
            ]
        },
        {
            "file_path": "004.png",
            "transform_matrix": [
                [
                    0.5943202972412109,
                    -0.39051535725593567,
                    0.7030513286590576,
                    0.8436616063117981
                ],
                [
                    0.8042284846305847,
                    0.2885885536670685,
                    -0.5195510387420654,
                    -0.6234611868858337
                ],
                [
                    4.0331777029223304e-08,
                    0.8741936087608337,
                    0.4855775833129883,
                    0.5826930999755859
                ],
                [
                    0,
                    0,
                    0,
                    1
                ]
            ]
        },
        {
            "file_path": "005.png",
            "transform_matrix": [
                [
                    0.9912136197090149,
                    0.051508210599422455,
                    -0.12182970345020294,
                    -0.14619563519954681
                ],
                [
                    -0.13227082788944244,
                    0.3859931230545044,
                    -0.9129698276519775,
                    -1.0955636501312256
                ],
                [
                    -3.6258640534470032e-09,
                    0.9210625886917114,
                    0.3894146680831909,
                    0.4672977328300476
                ],
                [
                    0,
                    0,
                    0,
                    1
                ]
            ]
        }
    ]
}