{
    "camera_angle_x": 0.8575560450553894,
    "aabb": [
        [
            -0.35,
            -0.35,
            -0.35
        ],
        [
            0.35,
            0.35,
            0.35
        ]
    ],
    "frames": [
        {
            "file_path": "000.png",
            "transform_matrix": [
                [
                    0.379829078912735,
                    -0.24088549613952637,
                    0.8931429386138916,
                    1.071771264076233
                ],
                [
                    0.9250568151473999,
                    0.09890756011009216,
                    -0.36672544479370117,
                    -0.4400704801082611
                ],
                [
                    4.236408557289906e-08,
                    0.9655008316040039,
                    0.26040056347846985,
                    0.3124809265136719
                ],
                [
                    0,
                    0,
                    0,
                    1
                ]
            ]
        },
        {
            "file_path": "001.png",
            "transform_matrix": [
                [
                    -0.4786851108074188,
                    0.12342970073223114,
                    -0.869267463684082,
                    -1.0431208610534668
                ],
                [
                    -0.8779867887496948,
                    -0.06729481369256973,
                    0.473931223154068,
                    0.5687174797058105
                ],
                [
                    6.160857424220012e-08,
                    0.9900690317153931,
                    0.14058254659175873,
                    0.16869913041591644
                ],
                [
                    0,
                    0,
                    0,
                    1
                ]
            ]
        },
        {
            "file_path": "002.png",
            "transform_matrix": [
                [
                    -0.19294238090515137,
                    0.4091827869415283,
                    -0.891819953918457,
                    -1.0701838731765747
                ],
                [
                    -0.9812101721763611,
                    -0.08046058565378189,
                    0.1753648817539215,
                    0.21043787896633148
                ],
                [
                    -6.405542762877303e-09,
                    0.9088980555534363,
                    0.41701847314834595,
                    0.5004222393035889
                ],
                [
                    0,
                    0,
                    0,
                    1
                ]
            ]
        },
        {
            "file_path": "003.png",
            "transform_matrix": [
                [
                    -0.920059084892273,
                    -0.09682445228099823,
                    0.3796268701553345,
                    0.4555521309375763
                ],
                [
                    0.39177995920181274,
                    -0.22738328576087952,
                    0.8915186524391174,
                    1.0698223114013672
                ],
                [
                    -3.544381854680978e-08,
                    0.9689798951148987,
                    0.24713975191116333,
                    0.29656803607940674
                ],
                [
                    0,
                    0,
                    0,
                    1
                ]
            ]
        },
        {
            "file_path": "004.png",
            "transform_matrix": [
                [
                    -0.5895341038703918,
                    0.3417746424674988,
                    -0.7318742275238037,
                    -0.8782489895820618
                ],
                [
                    -0.8077436089515686,
                    -0.24944521486759186,
                    0.5341605544090271,
                    0.6409927010536194
                ],
                [
                    4.008374077102417e-08,
                    0.9060724973678589,
                    0.4231226146221161,
                    0.507747232913971
                ],
                [
                    0,
                    0,
                    0,
                    1
                ]
            ]
        },
        {
            "file_path": "005.png",
            "transform_matrix": [
                [
                    -0.2295776754617691,
                    -0.009182343259453773,
                    0.9732470512390137,
                    1.1678965091705322
                ],
                [
                    0.9732903838157654,
                    -0.0021659070625901222,
                    0.22956740856170654,
                    0.27548089623451233
                ],
                [
                    -4.2861177718123145e-08,
                    0.9999555349349976,
                    0.009434280917048454,
                    0.01132110133767128
                ],
                [
                    0,
                    0,
                    0,
                    1
                ]
            ]
        }
    ]
}