{
    "camera_angle_x": 0.8575560450553894,
    "aabb": [
        [
            -0.35,
            -0.35,
            -0.35
        ],
        [
            0.35,
            0.35,
            0.35
        ]
    ],
    "frames": [
        {
            "file_path": "000.png",
            "transform_matrix": [
                [
                    0.45286306738853455,
                    -0.03860824555158615,
                    0.8907437920570374,
                    1.068892478942871
                ],
                [
                    0.8915801644325256,
                    0.019610291346907616,
                    -0.4524383544921875,
                    -0.542926013469696
                ],
                [
                    2.6365178484866192e-08,
                    0.9990620613098145,
                    0.043303072452545166,
                    0.051963921636343
                ],
                [
                    0,
                    0,
                    0,
                    1
                ]
            ]
        },
        {
            "file_path": "001.png",
            "transform_matrix": [
                [
                    -0.21192185580730438,
                    -0.053787194192409515,
                    0.9758055210113525,
                    1.1709665060043335
                ],
                [
                    0.9772867560386658,
                    -0.01166365947574377,
                    0.21160052716732025,
                    0.2539207637310028
                ],
                [
                    -5.678393222297018e-08,
                    0.9984844326972961,
                    0.05503714084625244,
                    0.06604482233524323
                ],
                [
                    0,
                    0,
                    0,
                    1
                ]
            ]
        },
        {
            "file_path": "002.png",
            "transform_matrix": [
                [
                    0.8989821076393127,
                    -0.016362255439162254,
                    0.4376796782016754,
                    0.5252155065536499
                ],
                [
                    0.4379854202270508,
                    0.03358396142721176,
                    -0.8983547687530518,
                    -1.0780255794525146
                ],
                [
                    1.2730641429925527e-08,
                    0.9993021488189697,
                    0.037357788532972336,
                    0.044829633086919785
                ],
                [
                    0,
                    0,
                    0,
                    1
                ]
            ]
        },
        {
            "file_path": "003.png",
            "transform_matrix": [
                [
                    -0.8303965330123901,
                    0.21661581099033356,
                    -0.51334148645401,
                    -0.6160097122192383
                ],
                [
                    -0.5571731328964233,
                    -0.3228386342525482,
                    0.7650709748268127,
                    0.9180850386619568
                ],
                [
                    5.795973834210599e-08,
                    0.9213322401046753,
                    0.38877636194229126,
                    0.4665318429470062
                ],
                [
                    0,
                    0,
                    0,
                    1
                ]
            ]
        },
        {
            "file_path": "004.png",
            "transform_matrix": [
                [
                    -0.8465242981910706,
                    -0.192885160446167,
                    0.49617746472358704,
                    0.5954130291938782
                ],
                [
                    0.5323502421379089,
                    -0.3067191243171692,
                    0.7890036106109619,
                    0.9468043446540833
                ],
                [
                    2.362732942629009e-08,
                    0.9320508241653442,
                    0.36232757568359375,
                    0.43479302525520325
                ],
                [
                    0,
                    0,
                    0,
                    1
                ]
            ]
        },
        {
            "file_path": "005.png",
            "transform_matrix": [
                [
                    0.5990641117095947,
                    0.17959120869636536,
                    -0.7803006768226624,
                    -0.9363608360290527
                ],
                [
                    -0.8007010817527771,
                    0.13436555862426758,
                    -0.5838010907173157,
                    -0.7005613446235657
                ],
                [
                    2.2194939219843945e-09,
                    0.9745218753814697,
                    0.22429245710372925,
                    0.269150972366333
                ],
                [
                    0,
                    0,
                    0,
                    1
                ]
            ]
        }
    ]
}