{
    "camera_angle_x": 0.8575560450553894,
    "aabb": [
        [
            -0.35,
            -0.35,
            -0.35
        ],
        [
            0.35,
            0.35,
            0.35
        ]
    ],
    "frames": [
        {
            "file_path": "000.png",
            "transform_matrix": [
                [
                    -0.8039255142211914,
                    0.22768326103687286,
                    -0.5494217276573181,
                    -0.6593061089515686
                ],
                [
                    -0.5947301387786865,
                    -0.3077704906463623,
                    0.7426799535751343,
                    0.8912159204483032
                ],
                [
                    1.2921370640128771e-08,
                    0.9238169193267822,
                    0.3828345537185669,
                    0.45940154790878296
                ],
                [
                    0,
                    0,
                    0,
                    1
                ]
            ]
        },
        {
            "file_path": "001.png",
            "transform_matrix": [
                [
                    0.7207821011543274,
                    0.3441087603569031,
                    -0.601716160774231,
                    -0.722059428691864
                ],
                [
                    -0.6931617259979248,
                    0.35782042145729065,
                    -0.6256926655769348,
                    -0.7508312463760376
                ],
                [
                    -2.476022231689967e-08,
                    0.8680746555328369,
                    0.4964335858821869,
                    0.5957203507423401
                ],
                [
                    0,
                    0,
                    0,
                    1
                ]
            ]
        },
        {
            "file_path": "002.png",
            "transform_matrix": [
                [
                    -0.45098018646240234,
                    -0.2893640995025635,
                    0.8443254828453064,
                    1.013190507888794
                ],
                [
                    0.892534077167511,
                    -0.14621008932590485,
                    0.4266212582588196,
                    0.5119454860687256
                ],
                [
                    -3.662670877702112e-08,
                    0.9459868669509888,
                    0.32420504093170166,
                    0.3890461027622223
                ],
                [
                    0,
                    0,
                    0,
                    1
                ]
            ]
        },
        {
            "file_path": "003.png",
            "transform_matrix": [
                [
                    -0.9997594952583313,
                    0.007727430202066898,
                    -0.02052999846637249,
                    -0.02463599666953087
                ],
                [
                    -0.02193613536655903,
                    -0.3521847724914551,
                    0.9356734752655029,
                    1.1228080987930298
                ],
                [
                    2.5686980320571706e-10,
                    0.9358986616134644,
                    0.35226941108703613,
                    0.42272353172302246
                ],
                [
                    0,
                    0,
                    0,
                    1
                ]
            ]
        },
        {
            "file_path": "004.png",
            "transform_matrix": [
                [
                    0.8261765241622925,
                    -0.13922181725502014,
                    0.5459392666816711,
                    0.6551271677017212
                ],
                [
                    0.5634114146232605,
                    0.2041524350643158,
                    -0.8005557060241699,
                    -0.960666835308075
                ],
                [
                    -1.914631297950109e-08,
                    0.9689887166023254,
                    0.24710509181022644,
                    0.29652607440948486
                ],
                [
                    0,
                    0,
                    0,
                    1
                ]
            ]
        },
        {
            "file_path": "005.png",
            "transform_matrix": [
                [
                    0.37266668677330017,
                    -0.3265524208545685,
                    0.8686099052429199,
                    1.0423318147659302
                ],
                [
                    0.9279653429985046,
                    0.13114184141159058,
                    -0.3488299250602722,
                    -0.41859596967697144
                ],
                [
                    5.4118711290129795e-08,
                    0.9360371232032776,
                    0.35190141201019287,
                    0.4222819209098816
                ],
                [
                    0,
                    0,
                    0,
                    1
                ]
            ]
        }
    ]
}