{
    "camera_angle_x": 0.8575560450553894,
    "aabb": [
        [
            -0.35,
            -0.35,
            -0.35
        ],
        [
            0.35,
            0.35,
            0.35
        ]
    ],
    "frames": [
        {
            "file_path": "000.png",
            "transform_matrix": [
                [
                    -0.6139666438102722,
                    0.15952305495738983,
                    -0.7730441093444824,
                    -0.9276530146598816
                ],
                [
                    -0.78933185338974,
                    -0.12408193945884705,
                    0.6012975573539734,
                    0.7215571403503418
                ],
                [
                    -2.5932891389857105e-08,
                    0.9793651103973389,
                    0.20209889113903046,
                    0.2425185739994049
                ],
                [
                    0,
                    0,
                    0,
                    1
                ]
            ]
        },
        {
            "file_path": "001.png",
            "transform_matrix": [
                [
                    -0.96412593126297,
                    -0.13241097331047058,
                    0.23006244003772736,
                    0.2760748863220215
                ],
                [
                    0.26544564962387085,
                    -0.4809303283691406,
                    0.8356103897094727,
                    1.0027323961257935
                ],
                [
                    1.0911378467426402e-09,
                    0.8667026162147522,
                    0.49882519245147705,
                    0.5985903739929199
                ],
                [
                    0,
                    0,
                    0,
                    1
                ]
            ]
        },
        {
            "file_path": "002.png",
            "transform_matrix": [
                [
                    0.9998282194137573,
                    0.0043474845588207245,
                    -0.018016396090388298,
                    -0.021619673818349838
                ],
                [
                    -0.01853351481258869,
                    0.2345338612794876,
                    -0.9719313383102417,
                    -1.1663174629211426
                ],
                [
                    2.131849141662201e-10,
                    0.9720982909202576,
                    0.23457415401935577,
                    0.28148913383483887
                ],
                [
                    0,
                    0,
                    0,
                    1
                ]
            ]
        },
        {
            "file_path": "003.png",
            "transform_matrix": [
                [
                    0.9913355112075806,
                    0.027837159112095833,
                    -0.1283707618713379,
                    -0.15404488146305084
                ],
                [
                    -0.13135431706905365,
                    0.2100878655910492,
                    -0.9688184261322021,
                    -1.1625820398330688
                ],
                [
                    -9.419876434435537e-09,
                    0.977286159992218,
                    0.21192409098148346,
                    0.25430914759635925
                ],
                [
                    0,
                    0,
                    0,
                    1
                ]
            ]
        },
        {
            "file_path": "004.png",
            "transform_matrix": [
                [
                    -0.5266071557998657,
                    -0.18265944719314575,
                    0.8302532434463501,
                    0.996303915977478
                ],
                [
                    0.8501087427139282,
                    -0.11315000057220459,
                    0.5143074989318848,
                    0.6171690225601196
                ],
                [
                    2.3739644916531688e-08,
                    0.9766435623168945,
                    0.21486596763134003,
                    0.25783926248550415
                ],
                [
                    0,
                    0,
                    0,
                    1
                ]
            ]
        },
        {
            "file_path": "005.png",
            "transform_matrix": [
                [
                    0.19914956390857697,
                    -0.0697755515575409,
                    0.9774819016456604,
                    1.1729782819747925
                ],
                [
                    0.9799691438674927,
                    0.014179757796227932,
                    -0.19864413142204285,
                    -0.23837289214134216
                ],
                [
                    2.5573267947720524e-08,
                    0.9974619746208191,
                    0.07120176404714584,
                    0.08544211089611053
                ],
                [
                    0,
                    0,
                    0,
                    1
                ]
            ]
        }
    ]
}