{
    "camera_angle_x": 0.8575560450553894,
    "aabb": [
        [
            -0.35,
            -0.35,
            -0.35
        ],
        [
            0.35,
            0.35,
            0.35
        ]
    ],
    "frames": [
        {
            "file_path": "000.png",
            "transform_matrix": [
                [
                    0.17547501623630524,
                    0.3460007607936859,
                    -0.9216789603233337,
                    -1.1060147285461426
                ],
                [
                    -0.9844839572906494,
                    0.06167132034897804,
                    -0.16428068280220032,
                    -0.1971368044614792
                ],
                [
                    -2.3655221781382352e-08,
                    0.9362052083015442,
                    0.35145390033721924,
                    0.42174479365348816
                ],
                [
                    0,
                    0,
                    0,
                    1
                ]
            ]
        },
        {
            "file_path": "001.png",
            "transform_matrix": [
                [
                    0.9076400995254517,
                    0.0333520881831646,
                    -0.4184221029281616,
                    -0.5021066069602966
                ],
                [
                    -0.4197492301464081,
                    0.0721186026930809,
                    -0.9047703742980957,
                    -1.0857245922088623
                ],
                [
                    3.235133760881581e-08,
                    0.9968382716178894,
                    0.07945725321769714,
                    0.09534848481416702
                ],
                [
                    0,
                    0,
                    0,
                    1
                ]
            ]
        },
        {
            "file_path": "002.png",
            "transform_matrix": [
                [
                    0.9872398376464844,
                    -0.05703391134738922,
                    0.14867635071277618,
                    0.17841163277626038
                ],
                [
                    0.1592404544353485,
                    0.3535919487476349,
                    -0.9217457175254822,
                    -1.1060949563980103
                ],
                [
                    6.300978405704427e-09,
                    0.9336593747138977,
                    0.35816216468811035,
                    0.42979469895362854
                ],
                [
                    0,
                    0,
                    0,
                    1
                ]
            ]
        },
        {
            "file_path": "003.png",
            "transform_matrix": [
                [
                    0.9315201640129089,
                    0.1547902226448059,
                    -0.32910504937171936,
                    -0.3949260413646698
                ],
                [
                    -0.3636896312236786,
                    0.396465003490448,
                    -0.8429385423660278,
                    -1.011526346206665
                ],
                [
                    -1.0822622797945769e-08,
                    0.9049063920974731,
                    0.42561075091362,
                    0.5107329487800598
                ],
                [
                    0,
                    0,
                    0,
                    1
                ]
            ]
        },
        {
            "file_path": "004.png",
            "transform_matrix": [
                [
                    -0.077757827937603,
                    0.1438092589378357,
                    -0.9865458607673645,
                    -1.1838550567626953
                ],
                [
                    -0.9969723224639893,
                    -0.011216220445930958,
                    0.07694459706544876,
                    0.09233349561691284
                ],
                [
                    6.972315702569176e-08,
                    0.9895418882369995,
                    0.1442459523677826,
                    0.17309515178203583
                ],
                [
                    0,
                    0,
                    0,
                    1
                ]
            ]
        },
        {
            "file_path": "005.png",
            "transform_matrix": [
                [
                    0.9033116102218628,
                    0.20826347172260284,
                    -0.375039279460907,
                    -0.450047105550766
                ],
                [
                    -0.42898499965667725,
                    0.43853938579559326,
                    -0.7897183299064636,
                    -0.9476620554924011
                ],
                [
                    1.9267076822870877e-09,
                    0.8742479681968689,
                    0.4854796230792999,
                    0.5825755596160889
                ],
                [
                    0,
                    0,
                    0,
                    1
                ]
            ]
        }
    ]
}