{
    "camera_angle_x": 0.8575560450553894,
    "aabb": [
        [
            -0.35,
            -0.35,
            -0.35
        ],
        [
            0.35,
            0.35,
            0.35
        ]
    ],
    "frames": [
        {
            "file_path": "000.png",
            "transform_matrix": [
                [
                    0.7998939752578735,
                    -0.25245463848114014,
                    0.5444597005844116,
                    0.6533516049385071
                ],
                [
                    0.6001414060592651,
                    0.3364822268486023,
                    -0.7256790399551392,
                    -0.870814859867096
                ],
                [
                    4.978772949471022e-11,
                    0.9072190523147583,
                    0.42065855860710144,
                    0.5047903060913086
                ],
                [
                    0,
                    0,
                    0,
                    1
                ]
            ]
        },
        {
            "file_path": "001.png",
            "transform_matrix": [
                [
                    -0.9695762991905212,
                    0.1120891198515892,
                    -0.21761856973171234,
                    -0.2611423134803772
                ],
                [
                    -0.24478933215141296,
                    -0.44396939873695374,
                    0.8619567155838013,
                    1.0343481302261353
                ],
                [
                    -1.2333049248525185e-08,
                    0.8890035152435303,
                    0.45790040493011475,
                    0.5494804978370667
                ],
                [
                    0,
                    0,
                    0,
                    1
                ]
            ]
        },
        {
            "file_path": "002.png",
            "transform_matrix": [
                [
                    0.3246058523654938,
                    -0.2480568140745163,
                    0.9127424955368042,
                    1.095291018486023
                ],
                [
                    0.9458493590354919,
                    0.08513061702251434,
                    -0.31324392557144165,
                    -0.3758927285671234
                ],
                [
                    -4.504747153077915e-08,
                    0.9649977087974548,
                    0.26225829124450684,
                    0.3147099018096924
                ],
                [
                    0,
                    0,
                    0,
                    1
                ]
            ]
        },
        {
            "file_path": "003.png",
            "transform_matrix": [
                [
                    0.6073603630065918,
                    -0.15868277847766876,
                    0.7784171104431152,
                    0.9341004490852356
                ],
                [
                    0.7944265007972717,
                    0.12131717801094055,
                    -0.5951208472251892,
                    -0.7141450643539429
                ],
                [
                    9.428312353065849e-09,
                    0.9798479676246643,
                    0.19974501430988312,
                    0.23969420790672302
                ],
                [
                    0,
                    0,
                    0,
                    1
                ]
            ]
        },
        {
            "file_path": "004.png",
            "transform_matrix": [
                [
                    0.012984253466129303,
                    -0.46562761068344116,
                    0.8848856091499329,
                    1.0618627071380615
                ],
                [
                    0.9999158382415771,
                    0.006046334747225046,
                    -0.011490624397993088,
                    -0.013788786716759205
                ],
                [
                    -7.529388312832452e-08,
                    0.8849602341651917,
                    0.4656667411327362,
                    0.5588001608848572
                ],
                [
                    0,
                    0,
                    0,
                    1
                ]
            ]
        },
        {
            "file_path": "005.png",
            "transform_matrix": [
                [
                    -0.8084843754768372,
                    0.15337668359279633,
                    -0.56818026304245,
                    -0.6818163394927979
                ],
                [
                    -0.5885177850723267,
                    -0.21070340275764465,
                    0.7805452942848206,
                    0.9366543889045715
                ],
                [
                    -2.797075993044018e-08,
                    0.9654427766799927,
                    0.26061519980430603,
                    0.31273820996284485
                ],
                [
                    0,
                    0,
                    0,
                    1
                ]
            ]
        }
    ]
}