{
    "camera_angle_x": 0.8575560450553894,
    "aabb": [
        [
            -0.35,
            -0.35,
            -0.35
        ],
        [
            0.35,
            0.35,
            0.35
        ]
    ],
    "frames": [
        {
            "file_path": "000.png",
            "transform_matrix": [
                [
                    -0.9908067584037781,
                    -0.06489928811788559,
                    0.118702232837677,
                    0.14244267344474792
                ],
                [
                    0.1352853924036026,
                    -0.47531113028526306,
                    0.8693545460700989,
                    1.0432254076004028
                ],
                [
                    -1.0023719632101802e-09,
                    0.877420961856842,
                    0.4797212779521942,
                    0.5756656527519226
                ],
                [
                    0,
                    0,
                    0,
                    1
                ]
            ]
        },
        {
            "file_path": "001.png",
            "transform_matrix": [
                [
                    -0.9425394535064697,
                    0.11342322081327438,
                    -0.31425270438194275,
                    -0.3771032392978668
                ],
                [
                    -0.33409518003463745,
                    -0.3199862837791443,
                    0.8865603804588318,
                    1.0638724565505981
                ],
                [
                    -5.24427790082882e-09,
                    0.9406083822250366,
                    0.3394937217235565,
                    0.4073924720287323
                ],
                [
                    0,
                    0,
                    0,
                    1
                ]
            ]
        },
        {
            "file_path": "002.png",
            "transform_matrix": [
                [
                    0.0607161708176136,
                    0.2938041388988495,
                    -0.9539353847503662,
                    -1.1447224617004395
                ],
                [
                    -0.9981550574302673,
                    0.017871711403131485,
                    -0.05802633613348007,
                    -0.06963159888982773
                ],
                [
                    8.329868705914123e-08,
                    0.955698549747467,
                    0.29434719681739807,
                    0.3532167077064514
                ],
                [
                    0,
                    0,
                    0,
                    1
                ]
            ]
        },
        {
            "file_path": "003.png",
            "transform_matrix": [
                [
                    0.9065722227096558,
                    -0.12740088999271393,
                    0.4023628532886505,
                    0.48283541202545166
                ],
                [
                    0.4220507740974426,
                    0.27365925908088684,
                    -0.8642823100090027,
                    -1.0371387004852295
                ],
                [
                    -5.709033246148465e-09,
                    0.9533518552780151,
                    0.3018614947795868,
                    0.3622339963912964
                ],
                [
                    0,
                    0,
                    0,
                    1
                ]
            ]
        },
        {
            "file_path": "004.png",
            "transform_matrix": [
                [
                    0.8888046741485596,
                    0.10363870114088058,
                    -0.4464138150215149,
                    -0.5356965661048889
                ],
                [
                    -0.45828625559806824,
                    0.20099782943725586,
                    -0.8657791614532471,
                    -1.0389350652694702
                ],
                [
                    -1.8800321299750067e-08,
                    0.9740938544273376,
                    0.2261440008878708,
                    0.27137291431427
                ],
                [
                    0,
                    0,
                    0,
                    1
                ]
            ]
        },
        {
            "file_path": "005.png",
            "transform_matrix": [
                [
                    -0.18115471303462982,
                    0.43545350432395935,
                    -0.8817955255508423,
                    -1.058154582977295
                ],
                [
                    -0.9834546446800232,
                    -0.08021163195371628,
                    0.16242878139019012,
                    0.19491462409496307
                ],
                [
                    -2.987812663945988e-08,
                    0.896630585193634,
                    0.44277942180633545,
                    0.5313354134559631
                ],
                [
                    0,
                    0,
                    0,
                    1
                ]
            ]
        }
    ]
}