{
    "camera_angle_x": 0.8575560450553894,
    "aabb": [
        [
            -0.35,
            -0.35,
            -0.35
        ],
        [
            0.35,
            0.35,
            0.35
        ]
    ],
    "frames": [
        {
            "file_path": "000.png",
            "transform_matrix": [
                [
                    0.10054772347211838,
                    -0.13810288906097412,
                    0.9853008985519409,
                    1.1823610067367554
                ],
                [
                    0.9949322938919067,
                    0.013956560753285885,
                    -0.09957443922758102,
                    -0.11948935687541962
                ],
                [
                    5.05749788715093e-08,
                    0.9903196096420288,
                    0.13880625367164612,
                    0.16656765341758728
                ],
                [
                    0,
                    0,
                    0,
                    1
                ]
            ]
        },
        {
            "file_path": "001.png",
            "transform_matrix": [
                [
                    -0.7913112044334412,
                    -0.29430434107780457,
                    0.5359212160110474,
                    0.6431055068969727
                ],
                [
                    0.6114135980606079,
                    -0.3808981776237488,
                    0.6936064958572388,
                    0.8323277831077576
                ],
                [
                    3.559659234042556e-09,
                    0.8765281438827515,
                    0.4813506603240967,
                    0.5776208639144897
                ],
                [
                    0,
                    0,
                    0,
                    1
                ]
            ]
        },
        {
            "file_path": "002.png",
            "transform_matrix": [
                [
                    -0.5922880172729492,
                    -0.31561461091041565,
                    0.7413382530212402,
                    0.8896059989929199
                ],
                [
                    0.8057264089584351,
                    -0.23200780153274536,
                    0.544956386089325,
                    0.6539475917816162
                ],
                [
                    3.059717457176703e-08,
                    0.9200869202613831,
                    0.3917143642902374,
                    0.47005724906921387
                ],
                [
                    0,
                    0,
                    0,
                    1
                ]
            ]
        },
        {
            "file_path": "003.png",
            "transform_matrix": [
                [
                    0.7861945629119873,
                    0.0003217540797777474,
                    -0.6179789304733276,
                    -0.7415748238563538
                ],
                [
                    -0.6179790496826172,
                    0.0004094027972314507,
                    -0.7861944437026978,
                    -0.9434333443641663
                ],
                [
                    4.4073395599752985e-08,
                    0.9999998807907104,
                    0.0005207064677961171,
                    0.0006247956771403551
                ],
                [
                    0,
                    0,
                    0,
                    1
                ]
            ]
        },
        {
            "file_path": "004.png",
            "transform_matrix": [
                [
                    0.3703930377960205,
                    -0.2373223602771759,
                    0.8980463147163391,
                    1.0776554346084595
                ],
                [
                    0.9288751482963562,
                    0.09463329613208771,
                    -0.35809993743896484,
                    -0.4297199547290802
                ],
                [
                    -1.311469333131754e-08,
                    0.9668105840682983,
                    0.2554943263530731,
                    0.3065933585166931
                ],
                [
                    0,
                    0,
                    0,
                    1
                ]
            ]
        },
        {
            "file_path": "005.png",
            "transform_matrix": [
                [
                    0.6872043609619141,
                    0.19088998436927795,
                    -0.700935959815979,
                    -0.8411230444908142
                ],
                [
                    -0.7264641523361206,
                    0.18057368695735931,
                    -0.6630558967590332,
                    -0.7956670522689819
                ],
                [
                    -8.268555262702648e-08,
                    0.9648597240447998,
                    0.2627657353878021,
                    0.3153190612792969
                ],
                [
                    0,
                    0,
                    0,
                    1
                ]
            ]
        }
    ]
}