{
    "camera_angle_x": 0.8575560450553894,
    "aabb": [
        [
            -0.35,
            -0.35,
            -0.35
        ],
        [
            0.35,
            0.35,
            0.35
        ]
    ],
    "frames": [
        {
            "file_path": "000.png",
            "transform_matrix": [
                [
                    0.8567052483558655,
                    -0.20328564941883087,
                    0.47405806183815,
                    0.5688696503639221
                ],
                [
                    0.515806257724762,
                    0.33763808012008667,
                    -0.7873655557632446,
                    -0.9448386430740356
                ],
                [
                    3.793125102902195e-08,
                    0.9190623164176941,
                    0.39411231875419617,
                    0.4729348421096802
                ],
                [
                    0,
                    0,
                    0,
                    1
                ]
            ]
        },
        {
            "file_path": "001.png",
            "transform_matrix": [
                [
                    0.5397378206253052,
                    0.14206847548484802,
                    -0.829758882522583,
                    -0.9957104921340942
                ],
                [
                    -0.841833233833313,
                    0.0910864993929863,
                    -0.531996488571167,
                    -0.6383957862854004
                ],
                [
                    1.141543037874726e-08,
                    0.9856571555137634,
                    0.16876071691513062,
                    0.20251299440860748
                ],
                [
                    0,
                    0,
                    0,
                    1
                ]
            ]
        },
        {
            "file_path": "002.png",
            "transform_matrix": [
                [
                    0.7309846878051758,
                    0.3140176236629486,
                    -0.605850100517273,
                    -0.7270201444625854
                ],
                [
                    -0.6823939085006714,
                    0.3363776206970215,
                    -0.6489905118942261,
                    -0.7787886261940002
                ],
                [
                    -1.7287339559857173e-08,
                    0.8878305554389954,
                    0.46017059683799744,
                    0.5522047877311707
                ],
                [
                    0,
                    0,
                    0,
                    1
                ]
            ]
        },
        {
            "file_path": "003.png",
            "transform_matrix": [
                [
                    -0.44928425550460815,
                    0.0831180065870285,
                    -0.8895140290260315,
                    -1.067416787147522
                ],
                [
                    -0.8933889865875244,
                    -0.041800081729888916,
                    0.44733551144599915,
                    0.5368025898933411
                ],
                [
                    -6.181043943342956e-08,
                    0.9956627488136292,
                    0.0930367186665535,
                    0.1116442084312439
                ],
                [
                    0,
                    0,
                    0,
                    1
                ]
            ]
        },
        {
            "file_path": "004.png",
            "transform_matrix": [
                [
                    0.9615222215652466,
                    -0.09827987849712372,
                    0.25654640793800354,
                    0.30785566568374634
                ],
                [
                    0.27472713589668274,
                    0.3439714312553406,
                    -0.8978912830352783,
                    -1.0774694681167603
                ],
                [
                    1.169917496213202e-09,
                    0.9338226914405823,
                    0.3577363193035126,
                    0.42928358912467957
                ],
                [
                    0,
                    0,
                    0,
                    1
                ]
            ]
        },
        {
            "file_path": "005.png",
            "transform_matrix": [
                [
                    -0.888168454170227,
                    -0.08368539810180664,
                    0.45183372497558594,
                    0.5422004461288452
                ],
                [
                    0.4595181941986084,
                    -0.16174937784671783,
                    0.873315691947937,
                    1.0479787588119507
                ],
                [
                    3.249244429071041e-08,
                    0.9832772016525269,
                    0.18211553990840912,
                    0.21853873133659363
                ],
                [
                    0,
                    0,
                    0,
                    1
                ]
            ]
        }
    ]
}