{
    "camera_angle_x": 0.8575560450553894,
    "aabb": [
        [
            -0.35,
            -0.35,
            -0.35
        ],
        [
            0.35,
            0.35,
            0.35
        ]
    ],
    "frames": [
        {
            "file_path": "000.png",
            "transform_matrix": [
                [
                    0.5743417143821716,
                    -0.06855969876050949,
                    0.815739631652832,
                    0.978887677192688
                ],
                [
                    0.8186156749725342,
                    0.048101525753736496,
                    -0.5723239183425903,
                    -0.6867886781692505
                ],
                [
                    2.2928269061139872e-08,
                    0.9964867234230042,
                    0.08375074714422226,
                    0.10050097107887268
                ],
                [
                    0,
                    0,
                    0,
                    1
                ]
            ]
        },
        {
            "file_path": "001.png",
            "transform_matrix": [
                [
                    -0.08112870156764984,
                    0.11263301968574524,
                    -0.9903191328048706,
                    -1.1883829832077026
                ],
                [
                    -0.9967036843299866,
                    -0.009168094955384731,
                    0.08060898631811142,
                    0.09673082083463669
                ],
                [
                    -7.920496614133299e-08,
                    0.9935944080352783,
                    0.11300550401210785,
                    0.1356065571308136
                ],
                [
                    0,
                    0,
                    0,
                    1
                ]
            ]
        },
        {
            "file_path": "002.png",
            "transform_matrix": [
                [
                    0.8264822363853455,
                    -0.00795832835137844,
                    0.5629065632820129,
                    0.6754878759384155
                ],
                [
                    0.5629628300666809,
                    0.01168348453938961,
                    -0.8263996839523315,
                    -0.9916796088218689
                ],
                [
                    2.000267151913704e-08,
                    0.9999001026153564,
                    0.014136426150798798,
                    0.016963908448815346
                ],
                [
                    0,
                    0,
                    0,
                    1
                ]
            ]
        },
        {
            "file_path": "003.png",
            "transform_matrix": [
                [
                    -0.15467007458209991,
                    0.11555459350347519,
                    -0.9811851978302002,
                    -1.1774221658706665
                ],
                [
                    -0.9879662394523621,
                    -0.018090559169650078,
                    0.15360842645168304,
                    0.1843300759792328
                ],
                [
                    1.919808312322857e-08,
                    0.9931364059448242,
                    0.11696204543113708,
                    0.14035454392433167
                ],
                [
                    0,
                    0,
                    0,
                    1
                ]
            ]
        },
        {
            "file_path": "004.png",
            "transform_matrix": [
                [
                    0.40942925214767456,
                    0.4471661448478699,
                    -0.795242190361023,
                    -0.9542906880378723
                ],
                [
                    -0.9123418927192688,
                    0.20067353546619415,
                    -0.35687875747680664,
                    -0.42825451493263245
                ],
                [
                    3.1338327488583673e-09,
                    0.8716493844985962,
                    0.4901299774646759,
                    0.5881560444831848
                ],
                [
                    0,
                    0,
                    0,
                    1
                ]
            ]
        },
        {
            "file_path": "005.png",
            "transform_matrix": [
                [
                    -0.6993424892425537,
                    0.33676326274871826,
                    -0.6304845809936523,
                    -0.7565815448760986
                ],
                [
                    -0.7147868871688843,
                    -0.3294868469238281,
                    0.6168616414070129,
                    0.7402338981628418
                ],
                [
                    1.95466043351189e-09,
                    0.8820595741271973,
                    0.4711379408836365,
                    0.5653656125068665
                ],
                [
                    0,
                    0,
                    0,
                    1
                ]
            ]
        }
    ]
}