{
    "camera_angle_x": 0.8575560450553894,
    "aabb": [
        [
            -0.35,
            -0.35,
            -0.35
        ],
        [
            0.35,
            0.35,
            0.35
        ]
    ],
    "frames": [
        {
            "file_path": "000.png",
            "transform_matrix": [
                [
                    0.349944531917572,
                    -0.09874466061592102,
                    0.9315515756607056,
                    1.1178618669509888
                ],
                [
                    0.9367704391479492,
                    0.03688749298453331,
                    -0.34799498319625854,
                    -0.4175940752029419
                ],
                [
                    2.595523440618308e-08,
                    0.9944288730621338,
                    0.105409637093544,
                    0.12649159133434296
                ],
                [
                    0,
                    0,
                    0,
                    1
                ]
            ]
        },
        {
            "file_path": "001.png",
            "transform_matrix": [
                [
                    0.35326436161994934,
                    0.29204127192497253,
                    -0.8887723684310913,
                    -1.0665267705917358
                ],
                [
                    -0.9355236291885376,
                    0.11027801781892776,
                    -0.33561068773269653,
                    -0.40273281931877136
                ],
                [
                    -1.028993423801694e-08,
                    0.9500267505645752,
                    0.3121687173843384,
                    0.3746025562286377
                ],
                [
                    0,
                    0,
                    0,
                    1
                ]
            ]
        },
        {
            "file_path": "002.png",
            "transform_matrix": [
                [
                    0.8523626327514648,
                    0.22086040675640106,
                    -0.47402381896972656,
                    -0.5688285827636719
                ],
                [
                    -0.5229511857032776,
                    0.35998228192329407,
                    -0.7726156115531921,
                    -0.9271387457847595
                ],
                [
                    -7.135302126926035e-09,
                    0.906440019607544,
                    0.4223346412181854,
                    0.5068016648292542
                ],
                [
                    0,
                    0,
                    0,
                    1
                ]
            ]
        },
        {
            "file_path": "003.png",
            "transform_matrix": [
                [
                    -0.7187742590904236,
                    0.2940652668476105,
                    -0.6299915313720703,
                    -0.7559897899627686
                ],
                [
                    -0.6952436566352844,
                    -0.30401790142059326,
                    0.6513136625289917,
                    0.7815763354301453
                ],
                [
                    5.32746859960298e-08,
                    0.9061450362205505,
                    0.4229671359062195,
                    0.5075607299804688
                ],
                [
                    0,
                    0,
                    0,
                    1
                ]
            ]
        },
        {
            "file_path": "004.png",
            "transform_matrix": [
                [
                    -0.9153832793235779,
                    0.05306394770741463,
                    -0.3990711271762848,
                    -0.47888532280921936
                ],
                [
                    -0.40258359909057617,
                    -0.1206553727388382,
                    0.9073967337608337,
                    1.0888760089874268
                ],
                [
                    -1.4569341288961368e-08,
                    0.9912751913070679,
                    0.13180851936340332,
                    0.1581702083349228
                ],
                [
                    0,
                    0,
                    0,
                    1
                ]
            ]
        },
        {
            "file_path": "005.png",
            "transform_matrix": [
                [
                    0.9926638007164001,
                    0.051764409989118576,
                    -0.10926608741283417,
                    -0.13111929595470428
                ],
                [
                    -0.12090753018856049,
                    0.4249912202358246,
                    -0.8970863223075867,
                    -1.0765035152435303
                ],
                [
                    -1.0139379114093572e-08,
                    0.9037162065505981,
                    0.4281320869922638,
                    0.513758659362793
                ],
                [
                    0,
                    0,
                    0,
                    1
                ]
            ]
        }
    ]
}