{
    "camera_angle_x": 0.8575560450553894,
    "aabb": [
        [
            -0.35,
            -0.35,
            -0.35
        ],
        [
            0.35,
            0.35,
            0.35
        ]
    ],
    "frames": [
        {
            "file_path": "000.png",
            "transform_matrix": [
                [
                    0.7921172976493835,
                    0.035657938569784164,
                    -0.6093264222145081,
                    -0.7311918139457703
                ],
                [
                    -0.6103689074516296,
                    0.04627576842904091,
                    -0.7907644510269165,
                    -0.9489173293113708
                ],
                [
                    3.776420953727211e-08,
                    0.998292088508606,
                    0.0584203265607357,
                    0.07010430842638016
                ],
                [
                    0,
                    0,
                    0,
                    1
                ]
            ]
        },
        {
            "file_path": "001.png",
            "transform_matrix": [
                [
                    -0.8682284355163574,
                    0.006656891666352749,
                    -0.49612003564834595,
                    -0.5953440070152283
                ],
                [
                    -0.4961646795272827,
                    -0.01164870336651802,
                    0.8681502938270569,
                    1.0417803525924683
                ],
                [
                    3.568216655480683e-08,
                    0.9999099969863892,
                    0.013416619040071964,
                    0.016099996864795685
                ],
                [
                    0,
                    0,
                    0,
                    1
                ]
            ]
        },
        {
            "file_path": "002.png",
            "transform_matrix": [
                [
                    0.9914474487304688,
                    -0.05125710740685463,
                    0.12001953274011612,
                    0.14402344822883606
                ],
                [
                    0.13050663471221924,
                    0.3893958032131195,
                    -0.911777913570404,
                    -1.0941334962844849
                ],
                [
                    -8.130603745826193e-09,
                    0.919643223285675,
                    0.39275485277175903,
                    0.4713057577610016
                ],
                [
                    0,
                    0,
                    0,
                    1
                ]
            ]
        },
        {
            "file_path": "003.png",
            "transform_matrix": [
                [
                    0.5366914868354797,
                    -0.002822630573064089,
                    0.8437738418579102,
                    1.012528657913208
                ],
                [
                    0.8437785506248474,
                    0.001795297721400857,
                    -0.536688506603241,
                    -0.6440262198448181
                ],
                [
                    3.191073716379833e-08,
                    0.9999943971633911,
                    0.0033451872877776623,
                    0.004014262929558754
                ],
                [
                    0,
                    0,
                    0,
                    1
                ]
            ]
        },
        {
            "file_path": "004.png",
            "transform_matrix": [
                [
                    -0.6540987491607666,
                    0.0848117545247078,
                    -0.7516393661499023,
                    -0.9019672870635986
                ],
                [
                    -0.7564091682434082,
                    -0.07334030419588089,
                    0.6499741673469543,
                    0.7799690365791321
                ],
                [
                    -9.932090705433438e-09,
                    0.9936941862106323,
                    0.11212418228387833,
                    0.13454897701740265
                ],
                [
                    0,
                    0,
                    0,
                    1
                ]
            ]
        },
        {
            "file_path": "005.png",
            "transform_matrix": [
                [
                    -0.8669012188911438,
                    0.21455568075180054,
                    -0.44994252920150757,
                    -0.5399309992790222
                ],
                [
                    -0.4984801113605499,
                    -0.37313151359558105,
                    0.7824900150299072,
                    0.9389879703521729
                ],
                [
                    -3.891095801122901e-08,
                    0.9026288390159607,
                    0.43041977286338806,
                    0.5165036916732788
                ],
                [
                    0,
                    0,
                    0,
                    1
                ]
            ]
        }
    ]
}