{
    "camera_angle_x": 0.8575560450553894,
    "aabb": [
        [
            -0.35,
            -0.35,
            -0.35
        ],
        [
            0.35,
            0.35,
            0.35
        ]
    ],
    "frames": [
        {
            "file_path": "000.png",
            "transform_matrix": [
                [
                    -0.2905139923095703,
                    0.4332735538482666,
                    -0.853156328201294,
                    -1.0237876176834106
                ],
                [
                    -0.9568707346916199,
                    -0.13154548406600952,
                    0.2590253949165344,
                    0.31083041429519653
                ],
                [
                    4.995769131710404e-09,
                    0.8916108012199402,
                    0.4528025686740875,
                    0.5433631539344788
                ],
                [
                    0,
                    0,
                    0,
                    1
                ]
            ]
        },
        {
            "file_path": "001.png",
            "transform_matrix": [
                [
                    -0.6552332043647766,
                    -0.0427037812769413,
                    0.754218578338623,
                    0.9050623774528503
                ],
                [
                    0.7554265856742859,
                    -0.03703991323709488,
                    0.6541854739189148,
                    0.7850226759910583
                ],
                [
                    2.9127960488040117e-08,
                    0.998400866985321,
                    0.05652942508459091,
                    0.06783527880907059
                ],
                [
                    0,
                    0,
                    0,
                    1
                ]
            ]
        },
        {
            "file_path": "002.png",
            "transform_matrix": [
                [
                    -0.32946619391441345,
                    -0.1872960925102234,
                    0.925403892993927,
                    1.1104846000671387
                ],
                [
                    0.9441674947738647,
                    -0.0653567761182785,
                    0.3229185938835144,
                    0.3875024616718292
                ],
                [
                    -4.103555184542529e-08,
                    0.9801269173622131,
                    0.19837161898612976,
                    0.23804610967636108
                ],
                [
                    0,
                    0,
                    0,
                    1
                ]
            ]
        },
        {
            "file_path": "003.png",
            "transform_matrix": [
                [
                    0.9760903120040894,
                    0.09489083290100098,
                    -0.19555923342704773,
                    -0.23467108607292175
                ],
                [
                    -0.2173653244972229,
                    0.42611220479011536,
                    -0.8781690001487732,
                    -1.053802728652954
                ],
                [
                    3.051861430236613e-09,
                    0.8996800780296326,
                    0.43654999136924744,
                    0.5238600969314575
                ],
                [
                    0,
                    0,
                    0,
                    1
                ]
            ]
        },
        {
            "file_path": "004.png",
            "transform_matrix": [
                [
                    -0.7274080514907837,
                    -0.32589802145957947,
                    0.603877604007721,
                    0.7246530652046204
                ],
                [
                    0.686205267906189,
                    -0.34546637535095215,
                    0.6401370167732239,
                    0.7681644558906555
                ],
                [
                    -6.157577558951743e-09,
                    0.8800247311592102,
                    0.4749278426170349,
                    0.5699134469032288
                ],
                [
                    0,
                    0,
                    0,
                    1
                ]
            ]
        },
        {
            "file_path": "005.png",
            "transform_matrix": [
                [
                    -0.963387668132782,
                    -0.01088858861476183,
                    0.26789167523384094,
                    0.3214700222015381
                ],
                [
                    0.2681128680706024,
                    -0.03912510722875595,
                    0.9625927805900574,
                    1.155111312866211
                ],
                [
                    -9.247789201083378e-09,
                    0.9991750717163086,
                    0.04061184450984001,
                    0.048734456300735474
                ],
                [
                    0,
                    0,
                    0,
                    1
                ]
            ]
        }
    ]
}