{
    "camera_angle_x": 0.8575560450553894,
    "aabb": [
        [
            -0.35,
            -0.35,
            -0.35
        ],
        [
            0.35,
            0.35,
            0.35
        ]
    ],
    "frames": [
        {
            "file_path": "000.png",
            "transform_matrix": [
                [
                    0.917503297328949,
                    0.08479262888431549,
                    -0.38858458399772644,
                    -0.46630141139030457
                ],
                [
                    -0.39772823452949524,
                    0.19560456275939941,
                    -0.8964102268218994,
                    -1.0756921768188477
                ],
                [
                    -1.970366980685867e-08,
                    0.9770103693008423,
                    0.21319223940372467,
                    0.25583091378211975
                ],
                [
                    0,
                    0,
                    0,
                    1
                ]
            ]
        },
        {
            "file_path": "001.png",
            "transform_matrix": [
                [
                    0.9991135001182556,
                    -0.008273528888821602,
                    0.04127660021185875,
                    0.04953191801905632
                ],
                [
                    0.04209761321544647,
                    0.19635765254497528,
                    -0.9796282649040222,
                    -1.1755539178848267
                ],
                [
                    4.520972485266839e-09,
                    0.9804974794387817,
                    0.19653187692165375,
                    0.23583847284317017
                ],
                [
                    0,
                    0,
                    0,
                    1
                ]
            ]
        },
        {
            "file_path": "002.png",
            "transform_matrix": [
                [
                    0.7452718615531921,
                    -0.06868141144514084,
                    0.6632139682769775,
                    0.7958566546440125
                ],
                [
                    0.6667607426643372,
                    0.07676848024129868,
                    -0.7413075566291809,
                    -0.8895690441131592
                ],
                [
                    5.6166584272432374e-08,
                    0.9946807026863098,
                    0.10300742834806442,
                    0.1236092746257782
                ],
                [
                    0,
                    0,
                    0,
                    1
                ]
            ]
        },
        {
            "file_path": "003.png",
            "transform_matrix": [
                [
                    -0.12741807103157043,
                    0.3349151015281677,
                    -0.9335935115814209,
                    -1.1203120946884155
                ],
                [
                    -0.9918492436408997,
                    -0.04302499443292618,
                    0.11993411183357239,
                    0.14392106235027313
                ],
                [
                    1.7929366435964766e-08,
                    0.9412656426429749,
                    0.33766722679138184,
                    0.40520089864730835
                ],
                [
                    0,
                    0,
                    0,
                    1
                ]
            ]
        },
        {
            "file_path": "004.png",
            "transform_matrix": [
                [
                    0.5843239426612854,
                    -0.05547294765710831,
                    0.8096222877502441,
                    0.9715467691421509
                ],
                [
                    0.811520516872406,
                    0.03994251787662506,
                    -0.5829572081565857,
                    -0.6995486617088318
                ],
                [
                    -1.6081372677945183e-08,
                    0.9976609349250793,
                    0.06835679709911346,
                    0.08202815055847168
                ],
                [
                    0,
                    0,
                    0,
                    1
                ]
            ]
        },
        {
            "file_path": "005.png",
            "transform_matrix": [
                [
                    0.8194373250007629,
                    0.18094424903392792,
                    -0.5438581109046936,
                    -0.6526297330856323
                ],
                [
                    -0.5731688141822815,
                    0.2586890161037445,
                    -0.7775329947471619,
                    -0.9330396056175232
                ],
                [
                    5.904467470507768e-10,
                    0.9488620758056641,
                    0.3156910240650177,
                    0.3788292109966278
                ],
                [
                    0,
                    0,
                    0,
                    1
                ]
            ]
        }
    ]
}