{
    "camera_angle_x": 0.8575560450553894,
    "aabb": [
        [
            -0.35,
            -0.35,
            -0.35
        ],
        [
            0.35,
            0.35,
            0.35
        ]
    ],
    "frames": [
        {
            "file_path": "000.png",
            "transform_matrix": [
                [
                    0.9965107440948486,
                    0.000937637232709676,
                    -0.08345934003591537,
                    -0.10015120357275009
                ],
                [
                    -0.0834646001458168,
                    0.011194671504199505,
                    -0.9964479207992554,
                    -1.1957374811172485
                ],
                [
                    -2.351424388535861e-09,
                    0.9999369382858276,
                    0.011233869940042496,
                    0.013480796478688717
                ],
                [
                    0,
                    0,
                    0,
                    1
                ]
            ]
        },
        {
            "file_path": "001.png",
            "transform_matrix": [
                [
                    0.9872732758522034,
                    -0.004453393165022135,
                    0.15897049009799957,
                    0.19076459109783173
                ],
                [
                    0.15903285145759583,
                    0.02764640375971794,
                    -0.986886203289032,
                    -1.1842634677886963
                ],
                [
                    1.4021876992842408e-08,
                    0.9996079206466675,
                    0.028002791106700897,
                    0.03360363095998764
                ],
                [
                    0,
                    0,
                    0,
                    1
                ]
            ]
        },
        {
            "file_path": "002.png",
            "transform_matrix": [
                [
                    0.7078609466552734,
                    -0.09022324532270432,
                    0.7005659937858582,
                    0.8406791090965271
                ],
                [
                    0.7063518166542053,
                    0.0904158428311348,
                    -0.7020628452301025,
                    -0.8424753546714783
                ],
                [
                    6.082870385171191e-08,
                    0.9918088912963867,
                    0.12773117423057556,
                    0.15327763557434082
                ],
                [
                    0,
                    0,
                    0,
                    1
                ]
            ]
        },
        {
            "file_path": "003.png",
            "transform_matrix": [
                [
                    0.008397620171308517,
                    0.1972375065088272,
                    -0.9803198575973511,
                    -1.1763837337493896
                ],
                [
                    -0.9999648332595825,
                    0.001656309817917645,
                    -0.008232745341956615,
                    -0.00987933948636055
                ],
                [
                    1.1759706097791423e-08,
                    0.9803544282913208,
                    0.19724434614181519,
                    0.2366933822631836
                ],
                [
                    0,
                    0,
                    0,
                    1
                ]
            ]
        },
        {
            "file_path": "004.png",
            "transform_matrix": [
                [
                    0.9997534155845642,
                    0.005574800539761782,
                    -0.021494409069418907,
                    -0.02579329162836075
                ],
                [
                    -0.02220558561384678,
                    0.2509921193122864,
                    -0.9677344560623169,
                    -1.1612813472747803
                ],
                [
                    1.649386072166692e-09,
                    0.9679731130599976,
                    0.2510540187358856,
                    0.3012648820877075
                ],
                [
                    0,
                    0,
                    0,
                    1
                ]
            ]
        },
        {
            "file_path": "005.png",
            "transform_matrix": [
                [
                    0.9995985627174377,
                    -0.0028287486638873816,
                    0.02819054201245308,
                    0.03382864594459534
                ],
                [
                    0.02833211049437523,
                    0.09980237483978271,
                    -0.9946038722991943,
                    -1.1935245990753174
                ],
                [
                    5.638932654150608e-10,
                    0.9950032830238342,
                    0.09984245151281357,
                    0.11981111764907837
                ],
                [
                    0,
                    0,
                    0,
                    1
                ]
            ]
        }
    ]
}