{
    "camera_angle_x": 0.8575560450553894,
    "aabb": [
        [
            -0.35,
            -0.35,
            -0.35
        ],
        [
            0.35,
            0.35,
            0.35
        ]
    ],
    "frames": [
        {
            "file_path": "000.png",
            "transform_matrix": [
                [
                    0.44799360632896423,
                    -0.36253565549850464,
                    0.8172329664230347,
                    0.980679452419281
                ],
                [
                    0.8940368294715881,
                    0.18166324496269226,
                    -0.40950796008110046,
                    -0.491409569978714
                ],
                [
                    -1.5835940558872608e-08,
                    0.9140932559967041,
                    0.40550413727760315,
                    0.48660504817962646
                ],
                [
                    0,
                    0,
                    0,
                    1
                ]
            ]
        },
        {
            "file_path": "001.png",
            "transform_matrix": [
                [
                    -0.48691892623901367,
                    -0.3571896553039551,
                    0.7970731258392334,
                    0.956487774848938
                ],
                [
                    0.8734471797943115,
                    -0.1991218477487564,
                    0.44434279203414917,
                    0.533211350440979
                ],
                [
                    7.542119817571802e-09,
                    0.9125601649284363,
                    0.40894246101379395,
                    0.49073097109794617
                ],
                [
                    0,
                    0,
                    0,
                    1
                ]
            ]
        },
        {
            "file_path": "002.png",
            "transform_matrix": [
                [
                    0.384236603975296,
                    0.006822161842137575,
                    -0.9232094883918762,
                    -1.1078513860702515
                ],
                [
                    -0.9232347011566162,
                    0.002839208347722888,
                    -0.3842261731624603,
                    -0.4610714018344879
                ],
                [
                    -2.7138376879065618e-08,
                    0.9999727606773376,
                    0.007389355916529894,
                    0.008867289870977402
                ],
                [
                    0,
                    0,
                    0,
                    1
                ]
            ]
        },
        {
            "file_path": "003.png",
            "transform_matrix": [
                [
                    -0.5536075234413147,
                    0.11790701746940613,
                    -0.8243885636329651,
                    -0.9892663359642029
                ],
                [
                    -0.8327776193618774,
                    -0.07838135957717896,
                    0.5480307340621948,
                    0.6576370596885681
                ],
                [
                    -5.108856271363038e-08,
                    0.9899263978004456,
                    0.1415829062461853,
                    0.1698993444442749
                ],
                [
                    0,
                    0,
                    0,
                    1
                ]
            ]
        },
        {
            "file_path": "004.png",
            "transform_matrix": [
                [
                    0.816300630569458,
                    -0.24231943488121033,
                    0.5243420600891113,
                    0.6292104721069336
                ],
                [
                    0.5776273012161255,
                    0.34244486689567566,
                    -0.7409980893135071,
                    -0.8891977667808533
                ],
                [
                    -1.3285985644984066e-08,
                    0.9077515006065369,
                    0.41950827836990356,
                    0.5034099817276001
                ],
                [
                    0,
                    0,
                    0,
                    1
                ]
            ]
        },
        {
            "file_path": "005.png",
            "transform_matrix": [
                [
                    0.6787158250808716,
                    0.24822629988193512,
                    -0.6911791563034058,
                    -0.829414963722229
                ],
                [
                    -0.7344010472297668,
                    0.22940470278263092,
                    -0.6387712359428406,
                    -0.7665254473686218
                ],
                [
                    -3.672273507504542e-08,
                    0.9411467909812927,
                    0.33799824118614197,
                    0.40559789538383484
                ],
                [
                    0,
                    0,
                    0,
                    1
                ]
            ]
        }
    ]
}