{
    "camera_angle_x": 0.8575560450553894,
    "aabb": [
        [
            -0.35,
            -0.35,
            -0.35
        ],
        [
            0.35,
            0.35,
            0.35
        ]
    ],
    "frames": [
        {
            "file_path": "000.png",
            "transform_matrix": [
                [
                    0.5207228064537048,
                    -0.1925431191921234,
                    0.8317301273345947,
                    0.9980760216712952
                ],
                [
                    0.8537258505821228,
                    0.11743989586830139,
                    -0.5073067545890808,
                    -0.6087682247161865
                ],
                [
                    5.770191791043544e-08,
                    0.9742356538772583,
                    0.2255326211452484,
                    0.2706393003463745
                ],
                [
                    0,
                    0,
                    0,
                    1
                ]
            ]
        },
        {
            "file_path": "001.png",
            "transform_matrix": [
                [
                    0.7336704134941101,
                    -0.04387572407722473,
                    0.6780874729156494,
                    0.8137049078941345
                ],
                [
                    0.679505467414856,
                    0.047373007982969284,
                    -0.7321394681930542,
                    -0.8785673975944519
                ],
                [
                    7.110008937161183e-08,
                    0.9979132413864136,
                    0.06456995755434036,
                    0.0774841234087944
                ],
                [
                    0,
                    0,
                    0,
                    1
                ]
            ]
        },
        {
            "file_path": "002.png",
            "transform_matrix": [
                [
                    0.9055528044700623,
                    -0.04342281445860863,
                    0.42200544476509094,
                    0.5064066052436829
                ],
                [
                    0.4242335855960846,
                    0.09268872439861298,
                    -0.90079665184021,
                    -1.080955982208252
                ],
                [
                    -2.08595221096175e-08,
                    0.9947478175163269,
                    0.1023559495806694,
                    0.12282705307006836
                ],
                [
                    0,
                    0,
                    0,
                    1
                ]
            ]
        },
        {
            "file_path": "003.png",
            "transform_matrix": [
                [
                    -0.9023227691650391,
                    0.10290087014436722,
                    -0.41859906911849976,
                    -0.5023188591003418
                ],
                [
                    -0.4310612082481384,
                    -0.2153981477022171,
                    0.8762362599372864,
                    1.0514835119247437
                ],
                [
                    2.5423890548381678e-08,
                    0.9710896611213684,
                    0.23871514201164246,
                    0.28645825386047363
                ],
                [
                    0,
                    0,
                    0,
                    1
                ]
            ]
        },
        {
            "file_path": "004.png",
            "transform_matrix": [
                [
                    0.9999496340751648,
                    -0.0003725049609784037,
                    0.01003138069063425,
                    0.01203765720129013
                ],
                [
                    0.010038294829428196,
                    0.03710653632879257,
                    -0.9992609024047852,
                    -1.199113130569458
                ],
                [
                    -2.913749241884034e-10,
                    0.9993112683296204,
                    0.0371084064245224,
                    0.04453009366989136
                ],
                [
                    0,
                    0,
                    0,
                    1
                ]
            ]
        },
        {
            "file_path": "005.png",
            "transform_matrix": [
                [
                    -0.7769211530685425,
                    0.20427903532981873,
                    -0.5955365300178528,
                    -0.7146438360214233
                ],
                [
                    -0.6295980215072632,
                    -0.25207945704460144,
                    0.7348893284797668,
                    0.8818672299385071
                ],
                [
                    -8.259743111693751e-09,
                    0.9458996057510376,
                    0.3244594633579254,
                    0.38935139775276184
                ],
                [
                    0,
                    0,
                    0,
                    1
                ]
            ]
        }
    ]
}