{
    "camera_angle_x": 0.8575560450553894,
    "aabb": [
        [
            -0.35,
            -0.35,
            -0.35
        ],
        [
            0.35,
            0.35,
            0.35
        ]
    ],
    "frames": [
        {
            "file_path": "000.png",
            "transform_matrix": [
                [
                    -0.9071816205978394,
                    -0.1393287181854248,
                    0.39700016379356384,
                    0.476400226354599
                ],
                [
                    0.42073938250541687,
                    -0.30041512846946716,
                    0.8559960126876831,
                    1.0271952152252197
                ],
                [
                    8.222382774647485e-09,
                    0.9435774087905884,
                    0.331152081489563,
                    0.39738258719444275
                ],
                [
                    0,
                    0,
                    0,
                    1
                ]
            ]
        },
        {
            "file_path": "001.png",
            "transform_matrix": [
                [
                    0.8188154697418213,
                    -0.16468098759651184,
                    0.5499285459518433,
                    0.6599141955375671
                ],
                [
                    0.5740568041801453,
                    0.23489534854888916,
                    -0.7843998074531555,
                    -0.9412797093391418
                ],
                [
                    3.3799569365555726e-08,
                    0.9579689502716064,
                    0.28687217831611633,
                    0.34424683451652527
                ],
                [
                    0,
                    0,
                    0,
                    1
                ]
            ]
        },
        {
            "file_path": "002.png",
            "transform_matrix": [
                [
                    -0.8864303231239319,
                    0.06070533022284508,
                    -0.4588642120361328,
                    -0.5506370663642883
                ],
                [
                    -0.4628622829914093,
                    -0.11625725775957108,
                    0.8787735104560852,
                    1.0545282363891602
                ],
                [
                    -3.2678908468142254e-08,
                    0.9913623332977295,
                    0.13115204870700836,
                    0.15738259255886078
                ],
                [
                    0,
                    0,
                    0,
                    1
                ]
            ]
        },
        {
            "file_path": "003.png",
            "transform_matrix": [
                [
                    -0.06990454345941544,
                    -0.3005966246128082,
                    0.9511861801147461,
                    1.1414233446121216
                ],
                [
                    0.9975537657737732,
                    -0.021064581349492073,
                    0.0666552409529686,
                    0.07998630404472351
                ],
                [
                    -7.422612213758839e-08,
                    0.953518807888031,
                    0.3013336956501007,
                    0.3616005480289459
                ],
                [
                    0,
                    0,
                    0,
                    1
                ]
            ]
        },
        {
            "file_path": "004.png",
            "transform_matrix": [
                [
                    0.817072331905365,
                    0.03244132921099663,
                    -0.5756217837333679,
                    -0.6907461881637573
                ],
                [
                    -0.5765352249145508,
                    0.045976173132658005,
                    -0.8157778382301331,
                    -0.9789332747459412
                ],
                [
                    8.965503894842186e-10,
                    0.9984156489372253,
                    0.05626941844820976,
                    0.06752336025238037
                ],
                [
                    0,
                    0,
                    0,
                    1
                ]
            ]
        },
        {
            "file_path": "005.png",
            "transform_matrix": [
                [
                    0.0660572275519371,
                    0.43990880250930786,
                    -0.8956097364425659,
                    -1.074731707572937
                ],
                [
                    -0.9978159070014954,
                    0.02912272699177265,
                    -0.059291042387485504,
                    -0.07114937156438828
                ],
                [
                    -7.258417866751188e-09,
                    0.8975701928138733,
                    0.4408716857433319,
                    0.5290461182594299
                ],
                [
                    0,
                    0,
                    0,
                    1
                ]
            ]
        }
    ]
}