{
    "camera_angle_x": 0.8575560450553894,
    "aabb": [
        [
            -0.35,
            -0.35,
            -0.35
        ],
        [
            0.35,
            0.35,
            0.35
        ]
    ],
    "frames": [
        {
            "file_path": "000.png",
            "transform_matrix": [
                [
                    0.08335767686367035,
                    -0.19762520492076874,
                    0.9767271876335144,
                    1.1720725297927856
                ],
                [
                    0.9965198040008545,
                    0.016530970111489296,
                    -0.08170217275619507,
                    -0.0980425551533699
                ],
                [
                    5.0612580793085726e-08,
                    0.98013836145401,
                    0.19831529259681702,
                    0.2379784882068634
                ],
                [
                    0,
                    0,
                    0,
                    1
                ]
            ]
        },
        {
            "file_path": "001.png",
            "transform_matrix": [
                [
                    0.01538882963359356,
                    0.43689101934432983,
                    -0.8993828296661377,
                    -1.0792593955993652
                ],
                [
                    -0.9998816251754761,
                    0.006723988801240921,
                    -0.013842122629284859,
                    -0.016610559076070786
                ],
                [
                    -4.2515413412047565e-08,
                    0.8994893431663513,
                    0.4369427561759949,
                    0.5243313312530518
                ],
                [
                    0,
                    0,
                    0,
                    1
                ]
            ]
        },
        {
            "file_path": "002.png",
            "transform_matrix": [
                [
                    -0.9967968463897705,
                    -0.031686633825302124,
                    0.07343181222677231,
                    0.08811818063259125
                ],
                [
                    0.07997670769691467,
                    -0.39492928981781006,
                    0.9152238965034485,
                    1.098268747329712
                ],
                [
                    5.510267353514564e-09,
                    0.9181650280952454,
                    0.3961982727050781,
                    0.47543787956237793
                ],
                [
                    0,
                    0,
                    0,
                    1
                ]
            ]
        },
        {
            "file_path": "003.png",
            "transform_matrix": [
                [
                    -0.7258121967315674,
                    0.03734520077705383,
                    -0.686878502368927,
                    -0.8242542147636414
                ],
                [
                    -0.6878929734230042,
                    -0.03940388932824135,
                    0.7247418165206909,
                    0.8696901202201843
                ],
                [
                    -4.1596745603555974e-08,
                    0.9985252618789673,
                    0.054289281368255615,
                    0.06514719873666763
                ],
                [
                    0,
                    0,
                    0,
                    1
                ]
            ]
        },
        {
            "file_path": "004.png",
            "transform_matrix": [
                [
                    0.9925830960273743,
                    0.022315874695777893,
                    -0.1195022463798523,
                    -0.14340269565582275
                ],
                [
                    -0.12156802415847778,
                    0.1822054535150528,
                    -0.9757164120674133,
                    -1.170859694480896
                ],
                [
                    2.181154368230409e-09,
                    0.9830072522163391,
                    0.18356695771217346,
                    0.22028039395809174
                ],
                [
                    0,
                    0,
                    0,
                    1
                ]
            ]
        },
        {
            "file_path": "005.png",
            "transform_matrix": [
                [
                    -0.23240622878074646,
                    -0.09064608812332153,
                    0.968385636806488,
                    1.1620627641677856
                ],
                [
                    0.9726188778877258,
                    -0.021659821271896362,
                    0.2313946783542633,
                    0.2776736915111542
                ],
                [
                    2.6850699441638426e-10,
                    0.9956476092338562,
                    0.09319791942834854,
                    0.11183758825063705
                ],
                [
                    0,
                    0,
                    0,
                    1
                ]
            ]
        }
    ]
}