{
    "camera_angle_x": 0.8575560450553894,
    "aabb": [
        [
            -0.35,
            -0.35,
            -0.35
        ],
        [
            0.35,
            0.35,
            0.35
        ]
    ],
    "frames": [
        {
            "file_path": "000.png",
            "transform_matrix": [
                [
                    -0.7814319729804993,
                    0.11155447363853455,
                    -0.6139377951622009,
                    -0.7367254495620728
                ],
                [
                    -0.6239904165267944,
                    -0.139701247215271,
                    0.7688429355621338,
                    0.922611653804779
                ],
                [
                    -1.3854384306455358e-08,
                    0.9838898181915283,
                    0.17877598106861115,
                    0.21453113853931427
                ],
                [
                    0,
                    0,
                    0,
                    1
                ]
            ]
        },
        {
            "file_path": "001.png",
            "transform_matrix": [
                [
                    -0.28813642263412476,
                    -0.24863992631435394,
                    0.9247462749481201,
                    1.109695553779602
                ],
                [
                    0.9575893878936768,
                    -0.07481519132852554,
                    0.278253972530365,
                    0.33390486240386963
                ],
                [
                    1.282789874323953e-08,
                    0.9657022953033447,
                    0.25965192914009094,
                    0.3115823566913605
                ],
                [
                    0,
                    0,
                    0,
                    1
                ]
            ]
        },
        {
            "file_path": "002.png",
            "transform_matrix": [
                [
                    0.9922937750816345,
                    0.006781364791095257,
                    -0.12372174113988876,
                    -0.148466095328331
                ],
                [
                    -0.12390744686126709,
                    0.05430746078491211,
                    -0.9908065795898438,
                    -1.1889679431915283
                ],
                [
                    -7.785834199580677e-09,
                    0.9985012412071228,
                    0.054729215800762177,
                    0.06567515432834625
                ],
                [
                    0,
                    0,
                    0,
                    1
                ]
            ]
        },
        {
            "file_path": "003.png",
            "transform_matrix": [
                [
                    -0.6404422521591187,
                    0.3077268600463867,
                    -0.7036604285240173,
                    -0.8443924784660339
                ],
                [
                    -0.7680063843727112,
                    -0.2566140592098236,
                    0.5867840051651001,
                    0.7041407823562622
                ],
                [
                    5.767786603882996e-08,
                    0.9162169694900513,
                    0.40068259835243225,
                    0.4808192551136017
                ],
                [
                    0,
                    0,
                    0,
                    1
                ]
            ]
        },
        {
            "file_path": "004.png",
            "transform_matrix": [
                [
                    0.11142237484455109,
                    -0.22521649301052094,
                    0.96791672706604,
                    1.1614999771118164
                ],
                [
                    0.9937732219696045,
                    0.02525121159851551,
                    -0.10852344334125519,
                    -0.13022805750370026
                ],
                [
                    1.0855404752874165e-07,
                    0.9739815592765808,
                    0.22662757337093353,
                    0.27195316553115845
                ],
                [
                    0,
                    0,
                    0,
                    1
                ]
            ]
        },
        {
            "file_path": "005.png",
            "transform_matrix": [
                [
                    0.9986408352851868,
                    -0.017108257859945297,
                    0.049231916666030884,
                    0.05907829478383064
                ],
                [
                    0.05211980640888214,
                    0.327802449464798,
                    -0.9433075785636902,
                    -1.1319689750671387
                ],
                [
                    2.2763313456408696e-09,
                    0.9445914626121521,
                    0.3282485902309418,
                    0.39389845728874207
                ],
                [
                    0,
                    0,
                    0,
                    1
                ]
            ]
        }
    ]
}