{
    "camera_angle_x": 0.8575560450553894,
    "aabb": [
        [
            -0.35,
            -0.35,
            -0.35
        ],
        [
            0.35,
            0.35,
            0.35
        ]
    ],
    "frames": [
        {
            "file_path": "000.png",
            "transform_matrix": [
                [
                    -0.6550886034965515,
                    -0.158593088388443,
                    0.7387201189994812,
                    0.8864641189575195
                ],
                [
                    0.7555522322654724,
                    -0.137505441904068,
                    0.6404945254325867,
                    0.7685933709144592
                ],
                [
                    -2.5632289180066437e-08,
                    0.97772216796875,
                    0.20990346372127533,
                    0.2518842816352844
                ],
                [
                    0,
                    0,
                    0,
                    1
                ]
            ]
        },
        {
            "file_path": "001.png",
            "transform_matrix": [
                [
                    -0.9475670456886292,
                    -0.14061200618743896,
                    0.2869580090045929,
                    0.3443496525287628
                ],
                [
                    0.31955692172050476,
                    -0.41695019602775574,
                    0.8509029746055603,
                    1.0210837125778198
                ],
                [
                    2.674604360208832e-08,
                    0.8979870676994324,
                    0.4400218427181244,
                    0.5280261039733887
                ],
                [
                    0,
                    0,
                    0,
                    1
                ]
            ]
        },
        {
            "file_path": "002.png",
            "transform_matrix": [
                [
                    -0.4235324561595917,
                    -0.2577163875102997,
                    0.8684483766555786,
                    1.0421379804611206
                ],
                [
                    0.9058809876441956,
                    -0.12049183249473572,
                    0.4060313403606415,
                    0.4872376024723053
                ],
                [
                    -1.4211778420758492e-08,
                    0.9586783051490784,
                    0.28449252247810364,
                    0.3413911461830139
                ],
                [
                    0,
                    0,
                    0,
                    1
                ]
            ]
        },
        {
            "file_path": "003.png",
            "transform_matrix": [
                [
                    0.9763210415840149,
                    0.007909256964921951,
                    -0.21618196368217468,
                    -0.2594183683395386
                ],
                [
                    -0.21632659435272217,
                    0.03569595143198967,
                    -0.9756683111190796,
                    -1.1708019971847534
                ],
                [
                    1.8024126191562573e-08,
                    0.9993314146995544,
                    0.036561690270900726,
                    0.04387394338846207
                ],
                [
                    0,
                    0,
                    0,
                    1
                ]
            ]
        },
        {
            "file_path": "004.png",
            "transform_matrix": [
                [
                    0.8666072487831116,
                    0.036924321204423904,
                    -0.49762284755706787,
                    -0.5971474051475525
                ],
                [
                    -0.49899089336395264,
                    0.0641271322965622,
                    -0.8642314076423645,
                    -1.0370776653289795
                ],
                [
                    6.405377561691239e-09,
                    0.9972584843635559,
                    0.07399792969226837,
                    0.08879759162664413
                ],
                [
                    0,
                    0,
                    0,
                    1
                ]
            ]
        },
        {
            "file_path": "005.png",
            "transform_matrix": [
                [
                    0.9060996770858765,
                    0.16206976771354675,
                    -0.3907899260520935,
                    -0.4689479172229767
                ],
                [
                    -0.423064261674881,
                    0.3471136689186096,
                    -0.8369759321212769,
                    -1.004371166229248
                ],
                [
                    2.230131812552827e-08,
                    0.9237128496170044,
                    0.3830855190753937,
                    0.45970261096954346
                ],
                [
                    0,
                    0,
                    0,
                    1
                ]
            ]
        }
    ]
}