{
    "camera_angle_x": 0.8575560450553894,
    "aabb": [
        [
            -0.35,
            -0.35,
            -0.35
        ],
        [
            0.35,
            0.35,
            0.35
        ]
    ],
    "frames": [
        {
            "file_path": "000.png",
            "transform_matrix": [
                [
                    0.9902350306510925,
                    -0.061031244695186615,
                    0.12533871829509735,
                    0.15040643513202667
                ],
                [
                    0.13940805196762085,
                    0.43351343274116516,
                    -0.8902986645698547,
                    -1.068358302116394
                ],
                [
                    -9.467855832667738e-09,
                    0.8990781903266907,
                    0.4377884268760681,
                    0.5253461599349976
                ],
                [
                    0,
                    0,
                    0,
                    1
                ]
            ]
        },
        {
            "file_path": "001.png",
            "transform_matrix": [
                [
                    -0.35731080174446106,
                    -0.36843904852867126,
                    0.858243465423584,
                    1.029892086982727
                ],
                [
                    0.9339856505393982,
                    -0.14095216989517212,
                    0.32833439111709595,
                    0.3940012753009796
                ],
                [
                    4.745606574374506e-09,
                    0.9189044237136841,
                    0.3944803774356842,
                    0.4733765125274658
                ],
                [
                    0,
                    0,
                    0,
                    1
                ]
            ]
        },
        {
            "file_path": "002.png",
            "transform_matrix": [
                [
                    -0.32172733545303345,
                    -0.3930915296077728,
                    0.8613771200180054,
                    1.0336525440216064
                ],
                [
                    0.9468323588371277,
                    -0.1335698515176773,
                    0.292690247297287,
                    0.3512282967567444
                ],
                [
                    -2.634651963262513e-08,
                    0.9097461700439453,
                    0.41516485810279846,
                    0.49819788336753845
                ],
                [
                    0,
                    0,
                    0,
                    1
                ]
            ]
        },
        {
            "file_path": "003.png",
            "transform_matrix": [
                [
                    0.7707698345184326,
                    -0.08290201425552368,
                    0.6316970586776733,
                    0.7580364942550659
                ],
                [
                    0.6371136903762817,
                    0.10029348731040955,
                    -0.7642168402671814,
                    -0.9170601963996887
                ],
                [
                    -1.5948558029776905e-09,
                    0.9914981126785278,
                    0.13012120127677917,
                    0.15614542365074158
                ],
                [
                    0,
                    0,
                    0,
                    1
                ]
            ]
        },
        {
            "file_path": "004.png",
            "transform_matrix": [
                [
                    0.06448449939489365,
                    0.33727791905403137,
                    -0.9391940236091614,
                    -1.12703275680542
                ],
                [
                    -0.9979187846183777,
                    0.02179446816444397,
                    -0.06068984791636467,
                    -0.07282780110836029
                ],
                [
                    -5.2697327390660575e-08,
                    0.9411528706550598,
                    0.33798131346702576,
                    0.405577689409256
                ],
                [
                    0,
                    0,
                    0,
                    1
                ]
            ]
        },
        {
            "file_path": "005.png",
            "transform_matrix": [
                [
                    -0.3086516559123993,
                    -0.11961345374584198,
                    0.9436244368553162,
                    1.1323492527008057
                ],
                [
                    0.951175332069397,
                    -0.03881402686238289,
                    0.306201308965683,
                    0.36744165420532227
                ],
                [
                    -4.3746233302499604e-08,
                    0.9920616745948792,
                    0.12575320899486542,
                    0.15090411901474
                ],
                [
                    0,
                    0,
                    0,
                    1
                ]
            ]
        }
    ]
}