{
    "camera_angle_x": 0.8575560450553894,
    "aabb": [
        [
            -0.35,
            -0.35,
            -0.35
        ],
        [
            0.35,
            0.35,
            0.35
        ]
    ],
    "frames": [
        {
            "file_path": "000.png",
            "transform_matrix": [
                [
                    -0.45591485500335693,
                    0.29731565713882446,
                    -0.838895320892334,
                    -1.0066742897033691
                ],
                [
                    -0.8900235295295715,
                    -0.15230001509189606,
                    0.4297243356704712,
                    0.5156691670417786
                ],
                [
                    7.108499744390429e-08,
                    0.9425541758537292,
                    0.33405357599258423,
                    0.40086448192596436
                ],
                [
                    0,
                    0,
                    0,
                    1
                ]
            ]
        },
        {
            "file_path": "001.png",
            "transform_matrix": [
                [
                    -0.061075400561094284,
                    -0.43973520398139954,
                    0.8960484266281128,
                    1.0752581357955933
                ],
                [
                    0.9981331825256348,
                    -0.02690722420811653,
                    0.05482886731624603,
                    0.06579457968473434
                ],
                [
                    -2.315334413083292e-08,
                    0.8977243304252625,
                    0.4405576288700104,
                    0.5286691188812256
                ],
                [
                    0,
                    0,
                    0,
                    1
                ]
            ]
        },
        {
            "file_path": "002.png",
            "transform_matrix": [
                [
                    0.2204144299030304,
                    -0.3244578540325165,
                    0.9198612570762634,
                    1.1038334369659424
                ],
                [
                    0.9754064083099365,
                    0.07331828027963638,
                    -0.20786286890506744,
                    -0.24943552911281586
                ],
                [
                    2.396924259073785e-08,
                    0.9430544376373291,
                    0.33263859152793884,
                    0.39916640520095825
                ],
                [
                    0,
                    0,
                    0,
                    1
                ]
            ]
        },
        {
            "file_path": "003.png",
            "transform_matrix": [
                [
                    -0.7256686091423035,
                    0.029208755120635033,
                    -0.6874241232872009,
                    -0.824908971786499
                ],
                [
                    -0.6880443692207336,
                    -0.030805984511971474,
                    0.7250144481658936,
                    0.8700173497200012
                ],
                [
                    -9.031740688669743e-09,
                    0.999098539352417,
                    0.04245186224579811,
                    0.05094221979379654
                ],
                [
                    0,
                    0,
                    0,
                    1
                ]
            ]
        },
        {
            "file_path": "004.png",
            "transform_matrix": [
                [
                    -0.5446376204490662,
                    -0.170515239238739,
                    0.8211544752120972,
                    0.9853853583335876
                ],
                [
                    0.8386716246604919,
                    -0.1107335239648819,
                    0.533261775970459,
                    0.6399141550064087
                ],
                [
                    -1.9554917685127293e-09,
                    0.9791132807731628,
                    0.20331577956676483,
                    0.2439790815114975
                ],
                [
                    0,
                    0,
                    0,
                    1
                ]
            ]
        },
        {
            "file_path": "005.png",
            "transform_matrix": [
                [
                    -0.9924219846725464,
                    -0.006183603312820196,
                    0.12272129952907562,
                    0.14726556837558746
                ],
                [
                    0.12287698686122894,
                    -0.049942195415496826,
                    0.99116450548172,
                    1.1893974542617798
                ],
                [
                    2.5889823618285845e-10,
                    0.9987329840660095,
                    0.05032350495457649,
                    0.0603882297873497
                ],
                [
                    0,
                    0,
                    0,
                    1
                ]
            ]
        }
    ]
}