{
    "camera_angle_x": 0.8575560450553894,
    "aabb": [
        [
            -0.35,
            -0.35,
            -0.35
        ],
        [
            0.35,
            0.35,
            0.35
        ]
    ],
    "frames": [
        {
            "file_path": "000.png",
            "transform_matrix": [
                [
                    0.34262704849243164,
                    -0.2671077847480774,
                    0.9006998538970947,
                    1.08083975315094
                ],
                [
                    0.9394715428352356,
                    0.09741470962762833,
                    -0.32848697900772095,
                    -0.3941844403743744
                ],
                [
                    -3.076441856819656e-08,
                    0.9587303400039673,
                    0.2843170166015625,
                    0.3411805331707001
                ],
                [
                    0,
                    0,
                    0,
                    1
                ]
            ]
        },
        {
            "file_path": "001.png",
            "transform_matrix": [
                [
                    -0.991905152797699,
                    0.013498526066541672,
                    -0.12626169621944427,
                    -0.15151403844356537
                ],
                [
                    -0.1269812136888504,
                    -0.10544278472661972,
                    0.9862847328186035,
                    1.1835417747497559
                ],
                [
                    5.2279771622920634e-09,
                    0.9943337440490723,
                    0.10630328953266144,
                    0.12756399810314178
                ],
                [
                    0,
                    0,
                    0,
                    1
                ]
            ]
        },
        {
            "file_path": "002.png",
            "transform_matrix": [
                [
                    0.05215328186750412,
                    0.3459453284740448,
                    -0.9368041157722473,
                    -1.1241649389266968
                ],
                [
                    -0.9986391067504883,
                    0.01806679554283619,
                    -0.04892401024699211,
                    -0.058708835393190384
                ],
                [
                    5.708150752070651e-08,
                    0.9380807876586914,
                    0.346416711807251,
                    0.41570013761520386
                ],
                [
                    0,
                    0,
                    0,
                    1
                ]
            ]
        },
        {
            "file_path": "003.png",
            "transform_matrix": [
                [
                    0.7346546053886414,
                    -0.179835245013237,
                    0.6541726589202881,
                    0.7850072979927063
                ],
                [
                    0.6784412860870361,
                    0.19473578035831451,
                    -0.7083751559257507,
                    -0.8500502109527588
                ],
                [
                    -7.555092551569942e-09,
                    0.9642288684844971,
                    0.26507121324539185,
                    0.31808531284332275
                ],
                [
                    0,
                    0,
                    0,
                    1
                ]
            ]
        },
        {
            "file_path": "004.png",
            "transform_matrix": [
                [
                    -0.6718212366104126,
                    -0.17149347066879272,
                    0.7205874919891357,
                    0.864704966545105
                ],
                [
                    0.740713357925415,
                    -0.1555432677268982,
                    0.6535671949386597,
                    0.7842805981636047
                ],
                [
                    1.8390267086942913e-09,
                    0.9728290438652039,
                    0.23152470588684082,
                    0.27782976627349854
                ],
                [
                    0,
                    0,
                    0,
                    1
                ]
            ]
        },
        {
            "file_path": "005.png",
            "transform_matrix": [
                [
                    -0.352110892534256,
                    0.42363813519477844,
                    -0.8345950245857239,
                    -1.001513957977295
                ],
                [
                    -0.9359583854675293,
                    -0.1593741625547409,
                    0.31397759914398193,
                    0.3767731487751007
                ],
                [
                    5.685794945975431e-08,
                    0.8917010426521301,
                    0.45262494683265686,
                    0.5431501269340515
                ],
                [
                    0,
                    0,
                    0,
                    1
                ]
            ]
        }
    ]
}