{
    "camera_angle_x": 0.8575560450553894,
    "aabb": [
        [
            -0.35,
            -0.35,
            -0.35
        ],
        [
            0.35,
            0.35,
            0.35
        ]
    ],
    "frames": [
        {
            "file_path": "000.png",
            "transform_matrix": [
                [
                    -0.22686728835105896,
                    0.44989868998527527,
                    -0.8637838959693909,
                    -1.0365406274795532
                ],
                [
                    -0.973925769329071,
                    -0.10479986667633057,
                    0.20121067762374878,
                    0.24145284295082092
                ],
                [
                    5.2314035769995826e-08,
                    0.8869094252586365,
                    0.4619434177875519,
                    0.5543321371078491
                ],
                [
                    0,
                    0,
                    0,
                    1
                ]
            ]
        },
        {
            "file_path": "001.png",
            "transform_matrix": [
                [
                    0.9773070216178894,
                    -0.08123987913131714,
                    0.1956299990415573,
                    0.2347559928894043
                ],
                [
                    0.21182779967784882,
                    0.3748152256011963,
                    -0.9025754928588867,
                    -1.0830905437469482
                ],
                [
                    1.0362710689548749e-08,
                    0.9235332608222961,
                    0.38351842761039734,
                    0.4602222740650177
                ],
                [
                    0,
                    0,
                    0,
                    1
                ]
            ]
        },
        {
            "file_path": "002.png",
            "transform_matrix": [
                [
                    0.9877384305000305,
                    0.025431018322706223,
                    -0.15403275191783905,
                    -0.18483924865722656
                ],
                [
                    -0.1561179906129837,
                    0.16089853644371033,
                    -0.9745457172393799,
                    -1.169454574584961
                ],
                [
                    1.6792149892808084e-09,
                    0.9866434931755066,
                    0.16289590299129486,
                    0.19547541439533234
                ],
                [
                    0,
                    0,
                    0,
                    1
                ]
            ]
        },
        {
            "file_path": "003.png",
            "transform_matrix": [
                [
                    0.9999327063560486,
                    -0.004540295340120792,
                    0.010673590935766697,
                    0.012808308936655521
                ],
                [
                    0.011599129997193813,
                    0.39140772819519043,
                    -0.920144259929657,
                    -1.104173183441162
                ],
                [
                    -6.726030843395847e-11,
                    0.9202061891555786,
                    0.39143407344818115,
                    0.4697209894657135
                ],
                [
                    0,
                    0,
                    0,
                    1
                ]
            ]
        },
        {
            "file_path": "004.png",
            "transform_matrix": [
                [
                    0.30659613013267517,
                    0.09295173734426498,
                    -0.9472902417182922,
                    -1.1367483139038086
                ],
                [
                    -0.9518397450447083,
                    0.029940512031316757,
                    -0.3051307499408722,
                    -0.3661569058895111
                ],
                [
                    -5.486812071353597e-08,
                    0.9952203631401062,
                    0.0976547822356224,
                    0.11718574166297913
                ],
                [
                    0,
                    0,
                    0,
                    1
                ]
            ]
        },
        {
            "file_path": "005.png",
            "transform_matrix": [
                [
                    0.6832981705665588,
                    0.05505358800292015,
                    -0.7280609607696533,
                    -0.873673141002655
                ],
                [
                    -0.7301394939422607,
                    0.05152164027094841,
                    -0.6813530325889587,
                    -0.8176236748695374
                ],
                [
                    5.223341204008136e-10,
                    0.9971532821655273,
                    0.0754014253616333,
                    0.09048185497522354
                ],
                [
                    0,
                    0,
                    0,
                    1
                ]
            ]
        }
    ]
}