{
    "camera_angle_x": 0.8575560450553894,
    "aabb": [
        [
            -0.35,
            -0.35,
            -0.35
        ],
        [
            0.35,
            0.35,
            0.35
        ]
    ],
    "frames": [
        {
            "file_path": "000.png",
            "transform_matrix": [
                [
                    -0.9490017294883728,
                    -0.11457540094852448,
                    0.29371437430381775,
                    0.3524572551250458
                ],
                [
                    0.3152707815170288,
                    -0.34488531947135925,
                    0.8841145038604736,
                    1.0609374046325684
                ],
                [
                    8.996714484510449e-10,
                    0.9316257834434509,
                    0.3634190559387207,
                    0.4361029267311096
                ],
                [
                    0,
                    0,
                    0,
                    1
                ]
            ]
        },
        {
            "file_path": "001.png",
            "transform_matrix": [
                [
                    -0.6540220379829407,
                    0.35413888096809387,
                    -0.6684615612030029,
                    -0.8021538853645325
                ],
                [
                    -0.7564755082130432,
                    -0.30617600679397583,
                    0.5779283046722412,
                    0.6935139298439026
                ],
                [
                    4.202849623879956e-09,
                    0.8836526274681091,
                    0.4681432247161865,
                    0.5617718696594238
                ],
                [
                    0,
                    0,
                    0,
                    1
                ]
            ]
        },
        {
            "file_path": "002.png",
            "transform_matrix": [
                [
                    -0.8309402465820312,
                    0.1345362812280655,
                    -0.5398507714271545,
                    -0.6478208899497986
                ],
                [
                    -0.5563621520996094,
                    -0.2009332776069641,
                    0.8062799572944641,
                    0.9675357937812805
                ],
                [
                    1.2899697310331248e-08,
                    0.9703227281570435,
                    0.24181409180164337,
                    0.2901771664619446
                ],
                [
                    0,
                    0,
                    0,
                    1
                ]
            ]
        },
        {
            "file_path": "003.png",
            "transform_matrix": [
                [
                    -0.6012118458747864,
                    -0.015629971399903297,
                    0.7989369630813599,
                    0.9587242603302002
                ],
                [
                    0.7990898489952087,
                    -0.011759660206735134,
                    0.6010967493057251,
                    0.7213160991668701
                ],
                [
                    3.0594840438880055e-08,
                    0.9998087882995605,
                    0.019559651613235474,
                    0.023471789434552193
                ],
                [
                    0,
                    0,
                    0,
                    1
                ]
            ]
        },
        {
            "file_path": "004.png",
            "transform_matrix": [
                [
                    0.6553394794464111,
                    -0.2739255726337433,
                    0.7039140462875366,
                    0.8446968197822571
                ],
                [
                    0.7553344964981079,
                    0.23766188323497772,
                    -0.6107264161109924,
                    -0.7328716516494751
                ],
                [
                    9.852993088088624e-09,
                    0.9319236278533936,
                    0.3626546263694763,
                    0.43518567085266113
                ],
                [
                    0,
                    0,
                    0,
                    1
                ]
            ]
        },
        {
            "file_path": "005.png",
            "transform_matrix": [
                [
                    0.8338267803192139,
                    0.06870348751544952,
                    -0.5477342009544373,
                    -0.6572810411453247
                ],
                [
                    -0.5520262122154236,
                    0.1037755236029625,
                    -0.8273438215255737,
                    -0.9928125739097595
                ],
                [
                    1.2081924793960752e-08,
                    0.9922250509262085,
                    0.12445693463087082,
                    0.1493484526872635
                ],
                [
                    0,
                    0,
                    0,
                    1
                ]
            ]
        }
    ]
}