{
    "camera_angle_x": 0.8575560450553894,
    "aabb": [
        [
            -0.35,
            -0.35,
            -0.35
        ],
        [
            0.35,
            0.35,
            0.35
        ]
    ],
    "frames": [
        {
            "file_path": "000.png",
            "transform_matrix": [
                [
                    -0.8943501114845276,
                    -0.08070671558380127,
                    0.44002798199653625,
                    0.5280335545539856
                ],
                [
                    0.4473680853843689,
                    -0.16134387254714966,
                    0.8796761631965637,
                    1.0556113719940186
                ],
                [
                    1.0714668263744898e-08,
                    0.9835928082466125,
                    0.18040335178375244,
                    0.2164841741323471
                ],
                [
                    0,
                    0,
                    0,
                    1
                ]
            ]
        },
        {
            "file_path": "001.png",
            "transform_matrix": [
                [
                    0.8918352127075195,
                    -0.14055994153022766,
                    0.42996838688850403,
                    0.5159621238708496
                ],
                [
                    0.4523603916168213,
                    0.2771161198616028,
                    -0.8476890921592712,
                    -1.0172269344329834
                ],
                [
                    -4.587142043988024e-08,
                    0.9504996538162231,
                    0.3107256591320038,
                    0.3728707730770111
                ],
                [
                    0,
                    0,
                    0,
                    1
                ]
            ]
        },
        {
            "file_path": "002.png",
            "transform_matrix": [
                [
                    -0.9976720809936523,
                    -0.026706883683800697,
                    0.06274909526109695,
                    0.07529890537261963
                ],
                [
                    0.06819608807563782,
                    -0.39070746302604675,
                    0.9179853796958923,
                    1.101582407951355
                ],
                [
                    4.869324499168215e-09,
                    0.9201275110244751,
                    0.3916190564632416,
                    0.4699428975582123
                ],
                [
                    0,
                    0,
                    0,
                    1
                ]
            ]
        },
        {
            "file_path": "003.png",
            "transform_matrix": [
                [
                    -0.8955362439155579,
                    0.008457852527499199,
                    -0.44490817189216614,
                    -0.5338897705078125
                ],
                [
                    -0.44498854875564575,
                    -0.017021331936120987,
                    0.8953744769096375,
                    1.0744494199752808
                ],
                [
                    1.627102896861743e-08,
                    0.9998193383216858,
                    0.019006863236427307,
                    0.022808238863945007
                ],
                [
                    0,
                    0,
                    0,
                    1
                ]
            ]
        },
        {
            "file_path": "004.png",
            "transform_matrix": [
                [
                    -0.791556179523468,
                    -0.24870111048221588,
                    0.5581995844841003,
                    0.6698395013809204
                ],
                [
                    0.6110965609550476,
                    -0.3221437633037567,
                    0.7230384349822998,
                    0.8676460385322571
                ],
                [
                    2.1305627484480283e-08,
                    0.9134392738342285,
                    0.4069751501083374,
                    0.48837026953697205
                ],
                [
                    0,
                    0,
                    0,
                    1
                ]
            ]
        },
        {
            "file_path": "005.png",
            "transform_matrix": [
                [
                    0.39915382862091064,
                    0.3200356662273407,
                    -0.8592167496681213,
                    -1.0310600996017456
                ],
                [
                    -0.9168840050697327,
                    0.13932344317436218,
                    -0.3740491569042206,
                    -0.44885897636413574
                ],
                [
                    -1.9234384751598554e-08,
                    0.9371052384376526,
                    0.3490470349788666,
                    0.4188566505908966
                ],
                [
                    0,
                    0,
                    0,
                    1
                ]
            ]
        }
    ]
}