{
    "camera_angle_x": 0.8575560450553894,
    "aabb": [
        [
            -0.35,
            -0.35,
            -0.35
        ],
        [
            0.35,
            0.35,
            0.35
        ]
    ],
    "frames": [
        {
            "file_path": "000.png",
            "transform_matrix": [
                [
                    0.9109712839126587,
                    -0.17579925060272217,
                    0.3731299936771393,
                    0.4477560222148895
                ],
                [
                    0.4124698340892792,
                    0.38826611638069153,
                    -0.8240861296653748,
                    -0.9889035224914551
                ],
                [
                    1.0033748054638636e-08,
                    0.9046236872673035,
                    0.4262111783027649,
                    0.5114533305168152
                ],
                [
                    0,
                    0,
                    0,
                    1
                ]
            ]
        },
        {
            "file_path": "001.png",
            "transform_matrix": [
                [
                    0.9943065047264099,
                    -0.011771281249821186,
                    0.10590572655200958,
                    0.12708687782287598
                ],
                [
                    0.10655789822340012,
                    0.10983948409557343,
                    -0.9882209897041321,
                    -1.1858652830123901
                ],
                [
                    -6.3830882801596545e-09,
                    0.9938796758651733,
                    0.11046843975782394,
                    0.1325620710849762
                ],
                [
                    0,
                    0,
                    0,
                    1
                ]
            ]
        },
        {
            "file_path": "002.png",
            "transform_matrix": [
                [
                    -0.8826925754547119,
                    0.047579992562532425,
                    -0.46753647923469543,
                    -0.5610437393188477
                ],
                [
                    -0.4699513018131256,
                    -0.08936789631843567,
                    0.878156840801239,
                    1.0537880659103394
                ],
                [
                    -9.415650481514604e-09,
                    0.9948616623878479,
                    0.10124443471431732,
                    0.12149349600076675
                ],
                [
                    0,
                    0,
                    0,
                    1
                ]
            ]
        },
        {
            "file_path": "003.png",
            "transform_matrix": [
                [
                    0.9469638466835022,
                    0.028954820707440376,
                    -0.32003289461135864,
                    -0.3840395212173462
                ],
                [
                    -0.32134008407592773,
                    0.08532756567001343,
                    -0.9431117177009583,
                    -1.1317341327667236
                ],
                [
                    -5.876469089116654e-09,
                    0.9959321022033691,
                    0.09010647237300873,
                    0.1081278845667839
                ],
                [
                    0,
                    0,
                    0,
                    1
                ]
            ]
        },
        {
            "file_path": "004.png",
            "transform_matrix": [
                [
                    0.8890440464019775,
                    0.10920576751232147,
                    -0.44460633397102356,
                    -0.5335276126861572
                ],
                [
                    -0.45782169699668884,
                    0.21206659078598022,
                    -0.8633812069892883,
                    -1.036057472229004
                ],
                [
                    -3.7095347238391696e-08,
                    0.97113436460495,
                    0.23853330314159393,
                    0.2862400710582733
                ],
                [
                    0,
                    0,
                    0,
                    1
                ]
            ]
        },
        {
            "file_path": "005.png",
            "transform_matrix": [
                [
                    0.8173864483833313,
                    -0.24907271564006805,
                    0.5194634199142456,
                    0.6233561038970947
                ],
                [
                    0.5760897994041443,
                    0.3533974587917328,
                    -0.7370419502258301,
                    -0.884450376033783
                ],
                [
                    -1.56695723063649e-08,
                    0.9017056226730347,
                    0.4323505163192749,
                    0.518820583820343
                ],
                [
                    0,
                    0,
                    0,
                    1
                ]
            ]
        }
    ]
}