{
    "camera_angle_x": 0.8575560450553894,
    "aabb": [
        [
            -0.35,
            -0.35,
            -0.35
        ],
        [
            0.35,
            0.35,
            0.35
        ]
    ],
    "frames": [
        {
            "file_path": "000.png",
            "transform_matrix": [
                [
                    0.7991316914558411,
                    0.0007124867988750339,
                    -0.6011556386947632,
                    -0.7213867902755737
                ],
                [
                    -0.6011560559272766,
                    0.0009471225785091519,
                    -0.7991311550140381,
                    -0.9589573740959167
                ],
                [
                    2.380112462674333e-08,
                    0.9999993443489075,
                    0.0011851827148348093,
                    0.0014221807941794395
                ],
                [
                    0,
                    0,
                    0,
                    1
                ]
            ]
        },
        {
            "file_path": "001.png",
            "transform_matrix": [
                [
                    0.891185462474823,
                    -0.15615199506282806,
                    0.4259167015552521,
                    0.5111000537872314
                ],
                [
                    0.4536391496658325,
                    0.30676448345184326,
                    -0.836724042892456,
                    -1.0040688514709473
                ],
                [
                    -3.991287300664226e-09,
                    0.9388887882232666,
                    0.34422069787979126,
                    0.4130649268627167
                ],
                [
                    0,
                    0,
                    0,
                    1
                ]
            ]
        },
        {
            "file_path": "002.png",
            "transform_matrix": [
                [
                    -0.9455475807189941,
                    -0.0819225162267685,
                    0.3150058090686798,
                    0.3780069649219513
                ],
                [
                    0.32548418641090393,
                    -0.23798906803131104,
                    0.9151073098182678,
                    1.0981287956237793
                ],
                [
                    2.541541022083038e-08,
                    0.9678068161010742,
                    0.25169435143470764,
                    0.3020332455635071
                ],
                [
                    0,
                    0,
                    0,
                    1
                ]
            ]
        },
        {
            "file_path": "003.png",
            "transform_matrix": [
                [
                    -0.3880797326564789,
                    0.34912553429603577,
                    -0.8529393672943115,
                    -1.0235272645950317
                ],
                [
                    -0.9216258525848389,
                    -0.1470104157924652,
                    0.3591570556163788,
                    0.43098846077919006
                ],
                [
                    -3.43371517885771e-08,
                    0.9254724979400635,
                    0.37881481647491455,
                    0.45457786321640015
                ],
                [
                    0,
                    0,
                    0,
                    1
                ]
            ]
        },
        {
            "file_path": "004.png",
            "transform_matrix": [
                [
                    -0.6802632212638855,
                    0.15631245076656342,
                    -0.7161065340042114,
                    -0.8593277335166931
                ],
                [
                    -0.7329680323600769,
                    -0.14507260918617249,
                    0.6646140813827515,
                    0.7975369095802307
                ],
                [
                    4.8345750514044994e-08,
                    0.9769956469535828,
                    0.2132595032453537,
                    0.25591158866882324
                ],
                [
                    0,
                    0,
                    0,
                    1
                ]
            ]
        },
        {
            "file_path": "005.png",
            "transform_matrix": [
                [
                    -0.8566404581069946,
                    0.09625929594039917,
                    -0.5068544149398804,
                    -0.608225405216217
                ],
                [
                    -0.5159140229225159,
                    -0.159832164645195,
                    0.8415976166725159,
                    1.009917140007019
                ],
                [
                    -2.718513947286283e-08,
                    0.9824398159980774,
                    0.1865801066160202,
                    0.22389616072177887
                ],
                [
                    0,
                    0,
                    0,
                    1
                ]
            ]
        }
    ]
}