{
    "camera_angle_x": 0.8575560450553894,
    "aabb": [
        [
            -0.35,
            -0.35,
            -0.35
        ],
        [
            0.35,
            0.35,
            0.35
        ]
    ],
    "frames": [
        {
            "file_path": "000.png",
            "transform_matrix": [
                [
                    0.5218931436538696,
                    -0.22809869050979614,
                    0.8219480514526367,
                    0.9863375425338745
                ],
                [
                    0.853010892868042,
                    0.13955627381801605,
                    -0.5028882622718811,
                    -0.6034658551216125
                ],
                [
                    6.379475792073208e-08,
                    0.9635845422744751,
                    0.26740407943725586,
                    0.3208851218223572
                ],
                [
                    0,
                    0,
                    0,
                    1
                ]
            ]
        },
        {
            "file_path": "001.png",
            "transform_matrix": [
                [
                    0.6710124015808105,
                    -0.2849701941013336,
                    0.6844956874847412,
                    0.8213948011398315
                ],
                [
                    0.7414461374282837,
                    0.25789934396743774,
                    -0.619472086429596,
                    -0.743366539478302
                ],
                [
                    4.62422420355324e-08,
                    0.9231901168823242,
                    0.384343683719635,
                    0.46121248602867126
                ],
                [
                    0,
                    0,
                    0,
                    1
                ]
            ]
        },
        {
            "file_path": "002.png",
            "transform_matrix": [
                [
                    -0.5148831605911255,
                    0.40016818046569824,
                    -0.7581300139427185,
                    -0.9097558856010437
                ],
                [
                    -0.857260525226593,
                    -0.24034684896469116,
                    0.4553438425064087,
                    0.5464125871658325
                ],
                [
                    4.472231651675429e-08,
                    0.8843636512756348,
                    0.46679869294166565,
                    0.5601584911346436
                ],
                [
                    0,
                    0,
                    0,
                    1
                ]
            ]
        },
        {
            "file_path": "003.png",
            "transform_matrix": [
                [
                    -0.5950706005096436,
                    -0.08265566825866699,
                    0.7994117736816406,
                    0.9592940807342529
                ],
                [
                    0.8036735653877258,
                    -0.06120157241821289,
                    0.5919149518013,
                    0.7102979421615601
                ],
                [
                    8.979021970390022e-08,
                    0.9946972131729126,
                    0.10284734517335892,
                    0.12341687083244324
                ],
                [
                    0,
                    0,
                    0,
                    1
                ]
            ]
        },
        {
            "file_path": "004.png",
            "transform_matrix": [
                [
                    -0.6938618421554565,
                    0.3290339708328247,
                    -0.6405406594276428,
                    -0.7686488032341003
                ],
                [
                    -0.7201080918312073,
                    -0.31704145669937134,
                    0.6171944737434387,
                    0.7406333684921265
                ],
                [
                    -3.580208129960738e-09,
                    0.8895062208175659,
                    0.4569230079650879,
                    0.5483077168464661
                ],
                [
                    0,
                    0,
                    0,
                    1
                ]
            ]
        },
        {
            "file_path": "005.png",
            "transform_matrix": [
                [
                    0.8166375160217285,
                    0.19659118354320526,
                    -0.5426371693611145,
                    -0.6511645317077637
                ],
                [
                    -0.5771508812904358,
                    0.27816587686538696,
                    -0.7678024768829346,
                    -0.9213629364967346
                ],
                [
                    -3.2562063267960184e-08,
                    0.9401998519897461,
                    0.3406234681606293,
                    0.4087482988834381
                ],
                [
                    0,
                    0,
                    0,
                    1
                ]
            ]
        }
    ]
}