{
    "camera_angle_x": 0.8575560450553894,
    "aabb": [
        [
            -0.35,
            -0.35,
            -0.35
        ],
        [
            0.35,
            0.35,
            0.35
        ]
    ],
    "frames": [
        {
            "file_path": "000.png",
            "transform_matrix": [
                [
                    0.138783261179924,
                    0.0756664052605629,
                    -0.9874280691146851,
                    -1.1849133968353271
                ],
                [
                    -0.990323007106781,
                    0.010603620670735836,
                    -0.1383778154850006,
                    -0.16605336964130402
                ],
                [
                    8.37422220456574e-09,
                    0.9970770478248596,
                    0.07640555500984192,
                    0.0916869044303894
                ],
                [
                    0,
                    0,
                    0,
                    1
                ]
            ]
        },
        {
            "file_path": "001.png",
            "transform_matrix": [
                [
                    -0.24700568616390228,
                    -0.2999827265739441,
                    0.9214112758636475,
                    1.1056934595108032
                ],
                [
                    0.9690141081809998,
                    -0.07646676152944565,
                    0.2348714917898178,
                    0.2818458676338196
                ],
                [
                    -1.1283483303259345e-07,
                    0.9508750438690186,
                    0.3095751106739044,
                    0.3714902102947235
                ],
                [
                    0,
                    0,
                    0,
                    1
                ]
            ]
        },
        {
            "file_path": "002.png",
            "transform_matrix": [
                [
                    0.8803148865699768,
                    0.22327351570129395,
                    -0.418562650680542,
                    -0.5022751092910767
                ],
                [
                    -0.4743898808956146,
                    0.4143235981464386,
                    -0.7767176032066345,
                    -0.9320610761642456
                ],
                [
                    -6.00253713400889e-08,
                    0.8823179602622986,
                    0.4706539213657379,
                    0.5647848844528198
                ],
                [
                    0,
                    0,
                    0,
                    1
                ]
            ]
        },
        {
            "file_path": "003.png",
            "transform_matrix": [
                [
                    0.6938233971595764,
                    0.3176932632923126,
                    -0.6462817192077637,
                    -0.7755380868911743
                ],
                [
                    -0.7201451659202576,
                    0.3060813546180725,
                    -0.6226597428321838,
                    -0.7471917271614075
                ],
                [
                    -4.858717872480156e-09,
                    0.8974325656890869,
                    0.4411516785621643,
                    0.529382050037384
                ],
                [
                    0,
                    0,
                    0,
                    1
                ]
            ]
        },
        {
            "file_path": "004.png",
            "transform_matrix": [
                [
                    -0.14845269918441772,
                    0.2521202266216278,
                    -0.9562411904335022,
                    -1.1474894285202026
                ],
                [
                    -0.9889194965362549,
                    -0.0378473661839962,
                    0.1435471475124359,
                    0.17225661873817444
                ],
                [
                    -6.585855061302937e-08,
                    0.9669555425643921,
                    0.25494512915611267,
                    0.3059341013431549
                ],
                [
                    0,
                    0,
                    0,
                    1
                ]
            ]
        },
        {
            "file_path": "005.png",
            "transform_matrix": [
                [
                    -0.8450753688812256,
                    -0.25991934537887573,
                    0.46721503138542175,
                    0.5606580376625061
                ],
                [
                    0.534647524356842,
                    -0.4108342230319977,
                    0.7384900450706482,
                    0.8861880302429199
                ],
                [
                    2.9826271230604107e-08,
                    0.8738749623298645,
                    0.486150860786438,
                    0.5833810567855835
                ],
                [
                    0,
                    0,
                    0,
                    1
                ]
            ]
        }
    ]
}