{
    "camera_angle_x": 0.8575560450553894,
    "aabb": [
        [
            -0.35,
            -0.35,
            -0.35
        ],
        [
            0.35,
            0.35,
            0.35
        ]
    ],
    "frames": [
        {
            "file_path": "000.png",
            "transform_matrix": [
                [
                    -0.5726485252380371,
                    0.31766390800476074,
                    -0.7557534575462341,
                    -0.9069041609764099
                ],
                [
                    -0.8198009729385376,
                    -0.2218950241804123,
                    0.5279099941253662,
                    0.6334919929504395
                ],
                [
                    2.2461506432591705e-08,
                    0.9218743443489075,
                    0.3874890208244324,
                    0.4649868309497833
                ],
                [
                    0,
                    0,
                    0,
                    1
                ]
            ]
        },
        {
            "file_path": "001.png",
            "transform_matrix": [
                [
                    -0.037791844457387924,
                    -0.43962639570236206,
                    0.8973853588104248,
                    1.0768624544143677
                ],
                [
                    0.9992856979370117,
                    -0.016626231372356415,
                    0.033938027918338776,
                    0.04072566330432892
                ],
                [
                    3.936765935463882e-08,
                    0.8980268836021423,
                    0.43994060158729553,
                    0.5279288291931152
                ],
                [
                    0,
                    0,
                    0,
                    1
                ]
            ]
        },
        {
            "file_path": "002.png",
            "transform_matrix": [
                [
                    -0.985183835029602,
                    0.057476527988910675,
                    -0.16158385574817657,
                    -0.19390060007572174
                ],
                [
                    -0.17150187492370605,
                    -0.33017098903656006,
                    0.9282102584838867,
                    1.1138522624969482
                ],
                [
                    1.089281465027625e-08,
                    0.9421696662902832,
                    0.335136353969574,
                    0.4021637737751007
                ],
                [
                    0,
                    0,
                    0,
                    1
                ]
            ]
        },
        {
            "file_path": "003.png",
            "transform_matrix": [
                [
                    0.7235932946205139,
                    -0.007279285695403814,
                    0.6901882290840149,
                    0.8282257914543152
                ],
                [
                    0.6902266144752502,
                    0.007631026674062014,
                    -0.7235531210899353,
                    -0.8682637810707092
                ],
                [
                    4.027819855423331e-08,
                    0.9999445080757141,
                    0.010546090081334114,
                    0.012655566446483135
                ],
                [
                    0,
                    0,
                    0,
                    1
                ]
            ]
        },
        {
            "file_path": "004.png",
            "transform_matrix": [
                [
                    0.9938626289367676,
                    0.051260363310575485,
                    -0.09802797436714172,
                    -0.11763357371091843
                ],
                [
                    -0.11062145978212357,
                    0.46054133772850037,
                    -0.8807182908058167,
                    -1.0568618774414062
                ],
                [
                    6.469693669686194e-10,
                    0.8861569762229919,
                    0.46338531374931335,
                    0.5560624599456787
                ],
                [
                    0,
                    0,
                    0,
                    1
                ]
            ]
        },
        {
            "file_path": "005.png",
            "transform_matrix": [
                [
                    0.9897096753120422,
                    -0.03781919926404953,
                    0.1380017101764679,
                    0.16560205817222595
                ],
                [
                    0.14309005439281464,
                    0.2615836560726166,
                    -0.9545152187347412,
                    -1.1454182863235474
                ],
                [
                    1.0711040943078842e-09,
                    0.9644396305084229,
                    0.26430344581604004,
                    0.3171643018722534
                ],
                [
                    0,
                    0,
                    0,
                    1
                ]
            ]
        }
    ]
}