{
    "camera_angle_x": 0.8575560450553894,
    "aabb": [
        [
            -0.35,
            -0.35,
            -0.35
        ],
        [
            0.35,
            0.35,
            0.35
        ]
    ],
    "frames": [
        {
            "file_path": "000.png",
            "transform_matrix": [
                [
                    -0.623508095741272,
                    0.2513117492198944,
                    -0.7403243780136108,
                    -0.8883892893791199
                ],
                [
                    -0.7818169593811035,
                    -0.20042400062084198,
                    0.5904172658920288,
                    0.7085006833076477
                ],
                [
                    4.485118410002542e-08,
                    0.9469280242919922,
                    0.3214457035064697,
                    0.3857349455356598
                ],
                [
                    0,
                    0,
                    0,
                    1
                ]
            ]
        },
        {
            "file_path": "001.png",
            "transform_matrix": [
                [
                    -0.6025586724281311,
                    0.14590126276016235,
                    -0.7846248149871826,
                    -0.9415497183799744
                ],
                [
                    -0.7980747222900391,
                    -0.11015768349170685,
                    0.5924037098884583,
                    0.7108844518661499
                ],
                [
                    4.487993621182795e-08,
                    0.983147144317627,
                    0.18281644582748413,
                    0.21937987208366394
                ],
                [
                    0,
                    0,
                    0,
                    1
                ]
            ]
        },
        {
            "file_path": "002.png",
            "transform_matrix": [
                [
                    0.9723902344703674,
                    -0.10389403253793716,
                    0.2089575082063675,
                    0.25074902176856995
                ],
                [
                    0.2333606779575348,
                    0.43291589617729187,
                    -0.870704710483551,
                    -1.0448455810546875
                ],
                [
                    -9.370769049610317e-09,
                    0.8954272270202637,
                    0.44520795345306396,
                    0.5342495441436768
                ],
                [
                    0,
                    0,
                    0,
                    1
                ]
            ]
        },
        {
            "file_path": "003.png",
            "transform_matrix": [
                [
                    0.8713395595550537,
                    -0.1691150814294815,
                    0.46061640977859497,
                    0.5527397394180298
                ],
                [
                    0.4906805157661438,
                    0.3003108501434326,
                    -0.8179523348808289,
                    -0.9815428256988525
                ],
                [
                    -3.943296178476885e-08,
                    0.9387297034263611,
                    0.3446542024612427,
                    0.41358497738838196
                ],
                [
                    0,
                    0,
                    0,
                    1
                ]
            ]
        },
        {
            "file_path": "004.png",
            "transform_matrix": [
                [
                    -0.6555340886116028,
                    -0.25839245319366455,
                    0.7095834016799927,
                    0.8515000343322754
                ],
                [
                    0.755165696144104,
                    -0.22430181503295898,
                    0.6159656047821045,
                    0.7391586303710938
                ],
                [
                    -5.6094933142958325e-08,
                    0.9396393895149231,
                    0.3421664834022522,
                    0.4105999767780304
                ],
                [
                    0,
                    0,
                    0,
                    1
                ]
            ]
        },
        {
            "file_path": "005.png",
            "transform_matrix": [
                [
                    0.048951175063848495,
                    0.1388051062822342,
                    -0.9891091585159302,
                    -1.1869310140609741
                ],
                [
                    -0.9988011717796326,
                    0.00680282898247242,
                    -0.04847617819905281,
                    -0.05817140266299248
                ],
                [
                    8.042640331495932e-09,
                    0.9902963638305664,
                    0.1389717012643814,
                    0.1667659878730774
                ],
                [
                    0,
                    0,
                    0,
                    1
                ]
            ]
        }
    ]
}