{
    "camera_angle_x": 0.8575560450553894,
    "aabb": [
        [
            -0.35,
            -0.35,
            -0.35
        ],
        [
            0.35,
            0.35,
            0.35
        ]
    ],
    "frames": [
        {
            "file_path": "000.png",
            "transform_matrix": [
                [
                    0.9438891410827637,
                    -0.003780137514695525,
                    0.33024075627326965,
                    0.3962889313697815
                ],
                [
                    0.33026236295700073,
                    0.01080369669944048,
                    -0.9438273310661316,
                    -1.132592797279358
                ],
                [
                    -1.753288536576747e-08,
                    0.9999344944953918,
                    0.011445931158959866,
                    0.013734997250139713
                ],
                [
                    0,
                    0,
                    0,
                    1
                ]
            ]
        },
        {
            "file_path": "001.png",
            "transform_matrix": [
                [
                    -0.304340124130249,
                    0.150259867310524,
                    -0.9406376481056213,
                    -1.1287651062011719
                ],
                [
                    -0.952563464641571,
                    -0.048007477074861526,
                    0.3005298376083374,
                    0.3606358766555786
                ],
                [
                    -2.6889082960224187e-08,
                    0.9874802827835083,
                    0.15774258971214294,
                    0.18929116427898407
                ],
                [
                    0,
                    0,
                    0,
                    1
                ]
            ]
        },
        {
            "file_path": "002.png",
            "transform_matrix": [
                [
                    0.17477074265480042,
                    0.44409099221229553,
                    -0.8787710070610046,
                    -1.0545251369476318
                ],
                [
                    -0.9846091866493225,
                    0.07882736623287201,
                    -0.15598417818546295,
                    -0.1871810406446457
                ],
                [
                    7.051246342371087e-08,
                    0.8925074338912964,
                    0.45103275775909424,
                    0.5412393808364868
                ],
                [
                    0,
                    0,
                    0,
                    1
                ]
            ]
        },
        {
            "file_path": "003.png",
            "transform_matrix": [
                [
                    -0.9929976463317871,
                    -0.052227847278118134,
                    0.10596217960119247,
                    0.1271546185016632
                ],
                [
                    0.11813437938690186,
                    -0.4390096664428711,
                    0.8906822204589844,
                    1.0688186883926392
                ],
                [
                    7.667484425155635e-09,
                    0.8969630599021912,
                    0.4421054720878601,
                    0.5305265188217163
                ],
                [
                    0,
                    0,
                    0,
                    1
                ]
            ]
        },
        {
            "file_path": "004.png",
            "transform_matrix": [
                [
                    -0.9421154260635376,
                    0.1337490677833557,
                    -0.30745720863342285,
                    -0.36894866824150085
                ],
                [
                    -0.3352890610694885,
                    -0.3758162558078766,
                    0.8639117479324341,
                    1.036694049835205
                ],
                [
                    -7.589964212684208e-09,
                    0.9169915318489075,
                    0.39890673756599426,
                    0.47868821024894714
                ],
                [
                    0,
                    0,
                    0,
                    1
                ]
            ]
        },
        {
            "file_path": "005.png",
            "transform_matrix": [
                [
                    0.8214074969291687,
                    0.13124124705791473,
                    -0.5550364851951599,
                    -0.666043758392334
                ],
                [
                    -0.5703418254852295,
                    0.1890137940645218,
                    -0.7993648648262024,
                    -0.9592377543449402
                ],
                [
                    -2.547218969084497e-08,
                    0.9731647968292236,
                    0.23010969161987305,
                    0.27613189816474915
                ],
                [
                    0,
                    0,
                    0,
                    1
                ]
            ]
        }
    ]
}