{
    "camera_angle_x": 0.8575560450553894,
    "aabb": [
        [
            -0.35,
            -0.35,
            -0.35
        ],
        [
            0.35,
            0.35,
            0.35
        ]
    ],
    "frames": [
        {
            "file_path": "000.png",
            "transform_matrix": [
                [
                    -0.8795242309570312,
                    -0.05081040784716606,
                    0.4731341004371643,
                    0.5677608251571655
                ],
                [
                    0.4758545756340027,
                    -0.09391315281391144,
                    0.8744958639144897,
                    1.049394965171814
                ],
                [
                    -3.1555661195170615e-08,
                    0.9942830801010132,
                    0.10677702724933624,
                    0.12813270092010498
                ],
                [
                    0,
                    0,
                    0,
                    1
                ]
            ]
        },
        {
            "file_path": "001.png",
            "transform_matrix": [
                [
                    0.8594658970832825,
                    0.13875725865364075,
                    -0.4920008182525635,
                    -0.5904009938240051
                ],
                [
                    -0.5111930966377258,
                    0.23329168558120728,
                    -0.8271981477737427,
                    -0.9926376938819885
                ],
                [
                    -6.04326189090898e-09,
                    0.9624559879302979,
                    0.27143800258636475,
                    0.3257256746292114
                ],
                [
                    0,
                    0,
                    0,
                    1
                ]
            ]
        },
        {
            "file_path": "002.png",
            "transform_matrix": [
                [
                    -0.5523024797439575,
                    0.3828008472919464,
                    -0.7405577301979065,
                    -0.8886691927909851
                ],
                [
                    -0.8336439728736877,
                    -0.25361168384552,
                    0.4906313121318817,
                    0.5887576341629028
                ],
                [
                    5.764279720210652e-08,
                    0.8883382678031921,
                    0.4591897428035736,
                    0.551027774810791
                ],
                [
                    0,
                    0,
                    0,
                    1
                ]
            ]
        },
        {
            "file_path": "003.png",
            "transform_matrix": [
                [
                    -0.9483007788658142,
                    -0.10005363821983337,
                    0.30118945240974426,
                    0.361427366733551
                ],
                [
                    0.3173733055591583,
                    -0.2989569306373596,
                    0.8999439477920532,
                    1.079932689666748
                ],
                [
                    -6.154427190097067e-09,
                    0.9490069150924683,
                    0.3152553141117096,
                    0.37830650806427
                ],
                [
                    0,
                    0,
                    0,
                    1
                ]
            ]
        },
        {
            "file_path": "004.png",
            "transform_matrix": [
                [
                    0.15539027750492096,
                    0.3643065392971039,
                    -0.9182237386703491,
                    -1.1018683910369873
                ],
                [
                    -0.9878532290458679,
                    0.05730563774704933,
                    -0.14443762600421906,
                    -0.1733250617980957
                ],
                [
                    -6.672390640005688e-08,
                    0.9295144081115723,
                    0.3687860071659088,
                    0.4425433278083801
                ],
                [
                    0,
                    0,
                    0,
                    1
                ]
            ]
        },
        {
            "file_path": "005.png",
            "transform_matrix": [
                [
                    -0.2226465344429016,
                    -0.33115246891975403,
                    0.9169332385063171,
                    1.1003199815750122
                ],
                [
                    0.9748992323875427,
                    -0.07562831044197083,
                    0.20940829813480377,
                    0.2512899935245514
                ],
                [
                    3.4432158457775586e-08,
                    0.9405415654182434,
                    0.33967864513397217,
                    0.4076143801212311
                ],
                [
                    0,
                    0,
                    0,
                    1
                ]
            ]
        }
    ]
}