{
    "camera_angle_x": 0.8575560450553894,
    "aabb": [
        [
            -0.35,
            -0.35,
            -0.35
        ],
        [
            0.35,
            0.35,
            0.35
        ]
    ],
    "frames": [
        {
            "file_path": "000.png",
            "transform_matrix": [
                [
                    0.9840365648269653,
                    0.03205099701881409,
                    -0.17505653202533722,
                    -0.21006779372692108
                ],
                [
                    -0.17796644568443298,
                    0.17722061276435852,
                    -0.9679468870162964,
                    -1.1615360975265503
                ],
                [
                    8.549833729887268e-09,
                    0.9836493134498596,
                    0.18009556829929352,
                    0.2161148339509964
                ],
                [
                    0,
                    0,
                    0,
                    1
                ]
            ]
        },
        {
            "file_path": "001.png",
            "transform_matrix": [
                [
                    0.1193050667643547,
                    -0.3483187258243561,
                    0.9297530055046082,
                    1.1157033443450928
                ],
                [
                    0.9928577542304993,
                    0.041854966431856155,
                    -0.11172235012054443,
                    -0.13406701385974884
                ],
                [
                    6.65888961748351e-08,
                    0.9364414215087891,
                    0.3508242964744568,
                    0.42098942399024963
                ],
                [
                    0,
                    0,
                    0,
                    1
                ]
            ]
        },
        {
            "file_path": "002.png",
            "transform_matrix": [
                [
                    0.42218467593193054,
                    -0.0005451454780995846,
                    0.9065096974372864,
                    1.0878117084503174
                ],
                [
                    0.9065098762512207,
                    0.000253958540270105,
                    -0.42218464612960815,
                    -0.5066215395927429
                ],
                [
                    -9.064286388138498e-08,
                    0.9999998211860657,
                    0.0006013800739310682,
                    0.0007216350641101599
                ],
                [
                    0,
                    0,
                    0,
                    1
                ]
            ]
        },
        {
            "file_path": "003.png",
            "transform_matrix": [
                [
                    0.18660804629325867,
                    -0.15883862972259521,
                    0.9695090055465698,
                    1.1634109020233154
                ],
                [
                    0.9824344515800476,
                    0.030170593410730362,
                    -0.18415288627147675,
                    -0.22098347544670105
                ],
                [
                    -4.432036604384848e-08,
                    0.986843466758728,
                    0.16167862713336945,
                    0.194014310836792
                ],
                [
                    0,
                    0,
                    0,
                    1
                ]
            ]
        },
        {
            "file_path": "004.png",
            "transform_matrix": [
                [
                    -0.9044387936592102,
                    0.06764236092567444,
                    -0.42120668292045593,
                    -0.5054479837417603
                ],
                [
                    -0.4266035258769989,
                    -0.14340803027153015,
                    0.8929969668388367,
                    1.071596384048462
                ],
                [
                    1.6055974327855438e-08,
                    0.9873493313789368,
                    0.15856020152568817,
                    0.19027236104011536
                ],
                [
                    0,
                    0,
                    0,
                    1
                ]
            ]
        },
        {
            "file_path": "005.png",
            "transform_matrix": [
                [
                    -0.8861362934112549,
                    -0.09371095895767212,
                    0.4538511037826538,
                    0.5446212887763977
                ],
                [
                    0.46342483162879944,
                    -0.1791890561580658,
                    0.8678299188613892,
                    1.041395902633667
                ],
                [
                    -3.348181465412381e-08,
                    0.9793413877487183,
                    0.202213853597641,
                    0.24265670776367188
                ],
                [
                    0,
                    0,
                    0,
                    1
                ]
            ]
        }
    ]
}