{
    "camera_angle_x": 0.8575560450553894,
    "aabb": [
        [
            -0.35,
            -0.35,
            -0.35
        ],
        [
            0.35,
            0.35,
            0.35
        ]
    ],
    "frames": [
        {
            "file_path": "000.png",
            "transform_matrix": [
                [
                    0.99959397315979,
                    0.0007033038418740034,
                    -0.02848459593951702,
                    -0.034181512892246246
                ],
                [
                    -0.028493275865912437,
                    0.02467305026948452,
                    -0.9992895126342773,
                    -1.199147343635559
                ],
                [
                    4.983906620736889e-10,
                    0.9996954202651978,
                    0.024683071300387383,
                    0.029619934037327766
                ],
                [
                    0,
                    0,
                    0,
                    1
                ]
            ]
        },
        {
            "file_path": "001.png",
            "transform_matrix": [
                [
                    -0.7752698063850403,
                    -0.13002640008926392,
                    0.6181022524833679,
                    0.741722583770752
                ],
                [
                    0.6316305994987488,
                    -0.15959589183330536,
                    0.7586647868156433,
                    0.9103976488113403
                ],
                [
                    3.710490048547399e-08,
                    0.978581964969635,
                    0.2058582305908203,
                    0.24703003466129303
                ],
                [
                    0,
                    0,
                    0,
                    1
                ]
            ]
        },
        {
            "file_path": "002.png",
            "transform_matrix": [
                [
                    0.7080583572387695,
                    -0.22484691441059113,
                    0.669400691986084,
                    0.803280770778656
                ],
                [
                    0.706153929233551,
                    0.22545316815376282,
                    -0.6712060570716858,
                    -0.8054472208023071
                ],
                [
                    5.666850455554595e-08,
                    0.9479529857635498,
                    0.3184105157852173,
                    0.38209274411201477
                ],
                [
                    0,
                    0,
                    0,
                    1
                ]
            ]
        },
        {
            "file_path": "003.png",
            "transform_matrix": [
                [
                    -0.33737292885780334,
                    -0.41421762108802795,
                    0.845342218875885,
                    1.0144106149673462
                ],
                [
                    0.9413711428642273,
                    -0.14844916760921478,
                    0.3029576241970062,
                    0.3635491728782654
                ],
                [
                    -8.049511279750732e-08,
                    0.8979904055595398,
                    0.44001513719558716,
                    0.5280182957649231
                ],
                [
                    0,
                    0,
                    0,
                    1
                ]
            ]
        },
        {
            "file_path": "004.png",
            "transform_matrix": [
                [
                    -0.20124076306819916,
                    0.4638409912586212,
                    -0.8627594113349915,
                    -1.035311222076416
                ],
                [
                    -0.9795418381690979,
                    -0.09529322385787964,
                    0.1772485226392746,
                    0.21269822120666504
                ],
                [
                    2.4891129157822434e-08,
                    0.8807785511016846,
                    0.4735284745693207,
                    0.5682342052459717
                ],
                [
                    0,
                    0,
                    0,
                    1
                ]
            ]
        },
        {
            "file_path": "005.png",
            "transform_matrix": [
                [
                    0.5487663745880127,
                    -0.33606353402137756,
                    0.7654520273208618,
                    0.9185424447059631
                ],
                [
                    0.8359757661819458,
                    0.22060491144657135,
                    -0.502471923828125,
                    -0.6029662489891052
                ],
                [
                    -3.421937577741119e-08,
                    0.9156390428543091,
                    0.4020014703273773,
                    0.4824017882347107
                ],
                [
                    0,
                    0,
                    0,
                    1
                ]
            ]
        }
    ]
}