{
    "camera_angle_x": 0.8575560450553894,
    "aabb": [
        [
            -0.35,
            -0.35,
            -0.35
        ],
        [
            0.35,
            0.35,
            0.35
        ]
    ],
    "frames": [
        {
            "file_path": "000.png",
            "transform_matrix": [
                [
                    0.25559884309768677,
                    -0.17831960320472717,
                    0.9501954913139343,
                    1.1402344703674316
                ],
                [
                    0.9667829871177673,
                    0.047144223004579544,
                    -0.25121352076530457,
                    -0.3014562427997589
                ],
                [
                    -1.2414876238153738e-08,
                    0.9828426837921143,
                    0.1844462901353836,
                    0.22133572399616241
                ],
                [
                    0,
                    0,
                    0,
                    1
                ]
            ]
        },
        {
            "file_path": "001.png",
            "transform_matrix": [
                [
                    -0.3541845679283142,
                    0.08546419441699982,
                    -0.9312623739242554,
                    -1.117514729499817
                ],
                [
                    -0.9351757764816284,
                    -0.03236855939030647,
                    0.35270223021507263,
                    0.42324259877204895
                ],
                [
                    -4.065176284484551e-08,
                    0.9958155155181885,
                    0.09138822555541992,
                    0.10966593772172928
                ],
                [
                    0,
                    0,
                    0,
                    1
                ]
            ]
        },
        {
            "file_path": "002.png",
            "transform_matrix": [
                [
                    -0.5701175928115845,
                    -0.05567549541592598,
                    0.8196744322776794,
                    0.9836093783378601
                ],
                [
                    0.8215631246566772,
                    -0.03863567113876343,
                    0.5688069462776184,
                    0.682568371295929
                ],
                [
                    5.444968564916053e-08,
                    0.997701108455658,
                    0.06776779145002365,
                    0.08132126182317734
                ],
                [
                    0,
                    0,
                    0,
                    1
                ]
            ]
        },
        {
            "file_path": "003.png",
            "transform_matrix": [
                [
                    -0.8924772143363953,
                    -0.06627725809812546,
                    0.4461972117424011,
                    0.5354366302490234
                ],
                [
                    0.4510927200317383,
                    -0.13112816214561462,
                    0.8827915191650391,
                    1.059349775314331
                ],
                [
                    -4.2513725873050134e-10,
                    0.9891475439071655,
                    0.14692598581314087,
                    0.17631129920482635
                ],
                [
                    0,
                    0,
                    0,
                    1
                ]
            ]
        },
        {
            "file_path": "004.png",
            "transform_matrix": [
                [
                    0.7297239899635315,
                    -0.2017751783132553,
                    0.6532914638519287,
                    0.7839496731758118
                ],
                [
                    0.6837418675422668,
                    0.21534466743469238,
                    -0.69722580909729,
                    -0.836670994758606
                ],
                [
                    1.0970779840135947e-10,
                    0.9554650783538818,
                    0.2951042950153351,
                    0.3541252613067627
                ],
                [
                    0,
                    0,
                    0,
                    1
                ]
            ]
        },
        {
            "file_path": "005.png",
            "transform_matrix": [
                [
                    0.301325261592865,
                    -0.023325342684984207,
                    0.9532361030578613,
                    1.1438833475112915
                ],
                [
                    0.9535214304924011,
                    0.007371055893599987,
                    -0.3012351393699646,
                    -0.3614821434020996
                ],
                [
                    1.8557187786427676e-08,
                    0.9997007846832275,
                    0.024462271481752396,
                    0.029354682192206383
                ],
                [
                    0,
                    0,
                    0,
                    1
                ]
            ]
        }
    ]
}