{
    "camera_angle_x": 0.8575560450553894,
    "aabb": [
        [
            -0.35,
            -0.35,
            -0.35
        ],
        [
            0.35,
            0.35,
            0.35
        ]
    ],
    "frames": [
        {
            "file_path": "000.png",
            "transform_matrix": [
                [
                    0.21135032176971436,
                    -0.09628815948963165,
                    0.9726560115814209,
                    1.167187213897705
                ],
                [
                    0.9774104356765747,
                    0.020820699632167816,
                    -0.21032235026359558,
                    -0.2523868680000305
                ],
                [
                    8.583987209931365e-08,
                    0.9951357841491699,
                    0.09851343929767609,
                    0.11821625381708145
                ],
                [
                    0,
                    0,
                    0,
                    1
                ]
            ]
        },
        {
            "file_path": "001.png",
            "transform_matrix": [
                [
                    -0.7667195200920105,
                    0.2985972762107849,
                    -0.5683140158653259,
                    -0.681976854801178
                ],
                [
                    -0.6419821977615356,
                    -0.3566148281097412,
                    0.6787375807762146,
                    0.8144851326942444
                ],
                [
                    -1.043251529608824e-08,
                    0.8852488398551941,
                    0.4651176929473877,
                    0.5581412315368652
                ],
                [
                    0,
                    0,
                    0,
                    1
                ]
            ]
        },
        {
            "file_path": "002.png",
            "transform_matrix": [
                [
                    0.9300404191017151,
                    -0.10372672975063324,
                    0.35251325368881226,
                    0.42301589250564575
                ],
                [
                    0.3674572706222534,
                    0.26253393292427063,
                    -0.8922169804573059,
                    -1.0706603527069092
                ],
                [
                    3.427777528486331e-08,
                    0.9593314528465271,
                    0.2822823226451874,
                    0.3387390077114105
                ],
                [
                    0,
                    0,
                    0,
                    1
                ]
            ]
        },
        {
            "file_path": "003.png",
            "transform_matrix": [
                [
                    0.13423991203308105,
                    0.1913265883922577,
                    -0.9723033905029297,
                    -1.1667640209197998
                ],
                [
                    -0.9909489154815674,
                    0.025918150320649147,
                    -0.1317141354084015,
                    -0.15805697441101074
                ],
                [
                    -6.560998144777841e-08,
                    0.9811842441558838,
                    0.1930740773677826,
                    0.23168906569480896
                ],
                [
                    0,
                    0,
                    0,
                    1
                ]
            ]
        },
        {
            "file_path": "004.png",
            "transform_matrix": [
                [
                    -0.36359065771102905,
                    -0.29027166962623596,
                    0.8851804137229919,
                    1.0622164011001587
                ],
                [
                    0.9315589070320129,
                    -0.11329404264688492,
                    0.34548890590667725,
                    0.41458675265312195
                ],
                [
                    -3.245221336101167e-08,
                    0.950214147567749,
                    0.3115977346897125,
                    0.3739173710346222
                ],
                [
                    0,
                    0,
                    0,
                    1
                ]
            ]
        },
        {
            "file_path": "005.png",
            "transform_matrix": [
                [
                    0.9471935629844666,
                    -0.0903647392988205,
                    0.3076663315296173,
                    0.36919963359832764
                ],
                [
                    0.32066237926483154,
                    0.2669253945350647,
                    -0.9088049530982971,
                    -1.0905660390853882
                ],
                [
                    -2.957876787945679e-08,
                    0.9594712257385254,
                    0.2818065583705902,
                    0.3381677269935608
                ],
                [
                    0,
                    0,
                    0,
                    1
                ]
            ]
        }
    ]
}