{
    "camera_angle_x": 0.8575560450553894,
    "aabb": [
        [
            -0.35,
            -0.35,
            -0.35
        ],
        [
            0.35,
            0.35,
            0.35
        ]
    ],
    "frames": [
        {
            "file_path": "000.png",
            "transform_matrix": [
                [
                    0.9554831385612488,
                    -0.146389439702034,
                    0.2561681568622589,
                    0.3074018061161041
                ],
                [
                    0.29504573345184326,
                    0.4740709960460663,
                    -0.829581081867218,
                    -0.9954972863197327
                ],
                [
                    2.3945316840467967e-09,
                    0.8682320713996887,
                    0.4961583912372589,
                    0.5953902006149292
                ],
                [
                    0,
                    0,
                    0,
                    1
                ]
            ]
        },
        {
            "file_path": "001.png",
            "transform_matrix": [
                [
                    0.9917944073677063,
                    0.051408763974905014,
                    -0.11705107986927032,
                    -0.14046131074428558
                ],
                [
                    -0.12784293293952942,
                    0.3988248109817505,
                    -0.9080721139907837,
                    -1.089686632156372
                ],
                [
                    1.1660533871804546e-08,
                    0.9155850410461426,
                    0.40212446451187134,
                    0.4825492203235626
                ],
                [
                    0,
                    0,
                    0,
                    1
                ]
            ]
        },
        {
            "file_path": "002.png",
            "transform_matrix": [
                [
                    -0.9901131391525269,
                    -0.004398911725729704,
                    0.1402028203010559,
                    0.1682433933019638
                ],
                [
                    0.14027181267738342,
                    -0.03104986809194088,
                    0.9896261096000671,
                    1.1875512599945068
                ],
                [
                    -5.453818729961313e-09,
                    0.9995082020759583,
                    0.031359825283288956,
                    0.03763178735971451
                ],
                [
                    0,
                    0,
                    0,
                    1
                ]
            ]
        },
        {
            "file_path": "003.png",
            "transform_matrix": [
                [
                    0.034026965498924255,
                    0.21523720026016235,
                    -0.9759687185287476,
                    -1.1711626052856445
                ],
                [
                    -0.9994208216667175,
                    0.007328091189265251,
                    -0.033228445798158646,
                    -0.039874251931905746
                ],
                [
                    -7.920891675894381e-08,
                    0.9765342473983765,
                    0.21536198258399963,
                    0.25843438506126404
                ],
                [
                    0,
                    0,
                    0,
                    1
                ]
            ]
        },
        {
            "file_path": "004.png",
            "transform_matrix": [
                [
                    -0.9959948062896729,
                    0.004636056255549192,
                    -0.08929214626550674,
                    -0.10715057700872421
                ],
                [
                    -0.08941241353750229,
                    -0.05164266377687454,
                    0.9946550130844116,
                    1.193585991859436
                ],
                [
                    -1.948532446505169e-09,
                    0.9986549615859985,
                    0.05185021460056305,
                    0.06222027912735939
                ],
                [
                    0,
                    0,
                    0,
                    1
                ]
            ]
        },
        {
            "file_path": "005.png",
            "transform_matrix": [
                [
                    -0.9736024737358093,
                    0.05532537028193474,
                    -0.22144420444965363,
                    -0.2657330334186554
                ],
                [
                    -0.22825080156326294,
                    -0.23599013686180115,
                    0.9445688724517822,
                    1.133482575416565
                ],
                [
                    -1.0301874908691389e-08,
                    0.9701793193817139,
                    0.2423885017633438,
                    0.2908662259578705
                ],
                [
                    0,
                    0,
                    0,
                    1
                ]
            ]
        }
    ]
}