{
    "camera_angle_x": 0.8575560450553894,
    "aabb": [
        [
            -0.35,
            -0.35,
            -0.35
        ],
        [
            0.35,
            0.35,
            0.35
        ]
    ],
    "frames": [
        {
            "file_path": "000.png",
            "transform_matrix": [
                [
                    -0.9930110573768616,
                    0.05773535743355751,
                    -0.10293709486722946,
                    -0.12352451682090759
                ],
                [
                    -0.11802294850349426,
                    -0.4857686758041382,
                    0.8660829663276672,
                    1.039299488067627
                ],
                [
                    3.7464364943673445e-10,
                    0.8721787333488464,
                    0.48918747901916504,
                    0.5870250463485718
                ],
                [
                    0,
                    0,
                    0,
                    1
                ]
            ]
        },
        {
            "file_path": "001.png",
            "transform_matrix": [
                [
                    0.9996826648712158,
                    -0.0018629418918862939,
                    0.025122378021478653,
                    0.030146850273013115
                ],
                [
                    0.025191355496644974,
                    0.07392808794975281,
                    -0.9969454407691956,
                    -1.1963344812393188
                ],
                [
                    -5.028776284277114e-10,
                    0.9972619414329529,
                    0.07395155727863312,
                    0.08874193578958511
                ],
                [
                    0,
                    0,
                    0,
                    1
                ]
            ]
        },
        {
            "file_path": "002.png",
            "transform_matrix": [
                [
                    -0.329779714345932,
                    0.3842957019805908,
                    -0.8623005151748657,
                    -1.034760594367981
                ],
                [
                    -0.9440579414367676,
                    -0.13424278795719147,
                    0.3012200593948364,
                    0.36146414279937744
                ],
                [
                    -5.060973151671533e-08,
                    0.9133979082107544,
                    0.4070679545402527,
                    0.48848164081573486
                ],
                [
                    0,
                    0,
                    0,
                    1
                ]
            ]
        },
        {
            "file_path": "003.png",
            "transform_matrix": [
                [
                    -0.9733750820159912,
                    0.08504363149404526,
                    -0.21285848319530487,
                    -0.2554301917552948
                ],
                [
                    -0.22921857237815857,
                    -0.36113718152046204,
                    0.9039020538330078,
                    1.0846824645996094
                ],
                [
                    2.4942838905417375e-09,
                    0.9286267757415771,
                    0.37101539969444275,
                    0.44521859288215637
                ],
                [
                    0,
                    0,
                    0,
                    1
                ]
            ]
        },
        {
            "file_path": "004.png",
            "transform_matrix": [
                [
                    0.2640726864337921,
                    -0.409321129322052,
                    0.8733395338058472,
                    1.0480073690414429
                ],
                [
                    0.9645028114318848,
                    0.11206856369972229,
                    -0.2391130030155182,
                    -0.28693562746047974
                ],
                [
                    6.769171534415364e-08,
                    0.9054815769195557,
                    0.42438557744026184,
                    0.5092628002166748
                ],
                [
                    0,
                    0,
                    0,
                    1
                ]
            ]
        },
        {
            "file_path": "005.png",
            "transform_matrix": [
                [
                    -0.9443007707595825,
                    -0.05748044699430466,
                    0.32402491569519043,
                    0.38882991671562195
                ],
                [
                    0.32908380031585693,
                    -0.16493918001651764,
                    0.92978435754776,
                    1.11574125289917
                ],
                [
                    -2.628080508770836e-08,
                    0.9846274256706238,
                    0.17466802895069122,
                    0.20960181951522827
                ],
                [
                    0,
                    0,
                    0,
                    1
                ]
            ]
        }
    ]
}