{
    "camera_angle_x": 0.8575560450553894,
    "aabb": [
        [
            -0.35,
            -0.35,
            -0.35
        ],
        [
            0.35,
            0.35,
            0.35
        ]
    ],
    "frames": [
        {
            "file_path": "000.png",
            "transform_matrix": [
                [
                    -0.8828616142272949,
                    0.19651925563812256,
                    -0.42653894424438477,
                    -0.5118467211723328
                ],
                [
                    -0.4696331322193146,
                    -0.3694358468055725,
                    0.8018490076065063,
                    0.9622188210487366
                ],
                [
                    -8.022084330150392e-09,
                    0.9082385897636414,
                    0.4184527099132538,
                    0.5021433234214783
                ],
                [
                    0,
                    0,
                    0,
                    1
                ]
            ]
        },
        {
            "file_path": "001.png",
            "transform_matrix": [
                [
                    0.2024177759885788,
                    0.006779512390494347,
                    -0.9792759418487549,
                    -1.1751309633255005
                ],
                [
                    -0.9792993664741516,
                    0.0014010255690664053,
                    -0.20241309702396393,
                    -0.2428957223892212
                ],
                [
                    -1.0914619252844204e-07,
                    0.9999762177467346,
                    0.006922631524503231,
                    0.00830740574747324
                ],
                [
                    0,
                    0,
                    0,
                    1
                ]
            ]
        },
        {
            "file_path": "002.png",
            "transform_matrix": [
                [
                    0.7121713757514954,
                    -0.28509393334388733,
                    0.6415088176727295,
                    0.7698103785514832
                ],
                [
                    0.7020057439804077,
                    0.28922224044799805,
                    -0.6507986187934875,
                    -0.7809581160545349
                ],
                [
                    -4.55893314210698e-08,
                    0.9138229489326477,
                    0.40611326694488525,
                    0.4873361587524414
                ],
                [
                    0,
                    0,
                    0,
                    1
                ]
            ]
        },
        {
            "file_path": "003.png",
            "transform_matrix": [
                [
                    0.1260012686252594,
                    -0.06588096171617508,
                    0.9898400902748108,
                    1.1878081560134888
                ],
                [
                    0.9920300841331482,
                    0.008367761969566345,
                    -0.12572312355041504,
                    -0.15086768567562103
                ],
                [
                    7.100489085587469e-09,
                    0.9977924227714539,
                    0.06641023606061935,
                    0.07969216257333755
                ],
                [
                    0,
                    0,
                    0,
                    1
                ]
            ]
        },
        {
            "file_path": "004.png",
            "transform_matrix": [
                [
                    -0.9482267498970032,
                    0.13904541730880737,
                    -0.2855391204357147,
                    -0.3426469564437866
                ],
                [
                    -0.31759440898895264,
                    -0.41514140367507935,
                    0.8525207042694092,
                    1.0230247974395752
                ],
                [
                    -8.9284402093881e-09,
                    0.8990684747695923,
                    0.4378081262111664,
                    0.5253697633743286
                ],
                [
                    0,
                    0,
                    0,
                    1
                ]
            ]
        },
        {
            "file_path": "005.png",
            "transform_matrix": [
                [
                    0.5720406770706177,
                    -0.4060514569282532,
                    0.7126652002334595,
                    0.8551982641220093
                ],
                [
                    0.8202252388000488,
                    0.2831880450248718,
                    -0.497026264667511,
                    -0.5964314937591553
                ],
                [
                    -3.139357218628902e-08,
                    0.8688652515411377,
                    0.49504873156547546,
                    0.5940584540367126
                ],
                [
                    0,
                    0,
                    0,
                    1
                ]
            ]
        }
    ]
}