{
    "camera_angle_x": 0.8575560450553894,
    "aabb": [
        [
            -0.35,
            -0.35,
            -0.35
        ],
        [
            0.35,
            0.35,
            0.35
        ]
    ],
    "frames": [
        {
            "file_path": "000.png",
            "transform_matrix": [
                [
                    -0.11347382515668869,
                    0.03368224576115608,
                    -0.9929698705673218,
                    -1.1915638446807861
                ],
                [
                    -0.9935410022735596,
                    -0.00384692195802927,
                    0.11340860277414322,
                    0.1360902488231659
                ],
                [
                    -2.8272850727262266e-08,
                    0.9994251728057861,
                    0.03390122577548027,
                    0.040681399405002594
                ],
                [
                    0,
                    0,
                    0,
                    1
                ]
            ]
        },
        {
            "file_path": "001.png",
            "transform_matrix": [
                [
                    0.4959021210670471,
                    0.29305046796798706,
                    -0.8174365758895874,
                    -0.9809238314628601
                ],
                [
                    -0.8683784604072571,
                    0.1673513799905777,
                    -0.466810941696167,
                    -0.5601730942726135
                ],
                [
                    1.680131589409939e-09,
                    0.9413368105888367,
                    0.33746859431266785,
                    0.4049623906612396
                ],
                [
                    0,
                    0,
                    0,
                    1
                ]
            ]
        },
        {
            "file_path": "002.png",
            "transform_matrix": [
                [
                    0.76675945520401,
                    0.23779641091823578,
                    -0.5962658524513245,
                    -0.7155188322067261
                ],
                [
                    -0.6419346332550049,
                    0.28403598070144653,
                    -0.7122105360031128,
                    -0.854652464389801
                ],
                [
                    1.5640432948771377e-08,
                    0.9288578033447266,
                    0.3704369366168976,
                    0.4445245563983917
                ],
                [
                    0,
                    0,
                    0,
                    1
                ]
            ]
        },
        {
            "file_path": "003.png",
            "transform_matrix": [
                [
                    0.7396219968795776,
                    -0.2915302515029907,
                    0.6066048741340637,
                    0.7279257774353027
                ],
                [
                    0.6730225682258606,
                    0.32037872076034546,
                    -0.6666319966316223,
                    -0.799958348274231
                ],
                [
                    6.051715928379053e-08,
                    0.901314377784729,
                    0.4331655502319336,
                    0.5197988152503967
                ],
                [
                    0,
                    0,
                    0,
                    1
                ]
            ]
        },
        {
            "file_path": "004.png",
            "transform_matrix": [
                [
                    0.9833471179008484,
                    -0.03457794338464737,
                    0.17841757833957672,
                    0.21410109102725983
                ],
                [
                    0.18173736333847046,
                    0.18709474802017212,
                    -0.9653844833374023,
                    -1.158461332321167
                ],
                [
                    2.7895614707063032e-09,
                    0.9817332029342651,
                    0.19026318192481995,
                    0.22831614315509796
                ],
                [
                    0,
                    0,
                    0,
                    1
                ]
            ]
        },
        {
            "file_path": "005.png",
            "transform_matrix": [
                [
                    0.7712700366973877,
                    -0.16948026418685913,
                    0.6135299801826477,
                    0.7362359166145325
                ],
                [
                    0.6365081071853638,
                    0.20536264777183533,
                    -0.7434270977973938,
                    -0.8921124339103699
                ],
                [
                    3.3491041051547654e-09,
                    0.9638997912406921,
                    0.2662655711174011,
                    0.3195188343524933
                ],
                [
                    0,
                    0,
                    0,
                    1
                ]
            ]
        }
    ]
}