{
    "camera_angle_x": 0.8575560450553894,
    "aabb": [
        [
            -0.35,
            -0.35,
            -0.35
        ],
        [
            0.35,
            0.35,
            0.35
        ]
    ],
    "frames": [
        {
            "file_path": "000.png",
            "transform_matrix": [
                [
                    0.5531729459762573,
                    0.37564215064048767,
                    -0.7435675263404846,
                    -0.8922810554504395
                ],
                [
                    -0.833066463470459,
                    0.24943390488624573,
                    -0.493743896484375,
                    -0.5924926400184631
                ],
                [
                    -4.809069054090287e-08,
                    0.8925669193267822,
                    0.4509149491786957,
                    0.5410980582237244
                ],
                [
                    0,
                    0,
                    0,
                    1
                ]
            ]
        },
        {
            "file_path": "001.png",
            "transform_matrix": [
                [
                    -0.9972907304763794,
                    -0.030070772394537926,
                    0.06714105606079102,
                    0.08056925237178802
                ],
                [
                    0.0735674723982811,
                    -0.4076436460018158,
                    0.9101731777191162,
                    1.0922075510025024
                ],
                [
                    -2.1058463861578502e-09,
                    0.9126462340354919,
                    0.4087507724761963,
                    0.4905010759830475
                ],
                [
                    0,
                    0,
                    0,
                    1
                ]
            ]
        },
        {
            "file_path": "002.png",
            "transform_matrix": [
                [
                    -0.8406133651733398,
                    -0.11156962811946869,
                    0.5300202965736389,
                    0.6360243558883667
                ],
                [
                    0.5416357517242432,
                    -0.17315496504306793,
                    0.8225862383842468,
                    0.9871035218238831
                ],
                [
                    -1.660009019133213e-08,
                    0.978554904460907,
                    0.2059863954782486,
                    0.24718374013900757
                ],
                [
                    0,
                    0,
                    0,
                    1
                ]
            ]
        },
        {
            "file_path": "003.png",
            "transform_matrix": [
                [
                    -0.9872902631759644,
                    0.07421871274709702,
                    -0.1405325084924698,
                    -0.16863901913166046
                ],
                [
                    -0.15892702341079712,
                    -0.4610632658004761,
                    0.8730193376541138,
                    1.0476232767105103
                ],
                [
                    -8.553634245345165e-09,
                    0.884257972240448,
                    0.46699872612953186,
                    0.5603983998298645
                ],
                [
                    0,
                    0,
                    0,
                    1
                ]
            ]
        },
        {
            "file_path": "004.png",
            "transform_matrix": [
                [
                    -0.29280927777290344,
                    0.1572016328573227,
                    -0.943159818649292,
                    -1.1317918300628662
                ],
                [
                    -0.956170916557312,
                    -0.048140015453100204,
                    0.2888248562812805,
                    0.3465898633003235
                ],
                [
                    5.111836287596816e-08,
                    0.9863925576210022,
                    0.1644074022769928,
                    0.19728893041610718
                ],
                [
                    0,
                    0,
                    0,
                    1
                ]
            ]
        },
        {
            "file_path": "005.png",
            "transform_matrix": [
                [
                    0.3600163161754608,
                    -0.367064893245697,
                    0.8577014803886414,
                    1.0292415618896484
                ],
                [
                    0.9329460859298706,
                    0.14164717495441437,
                    -0.33098021149635315,
                    -0.3971762955188751
                ],
                [
                    1.0603411482179581e-07,
                    0.9193474054336548,
                    0.3934469223022461,
                    0.472136527299881
                ],
                [
                    0,
                    0,
                    0,
                    1
                ]
            ]
        }
    ]
}