{
    "camera_angle_x": 0.8575560450553894,
    "aabb": [
        [
            -0.35,
            -0.35,
            -0.35
        ],
        [
            0.35,
            0.35,
            0.35
        ]
    ],
    "frames": [
        {
            "file_path": "000.png",
            "transform_matrix": [
                [
                    0.9717450141906738,
                    0.1000056192278862,
                    -0.21380022168159485,
                    -0.2565602660179138
                ],
                [
                    -0.23603317141532898,
                    0.4117216169834137,
                    -0.8802123069763184,
                    -1.0562547445297241
                ],
                [
                    8.221190839208248e-09,
                    0.9058058261871338,
                    0.42369306087493896,
                    0.5084316730499268
                ],
                [
                    0,
                    0,
                    0,
                    1
                ]
            ]
        },
        {
            "file_path": "001.png",
            "transform_matrix": [
                [
                    -0.8004464507102966,
                    0.2797090709209442,
                    -0.5301400423049927,
                    -0.6361680626869202
                ],
                [
                    -0.5994043946266174,
                    -0.3735243082046509,
                    0.7079505920410156,
                    0.849540650844574
                ],
                [
                    1.973260310705882e-08,
                    0.8844447731971741,
                    0.4666449725627899,
                    0.5599740743637085
                ],
                [
                    0,
                    0,
                    0,
                    1
                ]
            ]
        },
        {
            "file_path": "002.png",
            "transform_matrix": [
                [
                    -0.8678033351898193,
                    -0.20968154072761536,
                    0.45050129294395447,
                    0.5406014919281006
                ],
                [
                    0.49690818786621094,
                    -0.36618903279304504,
                    0.7867579460144043,
                    0.9441094994544983
                ],
                [
                    -2.3983936614513368e-08,
                    0.9066087603569031,
                    0.4219723045825958,
                    0.5063669681549072
                ],
                [
                    0,
                    0,
                    0,
                    1
                ]
            ]
        },
        {
            "file_path": "003.png",
            "transform_matrix": [
                [
                    -0.772679328918457,
                    0.2927284240722656,
                    -0.5632733702659607,
                    -0.675927996635437
                ],
                [
                    -0.634796679019928,
                    -0.35631123185157776,
                    0.6856206059455872,
                    0.8227446675300598
                ],
                [
                    2.7730386875646218e-08,
                    0.8873288631439209,
                    0.46113723516464233,
                    0.5533648729324341
                ],
                [
                    0,
                    0,
                    0,
                    1
                ]
            ]
        },
        {
            "file_path": "004.png",
            "transform_matrix": [
                [
                    0.5518327951431274,
                    -0.06436587870121002,
                    0.8314671516418457,
                    0.9977605938911438
                ],
                [
                    0.8339548110961914,
                    0.04259128123521805,
                    -0.5501867532730103,
                    -0.6602241396903992
                ],
                [
                    -3.864306208356538e-08,
                    0.9970170855522156,
                    0.07718147337436676,
                    0.09261776506900787
                ],
                [
                    0,
                    0,
                    0,
                    1
                ]
            ]
        },
        {
            "file_path": "005.png",
            "transform_matrix": [
                [
                    0.21169564127922058,
                    0.11695287376642227,
                    -0.9703128933906555,
                    -1.1643754243850708
                ],
                [
                    -0.9773356914520264,
                    0.02533252164721489,
                    -0.21017451584339142,
                    -0.25220945477485657
                ],
                [
                    1.0160970731476482e-08,
                    0.9928143620491028,
                    0.11966495215892792,
                    0.14359807968139648
                ],
                [
                    0,
                    0,
                    0,
                    1
                ]
            ]
        }
    ]
}