{
    "camera_angle_x": 0.8575560450553894,
    "aabb": [
        [
            -0.35,
            -0.35,
            -0.35
        ],
        [
            0.35,
            0.35,
            0.35
        ]
    ],
    "frames": [
        {
            "file_path": "000.png",
            "transform_matrix": [
                [
                    0.9564418792724609,
                    0.036088716238737106,
                    -0.28968358039855957,
                    -0.34762027859687805
                ],
                [
                    -0.2919228672981262,
                    0.11823925375938416,
                    -0.9491052031517029,
                    -1.1389261484146118
                ],
                [
                    8.78550210359208e-09,
                    0.9923291802406311,
                    0.12362408638000488,
                    0.14834903180599213
                ],
                [
                    0,
                    0,
                    0,
                    1
                ]
            ]
        },
        {
            "file_path": "001.png",
            "transform_matrix": [
                [
                    0.9972248077392578,
                    0.034572307020425797,
                    -0.06593506038188934,
                    -0.07912209630012512
                ],
                [
                    -0.07444915920495987,
                    0.46308597922325134,
                    -0.8831810355186462,
                    -1.0598173141479492
                ],
                [
                    1.2542131777593113e-09,
                    0.8856388330459595,
                    0.46437472105026245,
                    0.5572496652603149
                ],
                [
                    0,
                    0,
                    0,
                    1
                ]
            ]
        },
        {
            "file_path": "002.png",
            "transform_matrix": [
                [
                    0.6141712665557861,
                    -0.22559966146945953,
                    0.7562397122383118,
                    0.9074876308441162
                ],
                [
                    0.7891728281974792,
                    0.17557211220264435,
                    -0.5885413289070129,
                    -0.706249475479126
                ],
                [
                    4.21506420877904e-08,
                    0.958268940448761,
                    0.28586843609809875,
                    0.3430422842502594
                ],
                [
                    0,
                    0,
                    0,
                    1
                ]
            ]
        },
        {
            "file_path": "003.png",
            "transform_matrix": [
                [
                    0.3679283857345581,
                    0.286461740732193,
                    -0.8846290111541748,
                    -1.0615546703338623
                ],
                [
                    -0.929854154586792,
                    0.11334819346666336,
                    -0.35003361105918884,
                    -0.42004042863845825
                ],
                [
                    -6.557917231475585e-08,
                    0.951363205909729,
                    0.3080715835094452,
                    0.3696860671043396
                ],
                [
                    0,
                    0,
                    0,
                    1
                ]
            ]
        },
        {
            "file_path": "004.png",
            "transform_matrix": [
                [
                    -0.5342479348182678,
                    -0.3241969048976898,
                    0.7806891202926636,
                    0.9368270635604858
                ],
                [
                    0.8453278541564941,
                    -0.20489279925823212,
                    0.49339622259140015,
                    0.5920754075050354
                ],
                [
                    4.4698047929614404e-08,
                    0.9235341548919678,
                    0.38351619243621826,
                    0.4602194130420685
                ],
                [
                    0,
                    0,
                    0,
                    1
                ]
            ]
        },
        {
            "file_path": "005.png",
            "transform_matrix": [
                [
                    -0.22683720290660858,
                    -0.054353054612874985,
                    0.972415030002594,
                    1.1668978929519653
                ],
                [
                    0.9739328622817993,
                    -0.012659368105232716,
                    0.226483553647995,
                    0.2717803418636322
                ],
                [
                    -4.536933317922376e-08,
                    0.9984416365623474,
                    0.05580766871571541,
                    0.06696941703557968
                ],
                [
                    0,
                    0,
                    0,
                    1
                ]
            ]
        }
    ]
}