{
    "camera_angle_x": 0.8575560450553894,
    "aabb": [
        [
            -0.35,
            -0.35,
            -0.35
        ],
        [
            0.35,
            0.35,
            0.35
        ]
    ],
    "frames": [
        {
            "file_path": "000.png",
            "transform_matrix": [
                [
                    -0.9902137517929077,
                    -0.06705699115991592,
                    0.12239456921815872,
                    0.14687348902225494
                ],
                [
                    0.139560267329216,
                    -0.47578558325767517,
                    0.86841881275177,
                    1.042102575302124
                ],
                [
                    7.705642346422792e-09,
                    0.8770015239715576,
                    0.4804876446723938,
                    0.5765852332115173
                ],
                [
                    0,
                    0,
                    0,
                    1
                ]
            ]
        },
        {
            "file_path": "001.png",
            "transform_matrix": [
                [
                    0.9957538843154907,
                    -0.03967783600091934,
                    0.08306560665369034,
                    0.09967872500419617
                ],
                [
                    0.0920555591583252,
                    0.4291903078556061,
                    -0.8985106945037842,
                    -1.078212857246399
                ],
                [
                    2.6444491041388574e-09,
                    0.9023421406745911,
                    0.43102049827575684,
                    0.5172246098518372
                ],
                [
                    0,
                    0,
                    0,
                    1
                ]
            ]
        },
        {
            "file_path": "002.png",
            "transform_matrix": [
                [
                    0.2912147641181946,
                    -0.44643762707710266,
                    0.8461014032363892,
                    1.0153216123580933
                ],
                [
                    0.9566578269004822,
                    0.13589932024478912,
                    -0.2575605511665344,
                    -0.3090726435184479
                ],
                [
                    9.955254398619218e-09,
                    0.8844348788261414,
                    0.46666377782821655,
                    0.5599965453147888
                ],
                [
                    0,
                    0,
                    0,
                    1
                ]
            ]
        },
        {
            "file_path": "003.png",
            "transform_matrix": [
                [
                    0.4514493942260742,
                    -0.026294346898794174,
                    0.8919092416763306,
                    1.0702910423278809
                ],
                [
                    0.8922967314720154,
                    0.01330337580293417,
                    -0.45125338435173035,
                    -0.5415040254592896
                ],
                [
                    -4.002372122613451e-08,
                    0.9995657801628113,
                    0.029468130320310593,
                    0.035361893475055695
                ],
                [
                    0,
                    0,
                    0,
                    1
                ]
            ]
        },
        {
            "file_path": "004.png",
            "transform_matrix": [
                [
                    -0.7132886648178101,
                    -0.31841474771499634,
                    0.6243646740913391,
                    0.7492376565933228
                ],
                [
                    0.7008702754974365,
                    -0.3240565359592438,
                    0.6354274749755859,
                    0.7625131011009216
                ],
                [
                    -5.110390333129544e-09,
                    0.8908419013023376,
                    0.45431336760520935,
                    0.545176088809967
                ],
                [
                    0,
                    0,
                    0,
                    1
                ]
            ]
        },
        {
            "file_path": "005.png",
            "transform_matrix": [
                [
                    0.2330680638551712,
                    0.27231526374816895,
                    -0.9335543513298035,
                    -1.120265245437622
                ],
                [
                    -0.9724604487419128,
                    0.06526533514261246,
                    -0.22374354302883148,
                    -0.26849234104156494
                ],
                [
                    -6.42477360202065e-09,
                    0.9599921107292175,
                    0.2800270617008209,
                    0.3360324800014496
                ],
                [
                    0,
                    0,
                    0,
                    1
                ]
            ]
        }
    ]
}