{
    "camera_angle_x": 0.8575560450553894,
    "aabb": [
        [
            -0.35,
            -0.35,
            -0.35
        ],
        [
            0.35,
            0.35,
            0.35
        ]
    ],
    "frames": [
        {
            "file_path": "000.png",
            "transform_matrix": [
                [
                    -0.29909053444862366,
                    0.011805931106209755,
                    -0.9541517496109009,
                    -1.144982099533081
                ],
                [
                    -0.9542248249053955,
                    -0.0037004505284130573,
                    0.29906758666038513,
                    0.3588811457157135
                ],
                [
                    2.872291560152007e-08,
                    0.9999235272407532,
                    0.0123722143471241,
                    0.014846689067780972
                ],
                [
                    0,
                    0,
                    0,
                    1
                ]
            ]
        },
        {
            "file_path": "001.png",
            "transform_matrix": [
                [
                    0.4515152871608734,
                    -0.1952786147594452,
                    0.8706321120262146,
                    1.0447585582733154
                ],
                [
                    0.8922634124755859,
                    0.09881751239299774,
                    -0.4405691623687744,
                    -0.5286830067634583
                ],
                [
                    -2.1448791187594907e-08,
                    0.9757568836212158,
                    0.218857541680336,
                    0.2626292109489441
                ],
                [
                    0,
                    0,
                    0,
                    1
                ]
            ]
        },
        {
            "file_path": "002.png",
            "transform_matrix": [
                [
                    -0.7784243822097778,
                    -0.18261131644248962,
                    0.6005902290344238,
                    0.7207083106040955
                ],
                [
                    0.6277384161949158,
                    -0.22644644975662231,
                    0.7447593808174133,
                    0.893711268901825
                ],
                [
                    3.012828386772526e-08,
                    0.9567524194717407,
                    0.2909035086631775,
                    0.3490842282772064
                ],
                [
                    0,
                    0,
                    0,
                    1
                ]
            ]
        },
        {
            "file_path": "003.png",
            "transform_matrix": [
                [
                    -0.2572656571865082,
                    -0.0006134352879598737,
                    0.9663406610488892,
                    1.1596087217330933
                ],
                [
                    0.9663408994674683,
                    -0.00016333148232661188,
                    0.25726547837257385,
                    0.30871862173080444
                ],
                [
                    -9.538439371681307e-08,
                    0.9999999403953552,
                    0.0006346594309434295,
                    0.0007617961382493377
                ],
                [
                    0,
                    0,
                    0,
                    1
                ]
            ]
        },
        {
            "file_path": "004.png",
            "transform_matrix": [
                [
                    0.17054393887519836,
                    0.2498481720685959,
                    -0.953147828578949,
                    -1.1437773704528809
                ],
                [
                    -0.9853501319885254,
                    0.043243519961833954,
                    -0.16497045755386353,
                    -0.19796457886695862
                ],
                [
                    -2.250013864113498e-08,
                    0.9673190116882324,
                    0.2535627484321594,
                    0.3042753040790558
                ],
                [
                    0,
                    0,
                    0,
                    1
                ]
            ]
        },
        {
            "file_path": "005.png",
            "transform_matrix": [
                [
                    -0.18042738735675812,
                    0.39228585362434387,
                    -0.9019744396209717,
                    -1.082369327545166
                ],
                [
                    -0.9835883975028992,
                    -0.07196011394262314,
                    0.16545625030994415,
                    0.19854749739170074
                ],
                [
                    1.6947399927857987e-08,
                    0.9170243740081787,
                    0.3988312780857086,
                    0.4785976707935333
                ],
                [
                    0,
                    0,
                    0,
                    1
                ]
            ]
        }
    ]
}