{
    "camera_angle_x": 0.8575560450553894,
    "aabb": [
        [
            -0.35,
            -0.35,
            -0.35
        ],
        [
            0.35,
            0.35,
            0.35
        ]
    ],
    "frames": [
        {
            "file_path": "000.png",
            "transform_matrix": [
                [
                    0.7339381575584412,
                    0.1455368548631668,
                    -0.6634408831596375,
                    -0.796129047870636
                ],
                [
                    -0.6792162656784058,
                    0.15726223587989807,
                    -0.7168918251991272,
                    -0.8602702021598816
                ],
                [
                    2.047896074941491e-08,
                    0.9767740964889526,
                    0.21427175402641296,
                    0.25712618231773376
                ],
                [
                    0,
                    0,
                    0,
                    1
                ]
            ]
        },
        {
            "file_path": "001.png",
            "transform_matrix": [
                [
                    0.926847517490387,
                    -0.05658458173274994,
                    0.37114933133125305,
                    0.4453791677951813
                ],
                [
                    0.3754379451274872,
                    0.1396908015012741,
                    -0.916260302066803,
                    -1.0995123386383057
                ],
                [
                    2.9040144511327526e-08,
                    0.9885771870613098,
                    0.15071606636047363,
                    0.18085946142673492
                ],
                [
                    0,
                    0,
                    0,
                    1
                ]
            ]
        },
        {
            "file_path": "002.png",
            "transform_matrix": [
                [
                    -0.06028223782777786,
                    0.11317003518342972,
                    -0.9917452335357666,
                    -1.1900943517684937
                ],
                [
                    -0.9981814026832581,
                    -0.006834547501057386,
                    0.05989352613687515,
                    0.07187222689390182
                ],
                [
                    4.705363565449261e-08,
                    0.9935521483421326,
                    0.1133761927485466,
                    0.13605144619941711
                ],
                [
                    0,
                    0,
                    0,
                    1
                ]
            ]
        },
        {
            "file_path": "003.png",
            "transform_matrix": [
                [
                    0.8051514029502869,
                    -0.020256534218788147,
                    0.5927232503890991,
                    0.7112679481506348
                ],
                [
                    0.593069314956665,
                    0.027500392869114876,
                    -0.8046815991401672,
                    -0.9656179547309875
                ],
                [
                    -5.158461391374658e-08,
                    0.9994165301322937,
                    0.03415551409125328,
                    0.040986478328704834
                ],
                [
                    0,
                    0,
                    0,
                    1
                ]
            ]
        },
        {
            "file_path": "004.png",
            "transform_matrix": [
                [
                    0.964511513710022,
                    -0.05690046027302742,
                    0.25783705711364746,
                    0.3094044327735901
                ],
                [
                    0.2640409469604492,
                    0.20785079896450043,
                    -0.9418497085571289,
                    -1.1302194595336914
                ],
                [
                    -2.6856119106355436e-08,
                    0.976504385471344,
                    0.21549852192401886,
                    0.2585983872413635
                ],
                [
                    0,
                    0,
                    0,
                    1
                ]
            ]
        },
        {
            "file_path": "005.png",
            "transform_matrix": [
                [
                    -0.9338600039482117,
                    0.06787841022014618,
                    -0.35113847255706787,
                    -0.42136621475219727
                ],
                [
                    -0.3576390743255615,
                    -0.17724281549453735,
                    0.9168856739997864,
                    1.1002628803253174
                ],
                [
                    -1.4212329091378706e-08,
                    0.9818236231803894,
                    0.1897958368062973,
                    0.22775501012802124
                ],
                [
                    0,
                    0,
                    0,
                    1
                ]
            ]
        }
    ]
}