{
    "camera_angle_x": 0.8575560450553894,
    "aabb": [
        [
            -0.35,
            -0.35,
            -0.35
        ],
        [
            0.35,
            0.35,
            0.35
        ]
    ],
    "frames": [
        {
            "file_path": "000.png",
            "transform_matrix": [
                [
                    0.9535501003265381,
                    0.07543174177408218,
                    -0.29163727164268494,
                    -0.3499647080898285
                ],
                [
                    -0.30123454332351685,
                    0.23877714574337006,
                    -0.9231703877449036,
                    -1.107804298400879
                ],
                [
                    2.9437767778972557e-08,
                    0.9681404232978821,
                    0.2504085898399353,
                    0.3004903495311737
                ],
                [
                    0,
                    0,
                    0,
                    1
                ]
            ]
        },
        {
            "file_path": "001.png",
            "transform_matrix": [
                [
                    -0.8887370824813843,
                    0.005074647720903158,
                    -0.4583892524242401,
                    -0.550067126750946
                ],
                [
                    -0.4584173560142517,
                    -0.009838223457336426,
                    0.8886826038360596,
                    1.0664191246032715
                ],
                [
                    1.8940156110147655e-08,
                    0.9999387264251709,
                    0.011069884523749352,
                    0.013283832930028439
                ],
                [
                    0,
                    0,
                    0,
                    1
                ]
            ]
        },
        {
            "file_path": "002.png",
            "transform_matrix": [
                [
                    0.9592509269714355,
                    -0.03456280380487442,
                    0.280433714389801,
                    0.33652040362358093
                ],
                [
                    0.28255558013916016,
                    0.1173374205827713,
                    -0.95204758644104,
                    -1.1424568891525269
                ],
                [
                    2.790847553058029e-09,
                    0.9924906492233276,
                    0.12232193350791931,
                    0.14678660035133362
                ],
                [
                    0,
                    0,
                    0,
                    1
                ]
            ]
        },
        {
            "file_path": "003.png",
            "transform_matrix": [
                [
                    0.9972895979881287,
                    -0.019327277317643166,
                    0.07099218666553497,
                    0.08519061654806137
                ],
                [
                    0.07357604056596756,
                    0.2619723379611969,
                    -0.9622666239738464,
                    -1.1547199487686157
                ],
                [
                    2.7915663114441713e-09,
                    0.9648818373680115,
                    0.26268431544303894,
                    0.3152213394641876
                ],
                [
                    0,
                    0,
                    0,
                    1
                ]
            ]
        },
        {
            "file_path": "004.png",
            "transform_matrix": [
                [
                    -0.9916013479232788,
                    0.06336740404367447,
                    -0.11274498701095581,
                    -0.13529397547245026
                ],
                [
                    -0.12933236360549927,
                    -0.48584285378456116,
                    0.8644246459007263,
                    1.0373095273971558
                ],
                [
                    -2.021927070217089e-09,
                    0.8717461228370667,
                    0.4899578392505646,
                    0.5879494547843933
                ],
                [
                    0,
                    0,
                    0,
                    1
                ]
            ]
        },
        {
            "file_path": "005.png",
            "transform_matrix": [
                [
                    -0.9867151975631714,
                    -0.01423916220664978,
                    0.16183550655841827,
                    0.19420261681079865
                ],
                [
                    0.16246072947978973,
                    -0.08648248016834259,
                    0.982917845249176,
                    1.1795012950897217
                ],
                [
                    -2.2708932512216506e-09,
                    0.9961516857147217,
                    0.08764670789241791,
                    0.10517615079879761
                ],
                [
                    0,
                    0,
                    0,
                    1
                ]
            ]
        }
    ]
}