{
    "camera_angle_x": 0.8575560450553894,
    "aabb": [
        [
            -0.35,
            -0.35,
            -0.35
        ],
        [
            0.35,
            0.35,
            0.35
        ]
    ],
    "frames": [
        {
            "file_path": "000.png",
            "transform_matrix": [
                [
                    -0.9717299938201904,
                    0.08489016443490982,
                    -0.2203073352575302,
                    -0.2643687129020691
                ],
                [
                    -0.23609672486782074,
                    -0.3493921756744385,
                    0.9067436456680298,
                    1.0880922079086304
                ],
                [
                    7.706011828645387e-09,
                    0.9331234693527222,
                    0.35955652594566345,
                    0.43146806955337524
                ],
                [
                    0,
                    0,
                    0,
                    1
                ]
            ]
        },
        {
            "file_path": "001.png",
            "transform_matrix": [
                [
                    -0.9882990121841431,
                    -0.06873472779989243,
                    0.1361648589372635,
                    0.16339783370494843
                ],
                [
                    0.1525297611951828,
                    -0.4453587532043457,
                    0.8822643756866455,
                    1.0587172508239746
                ],
                [
                    1.9107733173484576e-09,
                    0.8927100896835327,
                    0.4506315290927887,
                    0.540757954120636
                ],
                [
                    0,
                    0,
                    0,
                    1
                ]
            ]
        },
        {
            "file_path": "002.png",
            "transform_matrix": [
                [
                    -0.08675680309534073,
                    0.08127617090940475,
                    -0.9929085373878479,
                    -1.1914904117584229
                ],
                [
                    -0.9962295293807983,
                    -0.007078010588884354,
                    0.08646760135889053,
                    0.10376109182834625
                ],
                [
                    -7.293731130175729e-08,
                    0.9966664910316467,
                    0.08158379793167114,
                    0.0979006215929985
                ],
                [
                    0,
                    0,
                    0,
                    1
                ]
            ]
        },
        {
            "file_path": "003.png",
            "transform_matrix": [
                [
                    -0.895428478717804,
                    -0.07166050374507904,
                    0.4394007623195648,
                    0.5272809267044067
                ],
                [
                    0.4452058672904968,
                    -0.14412854611873627,
                    0.8837527632713318,
                    1.0605032444000244
                ],
                [
                    -2.5200904474331765e-08,
                    0.9869610071182251,
                    0.16096025705337524,
                    0.19315262138843536
                ],
                [
                    0,
                    0,
                    0,
                    1
                ]
            ]
        },
        {
            "file_path": "004.png",
            "transform_matrix": [
                [
                    -0.6153537631034851,
                    0.12747374176979065,
                    -0.777875542640686,
                    -0.9334506988525391
                ],
                [
                    -0.7882511615753174,
                    -0.09951330721378326,
                    0.607253909111023,
                    0.7287046313285828
                ],
                [
                    -1.2802885862583935e-08,
                    0.9868372082710266,
                    0.16171713173389435,
                    0.1940605789422989
                ],
                [
                    0,
                    0,
                    0,
                    1
                ]
            ]
        },
        {
            "file_path": "005.png",
            "transform_matrix": [
                [
                    0.218336820602417,
                    0.35730957984924316,
                    -0.908107340335846,
                    -1.089728832244873
                ],
                [
                    -0.9758735299110413,
                    0.07994255423545837,
                    -0.20317520201206207,
                    -0.2438102513551712
                ],
                [
                    1.2252314718352864e-08,
                    0.9305585026741028,
                    0.3661433160305023,
                    0.4393719732761383
                ],
                [
                    0,
                    0,
                    0,
                    1
                ]
            ]
        }
    ]
}