{
    "camera_angle_x": 0.8575560450553894,
    "aabb": [
        [
            -0.35,
            -0.35,
            -0.35
        ],
        [
            0.35,
            0.35,
            0.35
        ]
    ],
    "frames": [
        {
            "file_path": "000.png",
            "transform_matrix": [
                [
                    0.8192398548126221,
                    -0.15626779198646545,
                    0.551748514175415,
                    0.662098228931427
                ],
                [
                    0.5734509825706482,
                    0.22324630618095398,
                    -0.7882354259490967,
                    -0.9458824992179871
                ],
                [
                    -1.713837072259139e-08,
                    0.9621546268463135,
                    0.27250421047210693,
                    0.32700514793395996
                ],
                [
                    0,
                    0,
                    0,
                    1
                ]
            ]
        },
        {
            "file_path": "001.png",
            "transform_matrix": [
                [
                    0.8811575770378113,
                    0.091055728495121,
                    -0.4639722406864166,
                    -0.5567665696144104
                ],
                [
                    -0.47282278537750244,
                    0.16969220340251923,
                    -0.8646637797355652,
                    -1.037596344947815
                ],
                [
                    -4.77416897126659e-08,
                    0.9812816381454468,
                    0.1925787627696991,
                    0.2310948222875595
                ],
                [
                    0,
                    0,
                    0,
                    1
                ]
            ]
        },
        {
            "file_path": "002.png",
            "transform_matrix": [
                [
                    -0.8550863862037659,
                    0.035683609545230865,
                    -0.5172564387321472,
                    -0.6207076907157898
                ],
                [
                    -0.5184857845306396,
                    -0.05884938687086105,
                    0.8530588150024414,
                    1.0236705541610718
                ],
                [
                    3.4620832423115644e-08,
                    0.9976289868354797,
                    0.06882259994745255,
                    0.08258725702762604
                ],
                [
                    0,
                    0,
                    0,
                    1
                ]
            ]
        },
        {
            "file_path": "003.png",
            "transform_matrix": [
                [
                    0.43417254090309143,
                    -0.2251228541135788,
                    0.8722464442253113,
                    1.0466958284378052
                ],
                [
                    0.9008297324180603,
                    0.10850239545106888,
                    -0.42039623856544495,
                    -0.5044755935668945
                ],
                [
                    -9.403965606225029e-09,
                    0.9682700634002686,
                    0.24990613758563995,
                    0.2998873293399811
                ],
                [
                    0,
                    0,
                    0,
                    1
                ]
            ]
        },
        {
            "file_path": "004.png",
            "transform_matrix": [
                [
                    0.3488852381706238,
                    -0.11301374435424805,
                    0.9303262829780579,
                    1.1163915395736694
                ],
                [
                    0.9371654391288757,
                    0.04207251965999603,
                    -0.3463391363620758,
                    -0.4156070947647095
                ],
                [
                    -6.674560637520699e-08,
                    0.9927022457122803,
                    0.12059106677770615,
                    0.1447092592716217
                ],
                [
                    0,
                    0,
                    0,
                    1
                ]
            ]
        },
        {
            "file_path": "005.png",
            "transform_matrix": [
                [
                    -0.06441622227430344,
                    -0.12084200233221054,
                    0.9905796051025391,
                    1.1886954307556152
                ],
                [
                    0.9979232549667358,
                    -0.007800445891916752,
                    0.063942089676857,
                    0.07673052698373795
                ],
                [
                    -3.1854121118612966e-08,
                    0.9926412105560303,
                    0.12109338492155075,
                    0.14531227946281433
                ],
                [
                    0,
                    0,
                    0,
                    1
                ]
            ]
        }
    ]
}