{
    "camera_angle_x": 0.8575560450553894,
    "aabb": [
        [
            -0.35,
            -0.35,
            -0.35
        ],
        [
            0.35,
            0.35,
            0.35
        ]
    ],
    "frames": [
        {
            "file_path": "000.png",
            "transform_matrix": [
                [
                    0.8473700284957886,
                    0.09808603674173355,
                    -0.5218650698661804,
                    -0.6262381076812744
                ],
                [
                    -0.5310028195381165,
                    0.1565248817205429,
                    -0.8327881097793579,
                    -0.9993457198143005
                ],
                [
                    -6.613163350266404e-10,
                    0.9827914834022522,
                    0.18471845984458923,
                    0.2216622680425644
                ],
                [
                    0,
                    0,
                    0,
                    1
                ]
            ]
        },
        {
            "file_path": "001.png",
            "transform_matrix": [
                [
                    0.8600146174430847,
                    -0.10211019963026047,
                    0.4999483823776245,
                    0.5999380350112915
                ],
                [
                    0.5102694034576416,
                    0.1720978170633316,
                    -0.8426194190979004,
                    -1.0111433267593384
                ],
                [
                    1.6679617687032078e-09,
                    0.9797734022140503,
                    0.20011034607887268,
                    0.24013251066207886
                ],
                [
                    0,
                    0,
                    0,
                    1
                ]
            ]
        },
        {
            "file_path": "002.png",
            "transform_matrix": [
                [
                    -0.6646857857704163,
                    0.28658559918403625,
                    -0.6899722218513489,
                    -0.8279666900634766
                ],
                [
                    -0.747123122215271,
                    -0.25496387481689453,
                    0.6138408184051514,
                    0.7366089224815369
                ],
                [
                    -1.9901214898254693e-08,
                    0.923505425453186,
                    0.38358548283576965,
                    0.4603026211261749
                ],
                [
                    0,
                    0,
                    0,
                    1
                ]
            ]
        },
        {
            "file_path": "003.png",
            "transform_matrix": [
                [
                    -0.981209933757782,
                    -0.05252133309841156,
                    0.18565760552883148,
                    0.22278912365436554
                ],
                [
                    0.19294361770153046,
                    -0.2670958936214447,
                    0.9441571235656738,
                    1.1329885721206665
                ],
                [
                    -1.2854393105499184e-08,
                    0.9622377157211304,
                    0.2722107172012329,
                    0.32665300369262695
                ],
                [
                    0,
                    0,
                    0,
                    1
                ]
            ]
        },
        {
            "file_path": "004.png",
            "transform_matrix": [
                [
                    0.060243960469961166,
                    0.06299227476119995,
                    -0.996194064617157,
                    -1.1954329013824463
                ],
                [
                    -0.9981836676597595,
                    0.003801863407716155,
                    -0.06012386828660965,
                    -0.07214868813753128
                ],
                [
                    4.240735762550685e-08,
                    0.9980067610740662,
                    0.06310691684484482,
                    0.07572821527719498
                ],
                [
                    0,
                    0,
                    0,
                    1
                ]
            ]
        },
        {
            "file_path": "005.png",
            "transform_matrix": [
                [
                    0.9450802206993103,
                    0.13477079570293427,
                    -0.29775869846343994,
                    -0.3573104739189148
                ],
                [
                    -0.32683852314949036,
                    0.3897007405757904,
                    -0.8609935641288757,
                    -1.0331922769546509
                ],
                [
                    3.3753035921790797e-09,
                    0.9110270142555237,
                    0.412346750497818,
                    0.4948161840438843
                ],
                [
                    0,
                    0,
                    0,
                    1
                ]
            ]
        }
    ]
}