{
    "camera_angle_x": 0.8575560450553894,
    "aabb": [
        [
            -0.35,
            -0.35,
            -0.35
        ],
        [
            0.35,
            0.35,
            0.35
        ]
    ],
    "frames": [
        {
            "file_path": "000.png",
            "transform_matrix": [
                [
                    0.9974042177200317,
                    -0.0036430959589779377,
                    0.0719134733080864,
                    0.08629617094993591
                ],
                [
                    0.07200569659471512,
                    0.05046330764889717,
                    -0.9961268305778503,
                    -1.1953521966934204
                ],
                [
                    -5.8587019680089725e-09,
                    0.9987192749977112,
                    0.05059463903307915,
                    0.06071345880627632
                ],
                [
                    0,
                    0,
                    0,
                    1
                ]
            ]
        },
        {
            "file_path": "001.png",
            "transform_matrix": [
                [
                    0.6780634522438049,
                    0.2752784788608551,
                    -0.6815069317817688,
                    -0.8178083300590515
                ],
                [
                    -0.7350033521652222,
                    0.2539529800415039,
                    -0.6287114024162292,
                    -0.754453718662262
                ],
                [
                    3.2060682997325785e-08,
                    0.927216112613678,
                    0.37452682852745056,
                    0.4494321644306183
                ],
                [
                    0,
                    0,
                    0,
                    1
                ]
            ]
        },
        {
            "file_path": "002.png",
            "transform_matrix": [
                [
                    -0.9237439036369324,
                    0.0574856735765934,
                    -0.3786720633506775,
                    -0.4544064998626709
                ],
                [
                    -0.3830106258392334,
                    -0.1386437565088272,
                    0.913280189037323,
                    1.0959362983703613
                ],
                [
                    4.3822794282277755e-09,
                    0.9886724948883057,
                    0.15008898079395294,
                    0.18010687828063965
                ],
                [
                    0,
                    0,
                    0,
                    1
                ]
            ]
        },
        {
            "file_path": "003.png",
            "transform_matrix": [
                [
                    -0.6289842128753662,
                    -0.012583008967339993,
                    0.7773162722587585,
                    0.9327795505523682
                ],
                [
                    0.7774181365966797,
                    -0.010180672630667686,
                    0.6289017796516418,
                    0.754682183265686
                ],
                [
                    1.0616076195901769e-07,
                    0.9998690485954285,
                    0.01618569903075695,
                    0.019422851502895355
                ],
                [
                    0,
                    0,
                    0,
                    1
                ]
            ]
        },
        {
            "file_path": "004.png",
            "transform_matrix": [
                [
                    0.8881046772003174,
                    0.043096840381622314,
                    -0.45761638879776,
                    -0.549139678478241
                ],
                [
                    -0.4596412777900696,
                    0.08327029645442963,
                    -0.8841922879219055,
                    -1.0610307455062866
                ],
                [
                    -2.1159692664696195e-08,
                    0.9955946803092957,
                    0.09376182407140732,
                    0.11251426488161087
                ],
                [
                    0,
                    0,
                    0,
                    1
                ]
            ]
        },
        {
            "file_path": "005.png",
            "transform_matrix": [
                [
                    0.5824510455131531,
                    -0.15973405539989471,
                    0.7970168590545654,
                    0.9564201831817627
                ],
                [
                    0.8128658533096313,
                    0.11445572972297668,
                    -0.5710946917533875,
                    -0.6853135824203491
                ],
                [
                    6.827559673183714e-08,
                    0.9805024266242981,
                    0.19650718569755554,
                    0.23580880463123322
                ],
                [
                    0,
                    0,
                    0,
                    1
                ]
            ]
        }
    ]
}