{
    "camera_angle_x": 0.8575560450553894,
    "aabb": [
        [
            -0.35,
            -0.35,
            -0.35
        ],
        [
            0.35,
            0.35,
            0.35
        ]
    ],
    "frames": [
        {
            "file_path": "000.png",
            "transform_matrix": [
                [
                    -0.48723170161247253,
                    0.028868621215224266,
                    -0.8727954030036926,
                    -1.0473545789718628
                ],
                [
                    -0.873272716999054,
                    -0.01610698737204075,
                    0.4869654178619385,
                    0.5843585133552551
                ],
                [
                    -8.406134099914198e-08,
                    0.9994534254074097,
                    0.03305801376700401,
                    0.03966964781284332
                ],
                [
                    0,
                    0,
                    0,
                    1
                ]
            ]
        },
        {
            "file_path": "001.png",
            "transform_matrix": [
                [
                    0.41984811425209045,
                    -0.314734548330307,
                    0.8512753844261169,
                    1.0215303897857666
                ],
                [
                    0.9075944423675537,
                    0.14559437334537506,
                    -0.39379531145095825,
                    -0.47255441546440125
                ],
                [
                    3.770076872910977e-08,
                    0.9379469752311707,
                    0.3467787802219391,
                    0.41613468527793884
                ],
                [
                    0,
                    0,
                    0,
                    1
                ]
            ]
        },
        {
            "file_path": "002.png",
            "transform_matrix": [
                [
                    -0.5954845547676086,
                    0.13524532318115234,
                    -0.7919008135795593,
                    -0.9502809643745422
                ],
                [
                    -0.8033667802810669,
                    -0.10024869441986084,
                    0.5869855284690857,
                    0.7043827176094055
                ],
                [
                    4.422158994543679e-08,
                    0.9857276082038879,
                    0.16834811866283417,
                    0.20201782882213593
                ],
                [
                    0,
                    0,
                    0,
                    1
                ]
            ]
        },
        {
            "file_path": "003.png",
            "transform_matrix": [
                [
                    0.6870568990707397,
                    0.01702570542693138,
                    -0.7264041304588318,
                    -0.8716849684715271
                ],
                [
                    -0.726603627204895,
                    0.016098985448479652,
                    -0.6868683099746704,
                    -0.8242419362068176
                ],
                [
                    -1.849838682232985e-08,
                    0.9997254610061646,
                    0.023431845009326935,
                    0.028118297457695007
                ],
                [
                    0,
                    0,
                    0,
                    1
                ]
            ]
        },
        {
            "file_path": "004.png",
            "transform_matrix": [
                [
                    -0.8852759599685669,
                    -0.05717126280069351,
                    0.46153900027275085,
                    0.5538467764854431
                ],
                [
                    0.46506646275520325,
                    -0.10882826894521713,
                    0.8785611987113953,
                    1.0542733669281006
                ],
                [
                    -9.183340310414678e-09,
                    0.9924152493476868,
                    0.12293128669261932,
                    0.14751774072647095
                ],
                [
                    0,
                    0,
                    0,
                    1
                ]
            ]
        },
        {
            "file_path": "005.png",
            "transform_matrix": [
                [
                    -0.7260516285896301,
                    -0.2761591672897339,
                    0.62975013256073,
                    0.7557001113891602
                ],
                [
                    0.6876402497291565,
                    -0.2915852963924408,
                    0.6649277806282043,
                    0.7979133725166321
                ],
                [
                    -2.6563057531348022e-08,
                    0.9158133864402771,
                    0.4016040861606598,
                    0.48192504048347473
                ],
                [
                    0,
                    0,
                    0,
                    1
                ]
            ]
        }
    ]
}