{
    "camera_angle_x": 0.8575560450553894,
    "aabb": [
        [
            -0.35,
            -0.35,
            -0.35
        ],
        [
            0.35,
            0.35,
            0.35
        ]
    ],
    "frames": [
        {
            "file_path": "000.png",
            "transform_matrix": [
                [
                    0.929681122303009,
                    0.005536566022783518,
                    -0.36832377314567566,
                    -0.4419884979724884
                ],
                [
                    -0.3683653771877289,
                    0.013973105698823929,
                    -0.9295760989189148,
                    -1.1154913902282715
                ],
                [
                    -1.844521335669924e-08,
                    0.9998871088027954,
                    0.015030008740723133,
                    0.01803615689277649
                ],
                [
                    0,
                    0,
                    0,
                    1
                ]
            ]
        },
        {
            "file_path": "001.png",
            "transform_matrix": [
                [
                    0.9430850148200989,
                    0.1098550334572792,
                    -0.313882976770401,
                    -0.3766596019268036
                ],
                [
                    -0.3325517177581787,
                    0.31153833866119385,
                    -0.8901422619819641,
                    -1.0681707859039307
                ],
                [
                    -2.2034889468613983e-08,
                    0.9438621401786804,
                    0.33033961057662964,
                    0.39640751481056213
                ],
                [
                    0,
                    0,
                    0,
                    1
                ]
            ]
        },
        {
            "file_path": "002.png",
            "transform_matrix": [
                [
                    -0.26248544454574585,
                    0.47630149126052856,
                    -0.8391891121864319,
                    -1.0070269107818604
                ],
                [
                    -0.9649359583854675,
                    -0.12956523895263672,
                    0.22827930748462677,
                    0.2739351689815521
                ],
                [
                    6.454890666418578e-08,
                    0.8696837425231934,
                    0.49360939860343933,
                    0.5923314094543457
                ],
                [
                    0,
                    0,
                    0,
                    1
                ]
            ]
        },
        {
            "file_path": "003.png",
            "transform_matrix": [
                [
                    -0.7106361389160156,
                    -0.28101953864097595,
                    0.6449995636940002,
                    0.7739993929862976
                ],
                [
                    0.7035598158836365,
                    -0.28384605050086975,
                    0.651486873626709,
                    0.7817842960357666
                ],
                [
                    -1.1285550272077671e-09,
                    0.9167658090591431,
                    0.399425208568573,
                    0.4793103337287903
                ],
                [
                    0,
                    0,
                    0,
                    1
                ]
            ]
        },
        {
            "file_path": "004.png",
            "transform_matrix": [
                [
                    0.19373199343681335,
                    0.04041612148284912,
                    -0.980221688747406,
                    -1.1762659549713135
                ],
                [
                    -0.9810545444488525,
                    0.007980980910360813,
                    -0.19356758892536163,
                    -0.23228105902671814
                ],
                [
                    -5.904692557123781e-08,
                    0.9991511106491089,
                    0.041196539998054504,
                    0.04943593591451645
                ],
                [
                    0,
                    0,
                    0,
                    1
                ]
            ]
        },
        {
            "file_path": "005.png",
            "transform_matrix": [
                [
                    -0.7116382122039795,
                    -0.01796950213611126,
                    0.7023163437843323,
                    0.8427796363830566
                ],
                [
                    0.702546238899231,
                    -0.018202058970928192,
                    0.711405336856842,
                    0.8536864519119263
                ],
                [
                    -2.6940732311686588e-08,
                    0.9996728897094727,
                    0.025577612221240997,
                    0.03069324605166912
                ],
                [
                    0,
                    0,
                    0,
                    1
                ]
            ]
        }
    ]
}