{
    "camera_angle_x": 0.8575560450553894,
    "aabb": [
        [
            -0.35,
            -0.35,
            -0.35
        ],
        [
            0.35,
            0.35,
            0.35
        ]
    ],
    "frames": [
        {
            "file_path": "000.png",
            "transform_matrix": [
                [
                    -0.34434086084365845,
                    0.27703583240509033,
                    -0.8970399498939514,
                    -1.0764479637145996
                ],
                [
                    -0.9388447999954224,
                    -0.10160868614912033,
                    0.329008013010025,
                    0.39480966329574585
                ],
                [
                    2.8079263358904427e-08,
                    0.9554721117019653,
                    0.29508155584335327,
                    0.35409799218177795
                ],
                [
                    0,
                    0,
                    0,
                    1
                ]
            ]
        },
        {
            "file_path": "001.png",
            "transform_matrix": [
                [
                    -0.7923635244369507,
                    -0.14693620800971985,
                    0.5920895338058472,
                    0.7105075120925903
                ],
                [
                    0.6100493669509888,
                    -0.19084832072257996,
                    0.7690362930297852,
                    0.9228434562683105
                ],
                [
                    -8.894119218894048e-09,
                    0.9705600142478943,
                    0.2408594787120819,
                    0.2890315055847168
                ],
                [
                    0,
                    0,
                    0,
                    1
                ]
            ]
        },
        {
            "file_path": "002.png",
            "transform_matrix": [
                [
                    -0.9117932319641113,
                    -0.19062075018882751,
                    0.36372655630111694,
                    0.4364718496799469
                ],
                [
                    0.410649836063385,
                    -0.42324796319007874,
                    0.8076063394546509,
                    0.9691276550292969
                ],
                [
                    -2.6591038704282255e-08,
                    0.8857342004776001,
                    0.46419286727905273,
                    0.5570314526557922
                ],
                [
                    0,
                    0,
                    0,
                    1
                ]
            ]
        },
        {
            "file_path": "003.png",
            "transform_matrix": [
                [
                    -0.8684552907943726,
                    0.1495564728975296,
                    -0.4726715087890625,
                    -0.5672057867050171
                ],
                [
                    -0.49576759338378906,
                    -0.26198387145996094,
                    0.8279969692230225,
                    0.9935963749885559
                ],
                [
                    9.21398779496485e-09,
                    0.9534135460853577,
                    0.3016664981842041,
                    0.36199983954429626
                ],
                [
                    0,
                    0,
                    0,
                    1
                ]
            ]
        },
        {
            "file_path": "004.png",
            "transform_matrix": [
                [
                    -0.7549409866333008,
                    -0.15546782314777374,
                    0.6370980143547058,
                    0.7645176649093628
                ],
                [
                    0.6557927131652832,
                    -0.17897279560565948,
                    0.7334198355674744,
                    0.8801038265228271
                ],
                [
                    2.420926392687761e-08,
                    0.9714929461479187,
                    0.2370685636997223,
                    0.2844822406768799
                ],
                [
                    0,
                    0,
                    0,
                    1
                ]
            ]
        },
        {
            "file_path": "005.png",
            "transform_matrix": [
                [
                    0.9651060700416565,
                    -0.01161360926926136,
                    0.26160162687301636,
                    0.3139219582080841
                ],
                [
                    0.26185929775238037,
                    0.04280296340584755,
                    -0.9641565084457397,
                    -1.1569877862930298
                ],
                [
                    -6.007242703276461e-09,
                    0.9990161061286926,
                    0.044350527226924896,
                    0.05322077497839928
                ],
                [
                    0,
                    0,
                    0,
                    1
                ]
            ]
        }
    ]
}