{
    "camera_angle_x": 0.8575560450553894,
    "aabb": [
        [
            -0.35,
            -0.35,
            -0.35
        ],
        [
            0.35,
            0.35,
            0.35
        ]
    ],
    "frames": [
        {
            "file_path": "000.png",
            "transform_matrix": [
                [
                    0.9714311361312866,
                    -0.008823799900710583,
                    0.2371574491262436,
                    0.28458890318870544
                ],
                [
                    0.23732155561447144,
                    0.03611842170357704,
                    -0.9707595705986023,
                    -1.1649113893508911
                ],
                [
                    3.679873294970548e-09,
                    0.999308705329895,
                    0.03718063235282898,
                    0.04461679235100746
                ],
                [
                    0,
                    0,
                    0,
                    1
                ]
            ]
        },
        {
            "file_path": "001.png",
            "transform_matrix": [
                [
                    0.9822959303855896,
                    0.013187467120587826,
                    -0.18687111139297485,
                    -0.2242453545331955
                ],
                [
                    -0.18733586370944977,
                    0.0691484585404396,
                    -0.9798591136932373,
                    -1.1758309602737427
                ],
                [
                    1.290922924113147e-09,
                    0.9975192546844482,
                    0.07039473205804825,
                    0.08447373658418655
                ],
                [
                    0,
                    0,
                    0,
                    1
                ]
            ]
        },
        {
            "file_path": "002.png",
            "transform_matrix": [
                [
                    0.31252336502075195,
                    0.07644174993038177,
                    -0.9468293190002441,
                    -1.1361953020095825
                ],
                [
                    -0.949910044670105,
                    0.025149643421173096,
                    -0.31150978803634644,
                    -0.3738117218017578
                ],
                [
                    6.254003181993539e-08,
                    0.9967567920684814,
                    0.08047264814376831,
                    0.09656713157892227
                ],
                [
                    0,
                    0,
                    0,
                    1
                ]
            ]
        },
        {
            "file_path": "003.png",
            "transform_matrix": [
                [
                    -0.8451233506202698,
                    0.08429340273141861,
                    -0.5278837084770203,
                    -0.6334604620933533
                ],
                [
                    -0.5345714092254639,
                    -0.13326247036457062,
                    0.8345505595207214,
                    1.0014606714248657
                ],
                [
                    3.468091591685152e-08,
                    0.987489640712738,
                    0.15768401324748993,
                    0.18922095000743866
                ],
                [
                    0,
                    0,
                    0,
                    1
                ]
            ]
        },
        {
            "file_path": "004.png",
            "transform_matrix": [
                [
                    -0.9963719844818115,
                    -0.03443743288516998,
                    0.07782590389251709,
                    0.09339109808206558
                ],
                [
                    0.08510468900203705,
                    -0.4031798243522644,
                    0.9111548662185669,
                    1.093385934829712
                ],
                [
                    8.216962665841265e-10,
                    0.9144725799560547,
                    0.40464791655540466,
                    0.4855774939060211
                ],
                [
                    0,
                    0,
                    0,
                    1
                ]
            ]
        },
        {
            "file_path": "005.png",
            "transform_matrix": [
                [
                    0.5932009816169739,
                    -0.2798328697681427,
                    0.7548550367355347,
                    0.9058260321617126
                ],
                [
                    0.8050544261932373,
                    0.20619365572929382,
                    -0.5562118291854858,
                    -0.6674543023109436
                ],
                [
                    4.211294424294465e-09,
                    0.9376447796821594,
                    0.3475949466228485,
                    0.4171140491962433
                ],
                [
                    0,
                    0,
                    0,
                    1
                ]
            ]
        }
    ]
}