{
    "camera_angle_x": 0.8575560450553894,
    "aabb": [
        [
            -0.35,
            -0.35,
            -0.35
        ],
        [
            0.35,
            0.35,
            0.35
        ]
    ],
    "frames": [
        {
            "file_path": "000.png",
            "transform_matrix": [
                [
                    0.7252888679504395,
                    0.29491353034973145,
                    -0.6220788359642029,
                    -0.7464945316314697
                ],
                [
                    -0.6884446740150452,
                    0.31069666147232056,
                    -0.655371367931366,
                    -0.7864456176757812
                ],
                [
                    -2.1128109040091658e-08,
                    0.9036003947257996,
                    0.4283764660358429,
                    0.5140519142150879
                ],
                [
                    0,
                    0,
                    0,
                    1
                ]
            ]
        },
        {
            "file_path": "001.png",
            "transform_matrix": [
                [
                    -0.8825023770332336,
                    0.22264160215854645,
                    -0.4142708480358124,
                    -0.49712496995925903
                ],
                [
                    -0.47030800580978394,
                    -0.41777241230010986,
                    0.7773523330688477,
                    0.9328227639198303
                ],
                [
                    2.955768252377311e-08,
                    0.8808501362800598,
                    0.4733952581882477,
                    0.5680744051933289
                ],
                [
                    0,
                    0,
                    0,
                    1
                ]
            ]
        },
        {
            "file_path": "002.png",
            "transform_matrix": [
                [
                    0.977286159992218,
                    0.038616158068180084,
                    -0.20837588608264923,
                    -0.2500510513782501
                ],
                [
                    -0.21192385256290436,
                    0.17807810008525848,
                    -0.9609248638153076,
                    -1.1531097888946533
                ],
                [
                    -2.4315198743352084e-08,
                    0.9832584261894226,
                    0.18221694231033325,
                    0.21866059303283691
                ],
                [
                    0,
                    0,
                    0,
                    1
                ]
            ]
        },
        {
            "file_path": "003.png",
            "transform_matrix": [
                [
                    -0.926838755607605,
                    -0.1770775318145752,
                    0.33108049631118774,
                    0.3972965478897095
                ],
                [
                    0.3754607141017914,
                    -0.437122642993927,
                    0.8172842860221863,
                    0.980741024017334
                ],
                [
                    2.6415817089286975e-08,
                    0.8817981481552124,
                    0.47162726521492004,
                    0.5659527778625488
                ],
                [
                    0,
                    0,
                    0,
                    1
                ]
            ]
        },
        {
            "file_path": "004.png",
            "transform_matrix": [
                [
                    -0.7098416686058044,
                    -0.09839662164449692,
                    0.6974547505378723,
                    0.836945652961731
                ],
                [
                    0.7043614387512207,
                    -0.09916215389966965,
                    0.7028812170028687,
                    0.8434574007987976
                ],
                [
                    -5.149104254087433e-08,
                    0.9901944398880005,
                    0.1396961212158203,
                    0.16763554513454437
                ],
                [
                    0,
                    0,
                    0,
                    1
                ]
            ]
        },
        {
            "file_path": "005.png",
            "transform_matrix": [
                [
                    -0.21444183588027954,
                    -0.330547034740448,
                    0.919104814529419,
                    1.1029256582260132
                ],
                [
                    0.9767369031906128,
                    -0.07257135212421417,
                    0.20178867876529694,
                    0.24214641749858856
                ],
                [
                    -6.878478586713754e-08,
                    0.9409953951835632,
                    0.338419646024704,
                    0.40610364079475403
                ],
                [
                    0,
                    0,
                    0,
                    1
                ]
            ]
        }
    ]
}