{
    "camera_angle_x": 0.8575560450553894,
    "aabb": [
        [
            -0.35,
            -0.35,
            -0.35
        ],
        [
            0.35,
            0.35,
            0.35
        ]
    ],
    "frames": [
        {
            "file_path": "000.png",
            "transform_matrix": [
                [
                    0.523810863494873,
                    -0.32301437854766846,
                    0.788215696811676,
                    0.9458587169647217
                ],
                [
                    0.8518346548080444,
                    0.19862812757492065,
                    -0.4846903383731842,
                    -0.5816283822059631
                ],
                [
                    6.310527567165991e-08,
                    0.9253154397010803,
                    0.3791983425617218,
                    0.4550381600856781
                ],
                [
                    0,
                    0,
                    0,
                    1
                ]
            ]
        },
        {
            "file_path": "001.png",
            "transform_matrix": [
                [
                    -0.7403436303138733,
                    0.16210177540779114,
                    -0.6523914933204651,
                    -0.7828697562217712
                ],
                [
                    -0.6722288131713867,
                    -0.17852705717086792,
                    0.7184961438179016,
                    0.8621952533721924
                ],
                [
                    2.4442314838779566e-08,
                    0.9704902172088623,
                    0.241140678524971,
                    0.28936898708343506
                ],
                [
                    0,
                    0,
                    0,
                    1
                ]
            ]
        },
        {
            "file_path": "002.png",
            "transform_matrix": [
                [
                    -0.9363151788711548,
                    -0.12432646006345749,
                    0.32841581106185913,
                    0.39409899711608887
                ],
                [
                    0.3511609435081482,
                    -0.33149686455726624,
                    0.8756688237190247,
                    1.0508025884628296
                ],
                [
                    -2.87134671594913e-09,
                    0.9352287650108337,
                    0.3540440499782562,
                    0.4248529374599457
                ],
                [
                    0,
                    0,
                    0,
                    1
                ]
            ]
        },
        {
            "file_path": "003.png",
            "transform_matrix": [
                [
                    -0.5228176712989807,
                    0.3377748131752014,
                    -0.7826685905456543,
                    -0.9392022490501404
                ],
                [
                    -0.8524446487426758,
                    -0.20716260373592377,
                    0.4800228178501129,
                    0.5760273337364197
                ],
                [
                    -2.410601496194431e-09,
                    0.9181459546089172,
                    0.3962424695491791,
                    0.4754910171031952
                ],
                [
                    0,
                    0,
                    0,
                    1
                ]
            ]
        },
        {
            "file_path": "004.png",
            "transform_matrix": [
                [
                    0.9896228313446045,
                    -0.04340333864092827,
                    0.13697758316993713,
                    0.16437309980392456
                ],
                [
                    0.1436896175146103,
                    0.29892852902412415,
                    -0.9433955550193787,
                    -1.1320745944976807
                ],
                [
                    -4.412761711591884e-09,
                    0.9532879590988159,
                    0.30206310749053955,
                    0.3624758720397949
                ],
                [
                    0,
                    0,
                    0,
                    1
                ]
            ]
        },
        {
            "file_path": "005.png",
            "transform_matrix": [
                [
                    -0.8862285017967224,
                    0.10030832886695862,
                    -0.4522581398487091,
                    -0.5427097678184509
                ],
                [
                    -0.46324852108955383,
                    -0.19189730286598206,
                    0.8652030825614929,
                    1.0382436513900757
                ],
                [
                    -2.7669916136119355e-08,
                    0.9762754440307617,
                    0.21653245389461517,
                    0.25983887910842896
                ],
                [
                    0,
                    0,
                    0,
                    1
                ]
            ]
        }
    ]
}