{
    "camera_angle_x": 0.8575560450553894,
    "aabb": [
        [
            -0.35,
            -0.35,
            -0.35
        ],
        [
            0.35,
            0.35,
            0.35
        ]
    ],
    "frames": [
        {
            "file_path": "000.png",
            "transform_matrix": [
                [
                    0.28718480467796326,
                    0.013849077746272087,
                    -0.9577751159667969,
                    -1.1493301391601562
                ],
                [
                    -0.9578751921653748,
                    0.004152027424424887,
                    -0.2871548533439636,
                    -0.3445858657360077
                ],
                [
                    -8.190747990965974e-08,
                    0.9998955130577087,
                    0.014458057470619678,
                    0.0173498447984457
                ],
                [
                    0,
                    0,
                    0,
                    1
                ]
            ]
        },
        {
            "file_path": "001.png",
            "transform_matrix": [
                [
                    -0.049209631979465485,
                    0.37115395069122314,
                    -0.9272666573524475,
                    -1.1127197742462158
                ],
                [
                    -0.998788595199585,
                    -0.018286531791090965,
                    0.04568569362163544,
                    0.0548228919506073
                ],
                [
                    5.3580166081701464e-08,
                    0.9283913969993591,
                    0.3716040253639221,
                    0.4459250271320343
                ],
                [
                    0,
                    0,
                    0,
                    1
                ]
            ]
        },
        {
            "file_path": "002.png",
            "transform_matrix": [
                [
                    0.5904063582420349,
                    -0.05169055238366127,
                    0.8054492473602295,
                    0.9665390849113464
                ],
                [
                    0.8071061968803406,
                    0.03781216964125633,
                    -0.5891942977905273,
                    -0.7070331573486328
                ],
                [
                    -2.676153343372789e-08,
                    0.997947096824646,
                    0.0640442967414856,
                    0.07685313373804092
                ],
                [
                    0,
                    0,
                    0,
                    1
                ]
            ]
        },
        {
            "file_path": "003.png",
            "transform_matrix": [
                [
                    -0.3868246078491211,
                    0.3625599443912506,
                    -0.84788978099823,
                    -1.017467737197876
                ],
                [
                    -0.9221533536911011,
                    -0.1520865261554718,
                    0.35567253828048706,
                    0.42680707573890686
                ],
                [
                    3.0816590168569746e-08,
                    0.9194672703742981,
                    0.3931666314601898,
                    0.4718000590801239
                ],
                [
                    0,
                    0,
                    0,
                    1
                ]
            ]
        },
        {
            "file_path": "004.png",
            "transform_matrix": [
                [
                    -0.920158863067627,
                    -0.19077274203300476,
                    0.3419264256954193,
                    0.410311758518219
                ],
                [
                    0.3915455639362335,
                    -0.44832903146743774,
                    0.8035504817962646,
                    0.9642605185508728
                ],
                [
                    5.061797203609331e-09,
                    0.8732737302780151,
                    0.48722997307777405,
                    0.5846759676933289
                ],
                [
                    0,
                    0,
                    0,
                    1
                ]
            ]
        },
        {
            "file_path": "005.png",
            "transform_matrix": [
                [
                    -0.8607146739959717,
                    -0.23346176743507385,
                    0.4524003267288208,
                    0.5428803563117981
                ],
                [
                    0.509087860584259,
                    -0.39471375942230225,
                    0.7648730278015137,
                    0.9178475737571716
                ],
                [
                    1.2056974085794536e-08,
                    0.8886488676071167,
                    0.4585883617401123,
                    0.5503060817718506
                ],
                [
                    0,
                    0,
                    0,
                    1
                ]
            ]
        }
    ]
}