{
    "camera_angle_x": 0.8575560450553894,
    "aabb": [
        [
            -0.35,
            -0.35,
            -0.35
        ],
        [
            0.35,
            0.35,
            0.35
        ]
    ],
    "frames": [
        {
            "file_path": "000.png",
            "transform_matrix": [
                [
                    0.8612885475158691,
                    0.24027535319328308,
                    -0.44771626591682434,
                    -0.5372593998908997
                ],
                [
                    -0.5081162452697754,
                    0.4072815179824829,
                    -0.7589070796966553,
                    -0.9106883406639099
                ],
                [
                    5.8232840771665906e-09,
                    0.8811298608779907,
                    0.4728746712207794,
                    0.5674498081207275
                ],
                [
                    0,
                    0,
                    0,
                    1
                ]
            ]
        },
        {
            "file_path": "001.png",
            "transform_matrix": [
                [
                    0.5631139278411865,
                    0.26972830295562744,
                    -0.7811205983161926,
                    -0.9373446702957153
                ],
                [
                    -0.8263792991638184,
                    0.18379901349544525,
                    -0.5322736501693726,
                    -0.6387283802032471
                ],
                [
                    -3.637361700725705e-08,
                    0.9452325701713562,
                    0.3263976573944092,
                    0.39167720079421997
                ],
                [
                    0,
                    0,
                    0,
                    1
                ]
            ]
        },
        {
            "file_path": "002.png",
            "transform_matrix": [
                [
                    0.8436567187309265,
                    0.21374107897281647,
                    -0.4925018846988678,
                    -0.5910022258758545
                ],
                [
                    -0.5368829965591431,
                    0.33587220311164856,
                    -0.7739164233207703,
                    -0.9286996722221375
                ],
                [
                    3.888001032237298e-09,
                    0.9173356294631958,
                    0.39811480045318604,
                    0.47773778438568115
                ],
                [
                    0,
                    0,
                    0,
                    1
                ]
            ]
        },
        {
            "file_path": "003.png",
            "transform_matrix": [
                [
                    0.7142989039421082,
                    0.12166494131088257,
                    -0.6891840696334839,
                    -0.8270209431648254
                ],
                [
                    -0.6998407244682312,
                    0.12417848408222198,
                    -0.7034220695495605,
                    -0.8441064953804016
                ],
                [
                    3.1729427973914426e-08,
                    0.9847727417945862,
                    0.17384664714336395,
                    0.20861594378948212
                ],
                [
                    0,
                    0,
                    0,
                    1
                ]
            ]
        },
        {
            "file_path": "004.png",
            "transform_matrix": [
                [
                    0.15250295400619507,
                    -0.4703437089920044,
                    0.8692063689231873,
                    1.0430476665496826
                ],
                [
                    0.9883030652999878,
                    0.07257770001888275,
                    -0.1341254562139511,
                    -0.16095060110092163
                ],
                [
                    1.5568677014243804e-08,
                    0.8794938325881958,
                    0.47591036558151245,
                    0.5710925459861755
                ],
                [
                    0,
                    0,
                    0,
                    1
                ]
            ]
        },
        {
            "file_path": "005.png",
            "transform_matrix": [
                [
                    -0.7569606304168701,
                    -0.08582456409931183,
                    0.647800087928772,
                    0.7773600220680237
                ],
                [
                    0.6534606218338013,
                    -0.0994180217385292,
                    0.7504034638404846,
                    0.9004842042922974
                ],
                [
                    -8.604325074657027e-08,
                    0.9913376569747925,
                    0.13133838772773743,
                    0.15760619938373566
                ],
                [
                    0,
                    0,
                    0,
                    1
                ]
            ]
        }
    ]
}