{
    "camera_angle_x": 0.8575560450553894,
    "aabb": [
        [
            -0.35,
            -0.35,
            -0.35
        ],
        [
            0.35,
            0.35,
            0.35
        ]
    ],
    "frames": [
        {
            "file_path": "000.png",
            "transform_matrix": [
                [
                    0.9402655363082886,
                    -0.0031419883016496897,
                    0.34042754769325256,
                    0.40851300954818726
                ],
                [
                    0.340442031621933,
                    0.008677717298269272,
                    -0.9402256011962891,
                    -1.1282706260681152
                ],
                [
                    -1.0294238350638807e-08,
                    0.9999575614929199,
                    0.009229013696312904,
                    0.011074927635490894
                ],
                [
                    0,
                    0,
                    0,
                    1
                ]
            ]
        },
        {
            "file_path": "001.png",
            "transform_matrix": [
                [
                    -0.8797009587287903,
                    0.08869824558496475,
                    -0.4671819806098938,
                    -0.5606183409690857
                ],
                [
                    -0.47552749514579773,
                    -0.16408710181713104,
                    0.8642622232437134,
                    1.0371146202087402
                ],
                [
                    3.2318240528184106e-08,
                    0.9824500679969788,
                    0.18652591109275818,
                    0.22383131086826324
                ],
                [
                    0,
                    0,
                    0,
                    1
                ]
            ]
        },
        {
            "file_path": "002.png",
            "transform_matrix": [
                [
                    -0.9042266607284546,
                    0.06685000658035278,
                    -0.42178839445114136,
                    -0.5061460733413696
                ],
                [
                    -0.42705315351486206,
                    -0.141545832157135,
                    0.8930792808532715,
                    1.07169508934021
                ],
                [
                    -4.976994816274782e-09,
                    0.9876720309257507,
                    0.15653786063194275,
                    0.1878456175327301
                ],
                [
                    0,
                    0,
                    0,
                    1
                ]
            ]
        },
        {
            "file_path": "003.png",
            "transform_matrix": [
                [
                    0.9226987957954407,
                    -0.11112015694379807,
                    0.36916017532348633,
                    0.4429921507835388
                ],
                [
                    0.38552162051200867,
                    0.26595234870910645,
                    -0.8835397958755493,
                    -1.0602476596832275
                ],
                [
                    3.196105424763118e-08,
                    0.9575603008270264,
                    0.2882331311702728,
                    0.34588003158569336
                ],
                [
                    0,
                    0,
                    0,
                    1
                ]
            ]
        },
        {
            "file_path": "004.png",
            "transform_matrix": [
                [
                    -0.24707922339439392,
                    -0.3819052278995514,
                    0.8905619382858276,
                    1.0686742067337036
                ],
                [
                    0.9689954519271851,
                    -0.09738009423017502,
                    0.22707977890968323,
                    0.2724957764148712
                ],
                [
                    -5.8193958096808274e-08,
                    0.9190570116043091,
                    0.3941248059272766,
                    0.4729500412940979
                ],
                [
                    0,
                    0,
                    0,
                    1
                ]
            ]
        },
        {
            "file_path": "005.png",
            "transform_matrix": [
                [
                    0.8221763372421265,
                    -0.11862156540155411,
                    0.5567360520362854,
                    0.6680833101272583
                ],
                [
                    0.5692329406738281,
                    0.171331986784935,
                    -0.8041263818740845,
                    -0.9649516940116882
                ],
                [
                    1.6796530388774045e-08,
                    0.978046178817749,
                    0.20838840305805206,
                    0.2500661015510559
                ],
                [
                    0,
                    0,
                    0,
                    1
                ]
            ]
        }
    ]
}