{
    "camera_angle_x": 0.8575560450553894,
    "aabb": [
        [
            -0.35,
            -0.35,
            -0.35
        ],
        [
            0.35,
            0.35,
            0.35
        ]
    ],
    "frames": [
        {
            "file_path": "000.png",
            "transform_matrix": [
                [
                    0.6400223970413208,
                    0.34524109959602356,
                    -0.6864254474639893,
                    -0.8237105011940002
                ],
                [
                    -0.7683562636375427,
                    0.2875775396823883,
                    -0.5717760920524597,
                    -0.6861313581466675
                ],
                [
                    -5.3249980425107424e-08,
                    0.8933687806129456,
                    0.44932422041893005,
                    0.5391890406608582
                ],
                [
                    0,
                    0,
                    0,
                    1
                ]
            ]
        },
        {
            "file_path": "001.png",
            "transform_matrix": [
                [
                    0.8843389749526978,
                    0.22100554406642914,
                    -0.41121906042099,
                    -0.49346283078193665
                ],
                [
                    -0.4668453335762024,
                    0.4186478853225708,
                    -0.7789669036865234,
                    -0.934760332107544
                ],
                [
                    -1.1042724068488496e-08,
                    0.8808465003967285,
                    0.4734020233154297,
                    0.5680825114250183
                ],
                [
                    0,
                    0,
                    0,
                    1
                ]
            ]
        },
        {
            "file_path": "002.png",
            "transform_matrix": [
                [
                    0.04084932059049606,
                    0.3427274525165558,
                    -0.9385465979576111,
                    -1.1262556314468384
                ],
                [
                    -0.9991655349731445,
                    0.014011748135089874,
                    -0.038371212780475616,
                    -0.04604535549879074
                ],
                [
                    2.495529116686157e-08,
                    0.9393306374549866,
                    0.3430135250091553,
                    0.4116165339946747
                ],
                [
                    0,
                    0,
                    0,
                    1
                ]
            ]
        },
        {
            "file_path": "003.png",
            "transform_matrix": [
                [
                    0.9997797012329102,
                    0.002314800163730979,
                    -0.020862385630607605,
                    -0.025034861639142036
                ],
                [
                    -0.020990412682294846,
                    0.11025458574295044,
                    -0.9936817288398743,
                    -1.192418098449707
                ],
                [
                    -8.390360628496296e-10,
                    0.993900716304779,
                    0.11027888208627701,
                    0.13233458995819092
                ],
                [
                    0,
                    0,
                    0,
                    1
                ]
            ]
        },
        {
            "file_path": "004.png",
            "transform_matrix": [
                [
                    -0.7200793623924255,
                    -0.3139151334762573,
                    0.6188240051269531,
                    0.7425888776779175
                ],
                [
                    0.6938918232917786,
                    -0.3257623612880707,
                    0.6421784162521362,
                    0.7706140875816345
                ],
                [
                    2.3975823992827827e-08,
                    0.891816258430481,
                    0.45239779353141785,
                    0.5428773760795593
                ],
                [
                    0,
                    0,
                    0,
                    1
                ]
            ]
        },
        {
            "file_path": "005.png",
            "transform_matrix": [
                [
                    -0.35744673013687134,
                    0.1339222490787506,
                    -0.9242817759513855,
                    -1.1091381311416626
                ],
                [
                    -0.9339336156845093,
                    -0.05125647410750389,
                    0.35375261306762695,
                    0.4245031177997589
                ],
                [
                    -3.389903824313478e-08,
                    0.9896654486656189,
                    0.14339587092399597,
                    0.17207513749599457
                ],
                [
                    0,
                    0,
                    0,
                    1
                ]
            ]
        }
    ]
}