{
    "camera_angle_x": 0.8575560450553894,
    "aabb": [
        [
            -0.35,
            -0.35,
            -0.35
        ],
        [
            0.35,
            0.35,
            0.35
        ]
    ],
    "frames": [
        {
            "file_path": "000.png",
            "transform_matrix": [
                [
                    0.960739016532898,
                    -0.12111753970384598,
                    0.24962197244167328,
                    0.29954636096954346
                ],
                [
                    0.277453750371933,
                    0.4193936586380005,
                    -0.8643659353256226,
                    -1.0372390747070312
                ],
                [
                    -1.8279171953849982e-08,
                    0.8996886014938354,
                    0.4365323483943939,
                    0.523838996887207
                ],
                [
                    0,
                    0,
                    0,
                    1
                ]
            ]
        },
        {
            "file_path": "001.png",
            "transform_matrix": [
                [
                    -0.3387201726436615,
                    0.3398798406124115,
                    -0.8773542642593384,
                    -1.0528250932693481
                ],
                [
                    -0.9408872723579407,
                    -0.12235703319311142,
                    0.3158482015132904,
                    0.37901780009269714
                ],
                [
                    3.0120357763507855e-08,
                    0.9324755072593689,
                    0.36123326420783997,
                    0.4334801435470581
                ],
                [
                    0,
                    0,
                    0,
                    1
                ]
            ]
        },
        {
            "file_path": "002.png",
            "transform_matrix": [
                [
                    -0.9990285634994507,
                    0.016243940219283104,
                    -0.040966376662254333,
                    -0.04915965348482132
                ],
                [
                    -0.04406937211751938,
                    -0.3682412803173065,
                    0.9286852478981018,
                    1.11442232131958
                ],
                [
                    -1.2560341655643015e-09,
                    0.9295883774757385,
                    0.3685993254184723,
                    0.44231924414634705
                ],
                [
                    0,
                    0,
                    0,
                    1
                ]
            ]
        },
        {
            "file_path": "003.png",
            "transform_matrix": [
                [
                    -0.7572205066680908,
                    0.16659905016422272,
                    -0.6315550804138184,
                    -0.7578661441802979
                ],
                [
                    -0.6531593203544617,
                    -0.19314159452915192,
                    0.7321743369102478,
                    0.8786092400550842
                ],
                [
                    -5.715065753975068e-09,
                    0.9669235348701477,
                    0.25506651401519775,
                    0.30607980489730835
                ],
                [
                    0,
                    0,
                    0,
                    1
                ]
            ]
        },
        {
            "file_path": "004.png",
            "transform_matrix": [
                [
                    -0.643625020980835,
                    0.07876157015562057,
                    -0.7612775564193726,
                    -0.9135330319404602
                ],
                [
                    -0.76534104347229,
                    -0.06623577326536179,
                    0.6402077078819275,
                    0.7682493329048157
                ],
                [
                    -1.960267326239773e-08,
                    0.9946906566619873,
                    0.10291040688753128,
                    0.12349256128072739
                ],
                [
                    0,
                    0,
                    0,
                    1
                ]
            ]
        },
        {
            "file_path": "005.png",
            "transform_matrix": [
                [
                    0.11675757169723511,
                    0.3654271960258484,
                    -0.9234883785247803,
                    -1.1081860065460205
                ],
                [
                    -0.9931604862213135,
                    0.04296014457941055,
                    -0.10856687277555466,
                    -0.1302802562713623
                ],
                [
                    -3.601006426379172e-08,
                    0.9298481345176697,
                    0.3679437041282654,
                    0.4415326714515686
                ],
                [
                    0,
                    0,
                    0,
                    1
                ]
            ]
        }
    ]
}