{
    "camera_angle_x": 0.8575560450553894,
    "aabb": [
        [
            -0.35,
            -0.35,
            -0.35
        ],
        [
            0.35,
            0.35,
            0.35
        ]
    ],
    "frames": [
        {
            "file_path": "000.png",
            "transform_matrix": [
                [
                    -0.991552472114563,
                    0.004642849322408438,
                    -0.1296238750219345,
                    -0.15554866194725037
                ],
                [
                    -0.1297069936990738,
                    -0.03549262881278992,
                    0.9909169673919678,
                    1.1891003847122192
                ],
                [
                    -8.262865058838997e-09,
                    0.9993591904640198,
                    0.035794928669929504,
                    0.04295390844345093
                ],
                [
                    0,
                    0,
                    0,
                    1
                ]
            ]
        },
        {
            "file_path": "001.png",
            "transform_matrix": [
                [
                    -0.8920215368270874,
                    -0.13182394206523895,
                    0.432342529296875,
                    0.518811047077179
                ],
                [
                    0.451992928981781,
                    -0.260158509016037,
                    0.8532408475875854,
                    1.0238890647888184
                ],
                [
                    6.999027135634606e-09,
                    0.9565249681472778,
                    0.2916504442691803,
                    0.34998053312301636
                ],
                [
                    0,
                    0,
                    0,
                    1
                ]
            ]
        },
        {
            "file_path": "002.png",
            "transform_matrix": [
                [
                    0.604070246219635,
                    -0.02394520491361618,
                    0.7965712547302246,
                    0.9558855295181274
                ],
                [
                    0.7969310879707336,
                    0.018150394782423973,
                    -0.6037974953651428,
                    -0.7245570421218872
                ],
                [
                    -9.760569241734629e-09,
                    0.9995484948158264,
                    0.030046802014112473,
                    0.036056190729141235
                ],
                [
                    0,
                    0,
                    0,
                    1
                ]
            ]
        },
        {
            "file_path": "003.png",
            "transform_matrix": [
                [
                    -0.3947180211544037,
                    0.33546876907348633,
                    -0.8553704023361206,
                    -1.026444435119629
                ],
                [
                    -0.9188023805618286,
                    -0.14411762356758118,
                    0.3674675524234772,
                    0.4409610331058502
                ],
                [
                    -2.4639998486009063e-08,
                    0.930962324142456,
                    0.3651152551174164,
                    0.4381384253501892
                ],
                [
                    0,
                    0,
                    0,
                    1
                ]
            ]
        },
        {
            "file_path": "004.png",
            "transform_matrix": [
                [
                    -0.7815300822257996,
                    0.17904895544052124,
                    -0.5976223349571228,
                    -0.7171468138694763
                ],
                [
                    -0.6238677501678467,
                    -0.22429782152175903,
                    0.7486518621444702,
                    0.8983821868896484
                ],
                [
                    -2.192607695405968e-08,
                    0.9579311609268188,
                    0.2869982123374939,
                    0.3443979024887085
                ],
                [
                    0,
                    0,
                    0,
                    1
                ]
            ]
        },
        {
            "file_path": "005.png",
            "transform_matrix": [
                [
                    -0.5352851748466492,
                    0.3110187351703644,
                    -0.7853261232376099,
                    -0.9423913955688477
                ],
                [
                    -0.8446714282035828,
                    -0.19709885120391846,
                    0.49767687916755676,
                    0.5972122550010681
                ],
                [
                    -3.2790651971481566e-08,
                    0.9297415614128113,
                    0.3682126998901367,
                    0.441855251789093
                ],
                [
                    0,
                    0,
                    0,
                    1
                ]
            ]
        }
    ]
}