{
    "camera_angle_x": 0.8575560450553894,
    "aabb": [
        [
            -0.35,
            -0.35,
            -0.35
        ],
        [
            0.35,
            0.35,
            0.35
        ]
    ],
    "frames": [
        {
            "file_path": "000.png",
            "transform_matrix": [
                [
                    0.946381151676178,
                    0.1259768307209015,
                    -0.2974770665168762,
                    -0.35697251558303833
                ],
                [
                    -0.3230522572994232,
                    0.36904895305633545,
                    -0.8714586496353149,
                    -1.045750379562378
                ],
                [
                    2.0679465251305373e-08,
                    0.920832633972168,
                    0.38995808362960815,
                    0.46794965863227844
                ],
                [
                    0,
                    0,
                    0,
                    1
                ]
            ]
        },
        {
            "file_path": "001.png",
            "transform_matrix": [
                [
                    -0.16780021786689758,
                    0.2865385413169861,
                    -0.9432597160339355,
                    -1.1319116353988647
                ],
                [
                    -0.9858211278915405,
                    -0.04877272993326187,
                    0.1605556458234787,
                    0.19266678392887115
                ],
                [
                    1.0412449569230375e-07,
                    0.9568265676498413,
                    0.29065969586372375,
                    0.3487916886806488
                ],
                [
                    0,
                    0,
                    0,
                    1
                ]
            ]
        },
        {
            "file_path": "002.png",
            "transform_matrix": [
                [
                    -0.6805359125137329,
                    0.04360301420092583,
                    -0.7314162254333496,
                    -0.8776994943618774
                ],
                [
                    -0.7327147722244263,
                    -0.040497954934835434,
                    0.6793298125267029,
                    0.8151957988739014
                ],
                [
                    -2.794709530462569e-08,
                    0.9982277750968933,
                    0.05950886756181717,
                    0.0714106336236
                ],
                [
                    0,
                    0,
                    0,
                    1
                ]
            ]
        },
        {
            "file_path": "003.png",
            "transform_matrix": [
                [
                    0.9730750322341919,
                    -0.10152788460254669,
                    0.2069229781627655,
                    0.24830752611160278
                ],
                [
                    0.23048867285251617,
                    0.4286293685436249,
                    -0.8735857605934143,
                    -1.0483027696609497
                ],
                [
                    2.7423023851724793e-09,
                    0.897757887840271,
                    0.4404895305633545,
                    0.5285875797271729
                ],
                [
                    0,
                    0,
                    0,
                    1
                ]
            ]
        },
        {
            "file_path": "004.png",
            "transform_matrix": [
                [
                    -0.7547892928123474,
                    -0.04854627326130867,
                    0.654168426990509,
                    0.7850021719932556
                ],
                [
                    0.6559672951698303,
                    -0.05585988238453865,
                    0.7527194619178772,
                    0.9032633900642395
                ],
                [
                    5.084735832383558e-08,
                    0.9972577095031738,
                    0.07400722056627274,
                    0.0888085812330246
                ],
                [
                    0,
                    0,
                    0,
                    1
                ]
            ]
        },
        {
            "file_path": "005.png",
            "transform_matrix": [
                [
                    -0.02659003436565399,
                    0.32204291224479675,
                    -0.9463516473770142,
                    -1.1356219053268433
                ],
                [
                    -0.9996464848518372,
                    -0.008566143922507763,
                    0.025172395631670952,
                    0.03020690195262432
                ],
                [
                    4.9623629649886425e-08,
                    0.9466863870620728,
                    0.32215678691864014,
                    0.3865882456302643
                ],
                [
                    0,
                    0,
                    0,
                    1
                ]
            ]
        }
    ]
}