{
    "camera_angle_x": 0.8575560450553894,
    "aabb": [
        [
            -0.35,
            -0.35,
            -0.35
        ],
        [
            0.35,
            0.35,
            0.35
        ]
    ],
    "frames": [
        {
            "file_path": "000.png",
            "transform_matrix": [
                [
                    -0.7332874536514282,
                    -0.31044453382492065,
                    0.6049080491065979,
                    0.7258896827697754
                ],
                [
                    0.6799187660217285,
                    -0.334812194108963,
                    0.6523889303207397,
                    0.7828666567802429
                ],
                [
                    2.279579192077108e-09,
                    0.8896769285202026,
                    0.45659059286117554,
                    0.5479087233543396
                ],
                [
                    0,
                    0,
                    0,
                    1
                ]
            ]
        },
        {
            "file_path": "001.png",
            "transform_matrix": [
                [
                    -0.4186103641986847,
                    0.062015317380428314,
                    -0.9060461521148682,
                    -1.0872553586959839
                ],
                [
                    -0.9081660509109497,
                    -0.028585445135831833,
                    0.41763317584991455,
                    0.5011597871780396
                ],
                [
                    -2.0139570011679098e-08,
                    0.9976658225059509,
                    0.06828626990318298,
                    0.0819435566663742
                ],
                [
                    0,
                    0,
                    0,
                    1
                ]
            ]
        },
        {
            "file_path": "002.png",
            "transform_matrix": [
                [
                    -0.9252287745475769,
                    0.06310465186834335,
                    -0.3741251230239868,
                    -0.4489501416683197
                ],
                [
                    -0.3794097900390625,
                    -0.15388703346252441,
                    0.9123415350914001,
                    1.0948097705841064
                ],
                [
                    -2.3472441768035424e-09,
                    0.9860712885856628,
                    0.16632318496704102,
                    0.19958780705928802
                ],
                [
                    0,
                    0,
                    0,
                    1
                ]
            ]
        },
        {
            "file_path": "003.png",
            "transform_matrix": [
                [
                    -0.3356243073940277,
                    0.46318960189819336,
                    -0.8202511072158813,
                    -0.9843012690544128
                ],
                [
                    -0.9419960379600525,
                    -0.1650301218032837,
                    0.2922476828098297,
                    0.35069721937179565
                ],
                [
                    2.1912377690114226e-08,
                    0.8707586526870728,
                    0.49171072244644165,
                    0.5900529026985168
                ],
                [
                    0,
                    0,
                    0,
                    1
                ]
            ]
        },
        {
            "file_path": "004.png",
            "transform_matrix": [
                [
                    -0.7839994430541992,
                    -0.2375866323709488,
                    0.5734959840774536,
                    0.6881951093673706
                ],
                [
                    0.6207616925239563,
                    -0.3000633418560028,
                    0.7243044972419739,
                    0.8691654205322266
                ],
                [
                    3.201401099772738e-08,
                    0.9238585829734802,
                    0.3827340602874756,
                    0.45928096771240234
                ],
                [
                    0,
                    0,
                    0,
                    1
                ]
            ]
        },
        {
            "file_path": "005.png",
            "transform_matrix": [
                [
                    -0.7473136186599731,
                    -0.031098470091819763,
                    0.6637434363365173,
                    0.7964920997619629
                ],
                [
                    0.6644715666770935,
                    -0.03497565910220146,
                    0.746494710445404,
                    0.895793616771698
                ],
                [
                    -4.277591614254561e-09,
                    0.9989042282104492,
                    0.04680176451802254,
                    0.056162167340517044
                ],
                [
                    0,
                    0,
                    0,
                    1
                ]
            ]
        }
    ]
}