{
    "camera_angle_x": 0.8575560450553894,
    "aabb": [
        [
            -0.35,
            -0.35,
            -0.35
        ],
        [
            0.35,
            0.35,
            0.35
        ]
    ],
    "frames": [
        {
            "file_path": "000.png",
            "transform_matrix": [
                [
                    -0.814517617225647,
                    0.2522986829280853,
                    -0.5224047303199768,
                    -0.6268856525421143
                ],
                [
                    -0.5801390409469604,
                    -0.35422849655151367,
                    0.7334582805633545,
                    0.8801499009132385
                ],
                [
                    -3.941595849710211e-08,
                    0.9004819393157959,
                    0.43489351868629456,
                    0.5218722820281982
                ],
                [
                    0,
                    0,
                    0,
                    1
                ]
            ]
        },
        {
            "file_path": "001.png",
            "transform_matrix": [
                [
                    -0.9896249175071716,
                    0.017089642584323883,
                    -0.14265616238117218,
                    -0.1711874008178711
                ],
                [
                    -0.14367614686489105,
                    -0.11771158128976822,
                    0.9825992584228516,
                    1.1791191101074219
                ],
                [
                    -2.1957453633092427e-09,
                    0.9929008483886719,
                    0.11894552409648895,
                    0.1427348256111145
                ],
                [
                    0,
                    0,
                    0,
                    1
                ]
            ]
        },
        {
            "file_path": "002.png",
            "transform_matrix": [
                [
                    -0.9932235479354858,
                    0.05202553793787956,
                    -0.10392608493566513,
                    -0.1247112900018692
                ],
                [
                    -0.1162208616733551,
                    -0.44461026787757874,
                    0.8881523609161377,
                    1.0657827854156494
                ],
                [
                    6.36393737707408e-09,
                    0.8942120671272278,
                    0.4476436376571655,
                    0.5371724963188171
                ],
                [
                    0,
                    0,
                    0,
                    1
                ]
            ]
        },
        {
            "file_path": "003.png",
            "transform_matrix": [
                [
                    -0.4185817837715149,
                    0.07571514695882797,
                    -0.9050174355506897,
                    -1.0860209465026855
                ],
                [
                    -0.9081791043281555,
                    -0.03489738330245018,
                    0.41712453961372375,
                    0.5005494952201843
                ],
                [
                    -9.467697736909031e-08,
                    0.996518611907959,
                    0.08337032049894333,
                    0.10004432499408722
                ],
                [
                    0,
                    0,
                    0,
                    1
                ]
            ]
        },
        {
            "file_path": "004.png",
            "transform_matrix": [
                [
                    0.984984278678894,
                    -0.04677370563149452,
                    0.1661873161792755,
                    0.19942477345466614
                ],
                [
                    0.17264415323734283,
                    0.26685720682144165,
                    -0.9481462836265564,
                    -1.1377754211425781
                ],
                [
                    1.2900459367415351e-08,
                    0.9626004695892334,
                    0.2709253430366516,
                    0.3251107335090637
                ],
                [
                    0,
                    0,
                    0,
                    1
                ]
            ]
        },
        {
            "file_path": "005.png",
            "transform_matrix": [
                [
                    -0.9582542181015015,
                    -0.017956696450710297,
                    0.28535330295562744,
                    0.3424240052700043
                ],
                [
                    0.2859177589416504,
                    -0.06018199026584625,
                    0.9563624858856201,
                    1.1476349830627441
                ],
                [
                    8.96904417402311e-09,
                    0.9980259537696838,
                    0.062803715467453,
                    0.07536441087722778
                ],
                [
                    0,
                    0,
                    0,
                    1
                ]
            ]
        }
    ]
}