{
    "camera_angle_x": 0.8575560450553894,
    "aabb": [
        [
            -0.35,
            -0.35,
            -0.35
        ],
        [
            0.35,
            0.35,
            0.35
        ]
    ],
    "frames": [
        {
            "file_path": "000.png",
            "transform_matrix": [
                [
                    -0.8861981630325317,
                    -0.1317853182554245,
                    0.44416940212249756,
                    0.5330031514167786
                ],
                [
                    0.4633074998855591,
                    -0.2520744502544403,
                    0.8495912551879883,
                    1.0195093154907227
                ],
                [
                    -1.954038175711048e-08,
                    0.958692729473114,
                    0.2844443917274475,
                    0.3413335084915161
                ],
                [
                    0,
                    0,
                    0,
                    1
                ]
            ]
        },
        {
            "file_path": "001.png",
            "transform_matrix": [
                [
                    0.9812105894088745,
                    0.053541529923677444,
                    -0.18536216020584106,
                    -0.22243459522724152
                ],
                [
                    -0.19293996691703796,
                    0.2722894251346588,
                    -0.9426731467247009,
                    -1.131207823753357
                ],
                [
                    -1.6129089175365152e-09,
                    0.9607245922088623,
                    0.2775035798549652,
                    0.33300426602363586
                ],
                [
                    0,
                    0,
                    0,
                    1
                ]
            ]
        },
        {
            "file_path": "002.png",
            "transform_matrix": [
                [
                    -0.9243659377098083,
                    -0.013689840212464333,
                    0.3812616169452667,
                    0.4575139582157135
                ],
                [
                    0.38150733709335327,
                    -0.033169567584991455,
                    0.923770546913147,
                    1.1085246801376343
                ],
                [
                    -6.436705390910902e-09,
                    0.9993560314178467,
                    0.035883497446775436,
                    0.043060239404439926
                ],
                [
                    0,
                    0,
                    0,
                    1
                ]
            ]
        },
        {
            "file_path": "003.png",
            "transform_matrix": [
                [
                    -0.9581692814826965,
                    0.06843899935483932,
                    -0.2778989374637604,
                    -0.33347874879837036
                ],
                [
                    -0.28620222210884094,
                    -0.22912529110908508,
                    0.9303708672523499,
                    1.1164450645446777
                ],
                [
                    -1.0361503655076376e-08,
                    0.9709880352020264,
                    0.23912812769412994,
                    0.28695371747016907
                ],
                [
                    0,
                    0,
                    0,
                    1
                ]
            ]
        },
        {
            "file_path": "004.png",
            "transform_matrix": [
                [
                    -0.2242845743894577,
                    -0.4746796190738678,
                    0.8511027693748474,
                    1.0213232040405273
                ],
                [
                    0.9745237827301025,
                    -0.10924655944108963,
                    0.19587939977645874,
                    0.23505523800849915
                ],
                [
                    2.43784761266852e-08,
                    0.8733525276184082,
                    0.48708876967430115,
                    0.584506630897522
                ],
                [
                    0,
                    0,
                    0,
                    1
                ]
            ]
        },
        {
            "file_path": "005.png",
            "transform_matrix": [
                [
                    -0.7715107798576355,
                    0.11881221830844879,
                    -0.6250240802764893,
                    -0.7500289082527161
                ],
                [
                    -0.6362165212631226,
                    -0.14407820999622345,
                    0.7579381465911865,
                    0.9095256924629211
                ],
                [
                    1.774506941387699e-08,
                    0.9824079275131226,
                    0.18674799799919128,
                    0.22409769892692566
                ],
                [
                    0,
                    0,
                    0,
                    1
                ]
            ]
        }
    ]
}