{
    "camera_angle_x": 0.8575560450553894,
    "aabb": [
        [
            -0.35,
            -0.35,
            -0.35
        ],
        [
            0.35,
            0.35,
            0.35
        ]
    ],
    "frames": [
        {
            "file_path": "000.png",
            "transform_matrix": [
                [
                    -0.12923428416252136,
                    -0.21128293871879578,
                    0.9688437581062317,
                    1.1626124382019043
                ],
                [
                    0.9916141629219055,
                    -0.02753590978682041,
                    0.12626661360263824,
                    0.1515199840068817
                ],
                [
                    -5.993935303649778e-08,
                    0.9770370721817017,
                    0.21306964755058289,
                    0.25568369030952454
                ],
                [
                    0,
                    0,
                    0,
                    1
                ]
            ]
        },
        {
            "file_path": "001.png",
            "transform_matrix": [
                [
                    0.8665862083435059,
                    0.14979051053524017,
                    -0.47601592540740967,
                    -0.5712191462516785
                ],
                [
                    -0.49902743101119995,
                    0.260118693113327,
                    -0.826625645160675,
                    -0.9919507503509521
                ],
                [
                    -1.5681601794881317e-08,
                    0.953887403011322,
                    0.3001648187637329,
                    0.3601979613304138
                ],
                [
                    0,
                    0,
                    0,
                    1
                ]
            ]
        },
        {
            "file_path": "002.png",
            "transform_matrix": [
                [
                    0.9590028524398804,
                    0.0534411258995533,
                    -0.27831199765205383,
                    -0.3339744210243225
                ],
                [
                    -0.2833963930606842,
                    0.180842787027359,
                    -0.9417974352836609,
                    -1.1301569938659668
                ],
                [
                    1.309256525416913e-08,
                    0.9820590615272522,
                    0.18857377767562866,
                    0.22628851234912872
                ],
                [
                    0,
                    0,
                    0,
                    1
                ]
            ]
        },
        {
            "file_path": "003.png",
            "transform_matrix": [
                [
                    0.6110130548477173,
                    0.004751378204673529,
                    -0.7916063070297241,
                    -0.9499275088310242
                ],
                [
                    -0.7916205525398254,
                    0.0036672460846602917,
                    -0.6110020875930786,
                    -0.7332025170326233
                ],
                [
                    -2.5221702060207463e-08,
                    0.9999820590019226,
                    0.006001993548125029,
                    0.00720249442383647
                ],
                [
                    0,
                    0,
                    0,
                    1
                ]
            ]
        },
        {
            "file_path": "004.png",
            "transform_matrix": [
                [
                    -0.4118180274963379,
                    0.37391653656959534,
                    -0.83101886510849,
                    -0.9972226619720459
                ],
                [
                    -0.9112661480903625,
                    -0.16897980868816376,
                    0.37555280327796936,
                    0.45066338777542114
                ],
                [
                    2.689048983484099e-09,
                    0.9119387269020081,
                    0.41032639145851135,
                    0.4923917353153229
                ],
                [
                    0,
                    0,
                    0,
                    1
                ]
            ]
        },
        {
            "file_path": "005.png",
            "transform_matrix": [
                [
                    0.24587605893611908,
                    0.08192667365074158,
                    -0.9658327698707581,
                    -1.1589993238449097
                ],
                [
                    -0.9693012833595276,
                    0.02078191190958023,
                    -0.24499620497226715,
                    -0.2939954698085785
                ],
                [
                    1.0944941664092767e-07,
                    0.9964216351509094,
                    0.08452142030000687,
                    0.1014256626367569
                ],
                [
                    0,
                    0,
                    0,
                    1
                ]
            ]
        }
    ]
}