{
    "camera_angle_x": 0.8575560450553894,
    "aabb": [
        [
            -0.35,
            -0.35,
            -0.35
        ],
        [
            0.35,
            0.35,
            0.35
        ]
    ],
    "frames": [
        {
            "file_path": "000.png",
            "transform_matrix": [
                [
                    -0.04945744201540947,
                    -0.2403079867362976,
                    0.96943598985672,
                    1.163323163986206
                ],
                [
                    0.9987762570381165,
                    -0.011899578385055065,
                    0.04800454527139664,
                    0.05760543793439865
                ],
                [
                    -2.4095779593835687e-08,
                    0.970623791217804,
                    0.24060240387916565,
                    0.2887229025363922
                ],
                [
                    0,
                    0,
                    0,
                    1
                ]
            ]
        },
        {
            "file_path": "001.png",
            "transform_matrix": [
                [
                    -0.9931303262710571,
                    -0.045832958072423935,
                    0.10766435414552689,
                    0.12919723987579346
                ],
                [
                    0.11701399087905884,
                    -0.3889971375465393,
                    0.9137773513793945,
                    1.0965328216552734
                ],
                [
                    4.077024939874718e-09,
                    0.9200981855392456,
                    0.39168787002563477,
                    0.47002553939819336
                ],
                [
                    0,
                    0,
                    0,
                    1
                ]
            ]
        },
        {
            "file_path": "002.png",
            "transform_matrix": [
                [
                    -0.3278110921382904,
                    0.43749311566352844,
                    -0.8373408913612366,
                    -1.0048091411590576
                ],
                [
                    -0.9447433352470398,
                    -0.15180326998233795,
                    0.2905440628528595,
                    0.3486528992652893
                ],
                [
                    -2.682716804258689e-08,
                    0.8863157629966736,
                    0.463081419467926,
                    0.5556977391242981
                ],
                [
                    0,
                    0,
                    0,
                    1
                ]
            ]
        },
        {
            "file_path": "003.png",
            "transform_matrix": [
                [
                    0.5681861042976379,
                    -0.235386461019516,
                    0.7885161638259888,
                    0.9462193846702576
                ],
                [
                    0.822900116443634,
                    0.16252675652503967,
                    -0.5444452166557312,
                    -0.6533342599868774
                ],
                [
                    6.070077773756566e-09,
                    0.9582162499427795,
                    0.2860449552536011,
                    0.3432539999485016
                ],
                [
                    0,
                    0,
                    0,
                    1
                ]
            ]
        },
        {
            "file_path": "004.png",
            "transform_matrix": [
                [
                    0.8513837456703186,
                    -0.20543082058429718,
                    0.48264268040657043,
                    0.5791712403297424
                ],
                [
                    0.5245434045791626,
                    0.3334336280822754,
                    -0.7833749055862427,
                    -0.940049946308136
                ],
                [
                    3.514912094715328e-08,
                    0.9201197028160095,
                    0.3916373550891876,
                    0.4699648916721344
                ],
                [
                    0,
                    0,
                    0,
                    1
                ]
            ]
        },
        {
            "file_path": "005.png",
            "transform_matrix": [
                [
                    -0.25000131130218506,
                    -0.07857578247785568,
                    0.9650518894195557,
                    1.1580623388290405
                ],
                [
                    0.9682454466819763,
                    -0.020288264378905296,
                    0.2491767406463623,
                    0.2990122437477112
                ],
                [
                    -4.719662882735065e-09,
                    0.9967016577720642,
                    0.0811527743935585,
                    0.09738317877054214
                ],
                [
                    0,
                    0,
                    0,
                    1
                ]
            ]
        }
    ]
}