{
    "camera_angle_x": 0.8575560450553894,
    "aabb": [
        [
            -0.35,
            -0.35,
            -0.35
        ],
        [
            0.35,
            0.35,
            0.35
        ]
    ],
    "frames": [
        {
            "file_path": "000.png",
            "transform_matrix": [
                [
                    0.9945599436759949,
                    0.001007571816444397,
                    -0.1041610836982727,
                    -0.12499329447746277
                ],
                [
                    -0.1041659563779831,
                    0.00962004717439413,
                    -0.9945133924484253,
                    -1.1934161186218262
                ],
                [
                    -7.169293603226379e-09,
                    0.9999532103538513,
                    0.009672668762505054,
                    0.011607144959270954
                ],
                [
                    0,
                    0,
                    0,
                    1
                ]
            ]
        },
        {
            "file_path": "001.png",
            "transform_matrix": [
                [
                    -0.5321146249771118,
                    -0.25022152066230774,
                    0.808853030204773,
                    0.9706236720085144
                ],
                [
                    0.8466722965240479,
                    -0.15725867450237274,
                    0.5083460211753845,
                    0.610015332698822
                ],
                [
                    3.788771962831561e-08,
                    0.9553318023681641,
                    0.29553526639938354,
                    0.35464227199554443
                ],
                [
                    0,
                    0,
                    0,
                    1
                ]
            ]
        },
        {
            "file_path": "002.png",
            "transform_matrix": [
                [
                    0.367042601108551,
                    -0.06441717594861984,
                    0.9279710054397583,
                    1.11356520652771
                ],
                [
                    0.9302041530609131,
                    0.02541794255375862,
                    -0.3661614656448364,
                    -0.4393938183784485
                ],
                [
                    -5.090321764100736e-08,
                    0.9975993037223816,
                    0.06925057619810104,
                    0.08310070633888245
                ],
                [
                    0,
                    0,
                    0,
                    1
                ]
            ]
        },
        {
            "file_path": "003.png",
            "transform_matrix": [
                [
                    -0.6538584232330322,
                    -0.07602516561746597,
                    0.7527878284454346,
                    0.9033453464508057
                ],
                [
                    0.7566170692443848,
                    -0.06569993495941162,
                    0.6505492329597473,
                    0.780659019947052
                ],
                [
                    -4.7663721858270947e-08,
                    0.9949390888214111,
                    0.10048027336597443,
                    0.1205764189362526
                ],
                [
                    0,
                    0,
                    0,
                    1
                ]
            ]
        },
        {
            "file_path": "004.png",
            "transform_matrix": [
                [
                    -0.3352826237678528,
                    -0.4380015432834625,
                    0.8341104388237,
                    1.0009325742721558
                ],
                [
                    0.9421175718307495,
                    -0.15587684512138367,
                    0.29684484004974365,
                    0.3562137484550476
                ],
                [
                    1.5796235430798333e-08,
                    0.8853570222854614,
                    0.4649117588996887,
                    0.5578941106796265
                ],
                [
                    0,
                    0,
                    0,
                    1
                ]
            ]
        },
        {
            "file_path": "005.png",
            "transform_matrix": [
                [
                    -0.22430676221847534,
                    -0.27966687083244324,
                    0.9335272908210754,
                    1.1202325820922852
                ],
                [
                    0.9745187163352966,
                    -0.06437144428491592,
                    0.2148716002702713,
                    0.25784599781036377
                ],
                [
                    -7.44957802112367e-08,
                    0.9579368233680725,
                    0.2869793772697449,
                    0.34437549114227295
                ],
                [
                    0,
                    0,
                    0,
                    1
                ]
            ]
        }
    ]
}