{
    "camera_angle_x": 0.8575560450553894,
    "aabb": [
        [
            -0.35,
            -0.35,
            -0.35
        ],
        [
            0.35,
            0.35,
            0.35
        ]
    ],
    "frames": [
        {
            "file_path": "000.png",
            "transform_matrix": [
                [
                    -0.1521483063697815,
                    -0.08445468544960022,
                    0.9847428202629089,
                    1.1816914081573486
                ],
                [
                    0.9883577823638916,
                    -0.013001053594052792,
                    0.15159176290035248,
                    0.18191009759902954
                ],
                [
                    -1.1367443875087702e-08,
                    0.9963425993919373,
                    0.08544944226741791,
                    0.10253951698541641
                ],
                [
                    0,
                    0,
                    0,
                    1
                ]
            ]
        },
        {
            "file_path": "001.png",
            "transform_matrix": [
                [
                    0.006340866908431053,
                    0.48657527565956116,
                    -0.8736157417297363,
                    -1.048338770866394
                ],
                [
                    -0.9999799728393555,
                    0.003085256554186344,
                    -0.005539696663618088,
                    -0.0066476305946707726
                ],
                [
                    -8.973026410785678e-08,
                    0.8736332654953003,
                    0.48658499121665955,
                    0.5839021801948547
                ],
                [
                    0,
                    0,
                    0,
                    1
                ]
            ]
        },
        {
            "file_path": "002.png",
            "transform_matrix": [
                [
                    0.9280495047569275,
                    0.18067675828933716,
                    -0.3256992697715759,
                    -0.3908390700817108
                ],
                [
                    -0.3724568486213684,
                    0.45019158720970154,
                    -0.811543881893158,
                    -0.9738525748252869
                ],
                [
                    -3.146488936067726e-08,
                    0.874461829662323,
                    0.4850943684577942,
                    0.58211350440979
                ],
                [
                    0,
                    0,
                    0,
                    1
                ]
            ]
        },
        {
            "file_path": "003.png",
            "transform_matrix": [
                [
                    -0.23982685804367065,
                    -0.18803714215755463,
                    0.9524312615394592,
                    1.1429173946380615
                ],
                [
                    0.9708157777786255,
                    -0.046452052891254425,
                    0.23528513312339783,
                    0.2823422849178314
                ],
                [
                    -5.243652978492719e-08,
                    0.9810628890991211,
                    0.1936897337436676,
                    0.23242785036563873
                ],
                [
                    0,
                    0,
                    0,
                    1
                ]
            ]
        },
        {
            "file_path": "004.png",
            "transform_matrix": [
                [
                    0.8652994632720947,
                    0.0002827866410370916,
                    -0.501255214214325,
                    -0.6015062928199768
                ],
                [
                    -0.5012553334236145,
                    0.0004882011271547526,
                    -0.8652992844581604,
                    -1.0383591651916504
                ],
                [
                    2.4241327167828786e-08,
                    0.9999998807907104,
                    0.0005641868920065463,
                    0.000677096308209002
                ],
                [
                    0,
                    0,
                    0,
                    1
                ]
            ]
        },
        {
            "file_path": "005.png",
            "transform_matrix": [
                [
                    0.4301818311214447,
                    0.031723253428936005,
                    -0.9021847248077393,
                    -1.082621693611145
                ],
                [
                    -0.902742326259613,
                    0.015116900205612183,
                    -0.42991623282432556,
                    -0.5158994197845459
                ],
                [
                    -1.9367931258784665e-08,
                    0.9993824362754822,
                    0.035140883177518845,
                    0.042169295251369476
                ],
                [
                    0,
                    0,
                    0,
                    1
                ]
            ]
        }
    ]
}