{
    "camera_angle_x": 0.8575560450553894,
    "aabb": [
        [
            -0.35,
            -0.35,
            -0.35
        ],
        [
            0.35,
            0.35,
            0.35
        ]
    ],
    "frames": [
        {
            "file_path": "000.png",
            "transform_matrix": [
                [
                    0.7794234156608582,
                    -0.14279791712760925,
                    0.6100065112113953,
                    0.7320078611373901
                ],
                [
                    0.6264975666999817,
                    0.17765428125858307,
                    -0.7589070796966553,
                    -0.9106884002685547
                ],
                [
                    1.9275502083360152e-08,
                    0.9736775159835815,
                    0.22793042659759521,
                    0.2735167145729065
                ],
                [
                    0,
                    0,
                    0,
                    1
                ]
            ]
        },
        {
            "file_path": "001.png",
            "transform_matrix": [
                [
                    -0.9468098878860474,
                    0.058193594217300415,
                    -0.31648769974708557,
                    -0.3797852098941803
                ],
                [
                    -0.3217933475971222,
                    -0.17122246325016022,
                    0.9311991930007935,
                    1.1174390316009521
                ],
                [
                    2.0747460638403936e-08,
                    0.9835122227668762,
                    0.18084146082401276,
                    0.21700982749462128
                ],
                [
                    0,
                    0,
                    0,
                    1
                ]
            ]
        },
        {
            "file_path": "002.png",
            "transform_matrix": [
                [
                    0.9507032632827759,
                    -0.030523862689733505,
                    0.3085961639881134,
                    0.3703153133392334
                ],
                [
                    0.31010207533836365,
                    0.09357914328575134,
                    -0.9460866451263428,
                    -1.1353038549423218
                ],
                [
                    1.0120853488615467e-08,
                    0.9951439499855042,
                    0.09843149781227112,
                    0.11811787635087967
                ],
                [
                    0,
                    0,
                    0,
                    1
                ]
            ]
        },
        {
            "file_path": "003.png",
            "transform_matrix": [
                [
                    -0.924353301525116,
                    0.041722360998392105,
                    -0.37924930453300476,
                    -0.4550991952419281
                ],
                [
                    -0.38153740763664246,
                    -0.10108106583356857,
                    0.9188099503517151,
                    1.1025720834732056
                ],
                [
                    -1.6785326906187947e-08,
                    0.9940029382705688,
                    0.10935333371162415,
                    0.13122405111789703
                ],
                [
                    0,
                    0,
                    0,
                    1
                ]
            ]
        },
        {
            "file_path": "004.png",
            "transform_matrix": [
                [
                    0.6039505004882812,
                    0.3851657807826996,
                    -0.6977758407592773,
                    -0.8373310565948486
                ],
                [
                    -0.7970218062400818,
                    0.2918628454208374,
                    -0.5287458896636963,
                    -0.6344950795173645
                ],
                [
                    -1.303694574517067e-08,
                    0.8754789233207703,
                    0.4832562506198883,
                    0.5799075365066528
                ],
                [
                    0,
                    0,
                    0,
                    1
                ]
            ]
        },
        {
            "file_path": "005.png",
            "transform_matrix": [
                [
                    -0.35647377371788025,
                    0.24540932476520538,
                    -0.9014991521835327,
                    -1.0817989110946655
                ],
                [
                    -0.9343053102493286,
                    -0.09363323450088501,
                    0.34395691752433777,
                    0.41274842619895935
                ],
                [
                    -5.377279421736603e-08,
                    0.9648870825767517,
                    0.2626650333404541,
                    0.31519806385040283
                ],
                [
                    0,
                    0,
                    0,
                    1
                ]
            ]
        }
    ]
}