{
    "camera_angle_x": 0.8575560450553894,
    "aabb": [
        [
            -0.35,
            -0.35,
            -0.35
        ],
        [
            0.35,
            0.35,
            0.35
        ]
    ],
    "frames": [
        {
            "file_path": "000.png",
            "transform_matrix": [
                [
                    -0.998991847038269,
                    0.021717753261327744,
                    -0.03929118812084198,
                    -0.047149427235126495
                ],
                [
                    -0.04489385709166527,
                    -0.48327013850212097,
                    0.8743195533752441,
                    1.0491834878921509
                ],
                [
                    6.215583603363939e-11,
                    0.875201940536499,
                    0.48375776410102844,
                    0.5805093050003052
                ],
                [
                    0,
                    0,
                    0,
                    1
                ]
            ]
        },
        {
            "file_path": "001.png",
            "transform_matrix": [
                [
                    0.9923195242881775,
                    0.0077436938881874084,
                    -0.12345831096172333,
                    -0.14814996719360352
                ],
                [
                    -0.12370092421770096,
                    0.0621192641556263,
                    -0.9903733134269714,
                    -1.1884480714797974
                ],
                [
                    -4.500423145259447e-09,
                    0.9980387091636658,
                    0.06260006129741669,
                    0.07512017339468002
                ],
                [
                    0,
                    0,
                    0,
                    1
                ]
            ]
        },
        {
            "file_path": "002.png",
            "transform_matrix": [
                [
                    0.7042767405509949,
                    0.22475247085094452,
                    -0.673409640789032,
                    -0.8080915808677673
                ],
                [
                    -0.7099255323410034,
                    0.2229640930891037,
                    -0.6680514812469482,
                    -0.8016617894172668
                ],
                [
                    -2.311795199716471e-08,
                    0.9485638737678528,
                    0.3165859282016754,
                    0.3799031972885132
                ],
                [
                    0,
                    0,
                    0,
                    1
                ]
            ]
        },
        {
            "file_path": "003.png",
            "transform_matrix": [
                [
                    -0.9948302507400513,
                    -0.011517899110913277,
                    0.1008966714143753,
                    0.12107600271701813
                ],
                [
                    0.10155195742845535,
                    -0.11283236742019653,
                    0.9884108901023865,
                    1.1860930919647217
                ],
                [
                    -7.858822925754794e-09,
                    0.9935473203659058,
                    0.11341867595911026,
                    0.1361025869846344
                ],
                [
                    0,
                    0,
                    0,
                    1
                ]
            ]
        },
        {
            "file_path": "004.png",
            "transform_matrix": [
                [
                    -0.6635280251502991,
                    0.31283873319625854,
                    -0.6796048283576965,
                    -0.8155258297920227
                ],
                [
                    -0.7481516003608704,
                    -0.27745360136032104,
                    0.6027345061302185,
                    0.7232813835144043
                ],
                [
                    -6.797841933803284e-08,
                    0.908378541469574,
                    0.41814887523651123,
                    0.5017787218093872
                ],
                [
                    0,
                    0,
                    0,
                    1
                ]
            ]
        },
        {
            "file_path": "005.png",
            "transform_matrix": [
                [
                    0.2841489911079407,
                    -0.15366312861442566,
                    0.9463863372802734,
                    1.135663628578186
                ],
                [
                    0.9587801694869995,
                    0.04554034024477005,
                    -0.2804759442806244,
                    -0.33657121658325195
                ],
                [
                    -1.517203429557412e-08,
                    0.9870733618736267,
                    0.1602693498134613,
                    0.19232329726219177
                ],
                [
                    0,
                    0,
                    0,
                    1
                ]
            ]
        }
    ]
}