{
    "camera_angle_x": 0.8575560450553894,
    "aabb": [
        [
            -0.35,
            -0.35,
            -0.35
        ],
        [
            0.35,
            0.35,
            0.35
        ]
    ],
    "frames": [
        {
            "file_path": "000.png",
            "transform_matrix": [
                [
                    0.7688167691230774,
                    0.0341268926858902,
                    -0.6385579109191895,
                    -0.7662693858146667
                ],
                [
                    -0.6394691467285156,
                    0.0410296767950058,
                    -0.7677212953567505,
                    -0.9212654232978821
                ],
                [
                    -4.2859312543441774e-08,
                    0.9985750317573547,
                    0.05336737260222435,
                    0.06404119729995728
                ],
                [
                    0,
                    0,
                    0,
                    1
                ]
            ]
        },
        {
            "file_path": "001.png",
            "transform_matrix": [
                [
                    -0.8463882803916931,
                    0.05435401201248169,
                    -0.5297858715057373,
                    -0.6357430219650269
                ],
                [
                    -0.5325667858123779,
                    -0.08638284355401993,
                    0.8419684767723083,
                    1.0103620290756226
                ],
                [
                    3.535085113526293e-08,
                    0.9947783350944519,
                    0.10206026583909988,
                    0.12247273325920105
                ],
                [
                    0,
                    0,
                    0,
                    1
                ]
            ]
        },
        {
            "file_path": "002.png",
            "transform_matrix": [
                [
                    -0.8366067409515381,
                    0.07274149358272552,
                    -0.5429530739784241,
                    -0.6515437364578247
                ],
                [
                    -0.5478041172027588,
                    -0.11109090596437454,
                    0.8291981220245361,
                    0.9950377345085144
                ],
                [
                    -9.419871105365019e-09,
                    0.991144597530365,
                    0.13278737664222717,
                    0.15934492647647858
                ],
                [
                    0,
                    0,
                    0,
                    1
                ]
            ]
        },
        {
            "file_path": "003.png",
            "transform_matrix": [
                [
                    0.31270071864128113,
                    -0.14745226502418518,
                    0.9383369088172913,
                    1.1260042190551758
                ],
                [
                    0.9498517513275146,
                    0.04854271560907364,
                    -0.30890998244285583,
                    -0.37069201469421387
                ],
                [
                    8.337053714058129e-09,
                    0.9878773093223572,
                    0.1552370935678482,
                    0.18628455698490143
                ],
                [
                    0,
                    0,
                    0,
                    1
                ]
            ]
        },
        {
            "file_path": "004.png",
            "transform_matrix": [
                [
                    -0.9514603018760681,
                    0.09149044752120972,
                    -0.29385873675346375,
                    -0.35263049602508545
                ],
                [
                    -0.307771772146225,
                    -0.2828379273414612,
                    0.9084488749504089,
                    1.0901386737823486
                ],
                [
                    1.8033476933965176e-09,
                    0.9547943472862244,
                    0.2972671389579773,
                    0.3567206561565399
                ],
                [
                    0,
                    0,
                    0,
                    1
                ]
            ]
        },
        {
            "file_path": "005.png",
            "transform_matrix": [
                [
                    0.9587759375572205,
                    -0.0893511176109314,
                    0.26975005865097046,
                    0.3237000107765198
                ],
                [
                    0.2841631770133972,
                    0.3014734983444214,
                    -0.91014564037323,
                    -1.0921746492385864
                ],
                [
                    2.3471987020684537e-08,
                    0.9492787718772888,
                    0.31443580985069275,
                    0.3773232698440552
                ],
                [
                    0,
                    0,
                    0,
                    1
                ]
            ]
        }
    ]
}