{
    "camera_angle_x": 0.8575560450553894,
    "aabb": [
        [
            -0.35,
            -0.35,
            -0.35
        ],
        [
            0.35,
            0.35,
            0.35
        ]
    ],
    "frames": [
        {
            "file_path": "000.png",
            "transform_matrix": [
                [
                    -0.925078272819519,
                    -0.05889005959033966,
                    0.3751829266548157,
                    0.4502195417881012
                ],
                [
                    0.37977659702301025,
                    -0.14344730973243713,
                    0.9138887524604797,
                    1.0966665744781494
                ],
                [
                    1.881464584130299e-08,
                    0.9879042506217957,
                    0.15506502985954285,
                    0.1860780566930771
                ],
                [
                    0,
                    0,
                    0,
                    1
                ]
            ]
        },
        {
            "file_path": "001.png",
            "transform_matrix": [
                [
                    -0.7491491436958313,
                    -0.17303815484046936,
                    0.6394009590148926,
                    0.7672811150550842
                ],
                [
                    0.662401556968689,
                    -0.195699080824852,
                    0.7231363654136658,
                    0.8677635788917542
                ],
                [
                    -4.2258236021552875e-08,
                    0.9652770757675171,
                    0.26122838258743286,
                    0.31347423791885376
                ],
                [
                    0,
                    0,
                    0,
                    1
                ]
            ]
        },
        {
            "file_path": "002.png",
            "transform_matrix": [
                [
                    0.7810018658638,
                    -0.2068859189748764,
                    0.5892659425735474,
                    0.7071191668510437
                ],
                [
                    0.624528706073761,
                    0.258720338344574,
                    -0.7369042038917542,
                    -0.8842849135398865
                ],
                [
                    -1.9768883419146732e-08,
                    0.9435369968414307,
                    0.33126723766326904,
                    0.3975207507610321
                ],
                [
                    0,
                    0,
                    0,
                    1
                ]
            ]
        },
        {
            "file_path": "003.png",
            "transform_matrix": [
                [
                    -0.006540948990732431,
                    0.10727646946907043,
                    -0.9942079186439514,
                    -1.1930493116378784
                ],
                [
                    -0.9999788403511047,
                    -0.0007019963231869042,
                    0.006502984557300806,
                    0.0078035262413322926
                ],
                [
                    -1.0848907550098374e-07,
                    0.9942291975021362,
                    0.10727855563163757,
                    0.1287345439195633
                ],
                [
                    0,
                    0,
                    0,
                    1
                ]
            ]
        },
        {
            "file_path": "004.png",
            "transform_matrix": [
                [
                    -0.9280121922492981,
                    0.029331674799323082,
                    -0.37139397859573364,
                    -0.44567275047302246
                ],
                [
                    -0.37255042791366577,
                    -0.07306446135044098,
                    0.9251313805580139,
                    1.1101576089859009
                ],
                [
                    -3.988989694114764e-11,
                    0.996895968914032,
                    0.078731968998909,
                    0.09447845816612244
                ],
                [
                    0,
                    0,
                    0,
                    1
                ]
            ]
        },
        {
            "file_path": "005.png",
            "transform_matrix": [
                [
                    -0.9469179511070251,
                    0.143713116645813,
                    -0.28756409883499146,
                    -0.34507691860198975
                ],
                [
                    -0.321475625038147,
                    -0.42331209778785706,
                    0.8470303416252136,
                    1.0164364576339722
                ],
                [
                    8.820839170198269e-09,
                    0.8945130109786987,
                    0.44704195857048035,
                    0.5364503860473633
                ],
                [
                    0,
                    0,
                    0,
                    1
                ]
            ]
        }
    ]
}