{
    "camera_angle_x": 0.8575560450553894,
    "aabb": [
        [
            -0.35,
            -0.35,
            -0.35
        ],
        [
            0.35,
            0.35,
            0.35
        ]
    ],
    "frames": [
        {
            "file_path": "000.png",
            "transform_matrix": [
                [
                    -0.9999005198478699,
                    -0.0008577692206017673,
                    0.014076659455895424,
                    0.016891993582248688
                ],
                [
                    0.014102769084274769,
                    -0.060816697776317596,
                    0.9980493187904358,
                    1.1976592540740967
                ],
                [
                    3.027114670040021e-10,
                    0.9981485605239868,
                    0.06082279235124588,
                    0.07298733294010162
                ],
                [
                    0,
                    0,
                    0,
                    1
                ]
            ]
        },
        {
            "file_path": "001.png",
            "transform_matrix": [
                [
                    0.8941903114318848,
                    -0.03586939722299576,
                    0.44624778628349304,
                    0.5354973077774048
                ],
                [
                    0.4476870596408844,
                    0.07164382934570312,
                    -0.8913156390190125,
                    -1.069578766822815
                ],
                [
                    2.434322610156414e-08,
                    0.9967851638793945,
                    0.0801214799284935,
                    0.09614594280719757
                ],
                [
                    0,
                    0,
                    0,
                    1
                ]
            ]
        },
        {
            "file_path": "002.png",
            "transform_matrix": [
                [
                    -0.8098284602165222,
                    0.12197012454271317,
                    -0.5738479495048523,
                    -0.688617467880249
                ],
                [
                    -0.586667001247406,
                    -0.16836616396903992,
                    0.792133092880249,
                    0.950559675693512
                ],
                [
                    3.7962184507023267e-08,
                    0.9781494140625,
                    0.2079034000635147,
                    0.24948425590991974
                ],
                [
                    0,
                    0,
                    0,
                    1
                ]
            ]
        },
        {
            "file_path": "003.png",
            "transform_matrix": [
                [
                    0.8035824298858643,
                    -0.047804128378629684,
                    0.5932706594467163,
                    0.7119247317314148
                ],
                [
                    0.5951935052871704,
                    0.06454116851091385,
                    -0.8009864091873169,
                    -0.9611837267875671
                ],
                [
                    4.221097071877011e-08,
                    0.9967694282531738,
                    0.08031684160232544,
                    0.09638047218322754
                ],
                [
                    0,
                    0,
                    0,
                    1
                ]
            ]
        },
        {
            "file_path": "004.png",
            "transform_matrix": [
                [
                    0.6880137920379639,
                    0.3555338978767395,
                    -0.632639467716217,
                    -0.7591673731803894
                ],
                [
                    -0.7256976366043091,
                    0.33707180619239807,
                    -0.5997878909111023,
                    -0.7197455167770386
                ],
                [
                    -1.407157057542463e-08,
                    0.8717672824859619,
                    0.48992016911506653,
                    0.5879042148590088
                ],
                [
                    0,
                    0,
                    0,
                    1
                ]
            ]
        },
        {
            "file_path": "005.png",
            "transform_matrix": [
                [
                    -0.5800610780715942,
                    0.08036760985851288,
                    -0.8105986714363098,
                    -0.9727184176445007
                ],
                [
                    -0.8145729899406433,
                    -0.057230185717344284,
                    0.5772309303283691,
                    0.6926771402359009
                ],
                [
                    -3.8815556990812183e-08,
                    0.9951210021972656,
                    0.09866228699684143,
                    0.11839460581541061
                ],
                [
                    0,
                    0,
                    0,
                    1
                ]
            ]
        }
    ]
}