{
    "camera_angle_x": 0.8575560450553894,
    "aabb": [
        [
            -0.35,
            -0.35,
            -0.35
        ],
        [
            0.35,
            0.35,
            0.35
        ]
    ],
    "frames": [
        {
            "file_path": "000.png",
            "transform_matrix": [
                [
                    -0.9772791266441345,
                    -0.09937542676925659,
                    0.18721626698970795,
                    0.2246595174074173
                ],
                [
                    0.21195614337921143,
                    -0.45819637179374695,
                    0.8632094860076904,
                    1.0358514785766602
                ],
                [
                    4.026661670764042e-09,
                    0.8832783102989197,
                    0.4688490331172943,
                    0.5626188516616821
                ],
                [
                    0,
                    0,
                    0,
                    1
                ]
            ]
        },
        {
            "file_path": "001.png",
            "transform_matrix": [
                [
                    -0.6248949766159058,
                    -0.05194246023893356,
                    0.7789792418479919,
                    0.9347749352455139
                ],
                [
                    0.7807090878486633,
                    -0.04157574474811554,
                    0.6235102415084839,
                    0.7482123374938965
                ],
                [
                    -1.0388215088141806e-07,
                    0.9977843761444092,
                    0.06653222441673279,
                    0.07983891665935516
                ],
                [
                    0,
                    0,
                    0,
                    1
                ]
            ]
        },
        {
            "file_path": "002.png",
            "transform_matrix": [
                [
                    -0.9997189044952393,
                    -0.009675445966422558,
                    0.02164888195693493,
                    0.025978660210967064
                ],
                [
                    0.02371262013912201,
                    -0.40791478753089905,
                    0.9127120971679688,
                    1.0952545404434204
                ],
                [
                    1.3392238429332792e-09,
                    0.9129688143730164,
                    0.4080294072628021,
                    0.4896353781223297
                ],
                [
                    0,
                    0,
                    0,
                    1
                ]
            ]
        },
        {
            "file_path": "003.png",
            "transform_matrix": [
                [
                    -0.8919440507888794,
                    -0.08498732000589371,
                    0.4440869390964508,
                    0.532904326915741
                ],
                [
                    0.452146053314209,
                    -0.16765369474887848,
                    0.876045823097229,
                    1.0512549877166748
                ],
                [
                    1.939175930942838e-09,
                    0.982175886631012,
                    0.18796426057815552,
                    0.22555725276470184
                ],
                [
                    0,
                    0,
                    0,
                    1
                ]
            ]
        },
        {
            "file_path": "004.png",
            "transform_matrix": [
                [
                    0.5032965540885925,
                    0.22052322328090668,
                    -0.8355011940002441,
                    -1.0026013851165771
                ],
                [
                    -0.8641138076782227,
                    0.12844198942184448,
                    -0.4866313934326172,
                    -0.5839576125144958
                ],
                [
                    -2.0576024439833418e-08,
                    0.9668879508972168,
                    0.255201518535614,
                    0.3062419891357422
                ],
                [
                    0,
                    0,
                    0,
                    1
                ]
            ]
        },
        {
            "file_path": "005.png",
            "transform_matrix": [
                [
                    -0.8929752707481384,
                    -0.08299046009778976,
                    0.4423889219760895,
                    0.5308666825294495
                ],
                [
                    0.4501059651374817,
                    -0.16464662551879883,
                    0.8776652216911316,
                    1.053198218345642
                ],
                [
                    -2.0833189395830232e-08,
                    0.9828551411628723,
                    0.18437974154949188,
                    0.22125589847564697
                ],
                [
                    0,
                    0,
                    0,
                    1
                ]
            ]
        }
    ]
}