{
    "camera_angle_x": 0.8575560450553894,
    "aabb": [
        [
            -0.35,
            -0.35,
            -0.35
        ],
        [
            0.35,
            0.35,
            0.35
        ]
    ],
    "frames": [
        {
            "file_path": "000.png",
            "transform_matrix": [
                [
                    0.7675382494926453,
                    0.036379553377628326,
                    -0.6399699449539185,
                    -0.7679639458656311
                ],
                [
                    -0.6410031318664551,
                    0.043560855090618134,
                    -0.7663012146949768,
                    -0.9195614457130432
                ],
                [
                    -1.6418844950294442e-08,
                    0.9983882308006287,
                    0.056754015386104584,
                    0.06810491532087326
                ],
                [
                    0,
                    0,
                    0,
                    1
                ]
            ]
        },
        {
            "file_path": "001.png",
            "transform_matrix": [
                [
                    0.9811168313026428,
                    -0.0006287258001975715,
                    0.19341491162776947,
                    0.23209790885448456
                ],
                [
                    0.19341592490673065,
                    0.0031893157865852118,
                    -0.9811117053031921,
                    -1.1773340702056885
                ],
                [
                    -1.8848245630920246e-08,
                    0.9999947547912598,
                    0.003250696463510394,
                    0.003900794545188546
                ],
                [
                    0,
                    0,
                    0,
                    1
                ]
            ]
        },
        {
            "file_path": "002.png",
            "transform_matrix": [
                [
                    0.34889546036720276,
                    -0.1744830310344696,
                    0.9207755923271179,
                    1.1049306392669678
                ],
                [
                    0.9371616840362549,
                    0.06495807319879532,
                    -0.342795193195343,
                    -0.4113542437553406
                ],
                [
                    6.456779289010228e-08,
                    0.982515275478363,
                    0.18618232011795044,
                    0.22341902554035187
                ],
                [
                    0,
                    0,
                    0,
                    1
                ]
            ]
        },
        {
            "file_path": "003.png",
            "transform_matrix": [
                [
                    0.9786198139190674,
                    -0.056150950491428375,
                    0.19786442816257477,
                    0.23743732273578644
                ],
                [
                    0.2056775689125061,
                    0.2671678066253662,
                    -0.9414446949958801,
                    -1.129733681678772
                ],
                [
                    8.461311651331016e-09,
                    0.9620127081871033,
                    0.2730047106742859,
                    0.327605664730072
                ],
                [
                    0,
                    0,
                    0,
                    1
                ]
            ]
        },
        {
            "file_path": "004.png",
            "transform_matrix": [
                [
                    0.5220000743865967,
                    -0.15257813036441803,
                    0.8391876220703125,
                    1.0070250034332275
                ],
                [
                    0.8529454469680786,
                    0.09337726980447769,
                    -0.5135804414749146,
                    -0.6162965297698975
                ],
                [
                    2.6250852158682392e-08,
                    0.983870267868042,
                    0.17888373136520386,
                    0.2146606594324112
                ],
                [
                    0,
                    0,
                    0,
                    1
                ]
            ]
        },
        {
            "file_path": "005.png",
            "transform_matrix": [
                [
                    -0.91513592004776,
                    -0.012659645639359951,
                    0.4029468595981598,
                    0.4835362136363983
                ],
                [
                    0.4031456708908081,
                    -0.028737254440784454,
                    0.914684534072876,
                    1.0976214408874512
                ],
                [
                    -1.2878029309604244e-08,
                    0.9995068907737732,
                    0.031402092427015305,
                    0.03768264502286911
                ],
                [
                    0,
                    0,
                    0,
                    1
                ]
            ]
        }
    ]
}