{
    "camera_angle_x": 0.8575560450553894,
    "aabb": [
        [
            -0.35,
            -0.35,
            -0.35
        ],
        [
            0.35,
            0.35,
            0.35
        ]
    ],
    "frames": [
        {
            "file_path": "000.png",
            "transform_matrix": [
                [
                    0.7562621831893921,
                    0.15696179866790771,
                    -0.635161817073822,
                    -0.7621942162513733
                ],
                [
                    -0.6542686820030212,
                    0.18143048882484436,
                    -0.734176754951477,
                    -0.8810120820999146
                ],
                [
                    3.0019776886547334e-08,
                    0.9707965850830078,
                    0.23990420997142792,
                    0.28788501024246216
                ],
                [
                    0,
                    0,
                    0,
                    1
                ]
            ]
        },
        {
            "file_path": "001.png",
            "transform_matrix": [
                [
                    -0.8720235228538513,
                    0.06681698560714722,
                    -0.48488205671310425,
                    -0.5818584561347961
                ],
                [
                    -0.4894641041755676,
                    -0.11904032528400421,
                    0.8638601303100586,
                    1.0366321802139282
                ],
                [
                    2.726854120282951e-08,
                    0.9906386733055115,
                    0.13651043176651,
                    0.163812518119812
                ],
                [
                    0,
                    0,
                    0,
                    1
                ]
            ]
        },
        {
            "file_path": "002.png",
            "transform_matrix": [
                [
                    0.9920052886009216,
                    0.04451676830649376,
                    -0.11808369308710098,
                    -0.14170043170452118
                ],
                [
                    -0.12619628012180328,
                    0.34993791580200195,
                    -0.928233802318573,
                    -1.1138806343078613
                ],
                [
                    -4.354552274321577e-09,
                    0.9357145428657532,
                    0.35275810956954956,
                    0.4233097434043884
                ],
                [
                    0,
                    0,
                    0,
                    1
                ]
            ]
        },
        {
            "file_path": "003.png",
            "transform_matrix": [
                [
                    -0.9641003012657166,
                    -0.1103024110198021,
                    0.2415451556444168,
                    0.2898541986942291
                ],
                [
                    0.2655384838581085,
                    -0.4004790186882019,
                    0.8769868612289429,
                    1.0523842573165894
                ],
                [
                    -1.2032931984151674e-08,
                    0.9096428155899048,
                    0.4153914153575897,
                    0.4984697997570038
                ],
                [
                    0,
                    0,
                    0,
                    1
                ]
            ]
        },
        {
            "file_path": "004.png",
            "transform_matrix": [
                [
                    0.09505373984575272,
                    -0.015565863810479641,
                    0.9953505396842957,
                    1.194420576095581
                ],
                [
                    0.995472252368927,
                    0.0014861345989629626,
                    -0.09504223614931107,
                    -0.11405078321695328
                ],
                [
                    7.229137821695986e-08,
                    0.9998778700828552,
                    0.015636539086699486,
                    0.01876404508948326
                ],
                [
                    0,
                    0,
                    0,
                    1
                ]
            ]
        },
        {
            "file_path": "005.png",
            "transform_matrix": [
                [
                    -0.5377719402313232,
                    0.21086888015270233,
                    -0.8162938952445984,
                    -0.9795526266098022
                ],
                [
                    -0.8430904150009155,
                    -0.13450440764427185,
                    0.5206795930862427,
                    0.6248155236244202
                ],
                [
                    1.5770886818700092e-08,
                    0.9682163596153259,
                    0.25011417269706726,
                    0.30013710260391235
                ],
                [
                    0,
                    0,
                    0,
                    1
                ]
            ]
        }
    ]
}