{
    "camera_angle_x": 0.8575560450553894,
    "aabb": [
        [
            -0.35,
            -0.35,
            -0.35
        ],
        [
            0.35,
            0.35,
            0.35
        ]
    ],
    "frames": [
        {
            "file_path": "000.png",
            "transform_matrix": [
                [
                    0.037933964282274246,
                    0.31073305010795593,
                    -0.9497400522232056,
                    -1.1396880149841309
                ],
                [
                    -0.9992803335189819,
                    0.011795765720307827,
                    -0.036053434014320374,
                    -0.04326413571834564
                ],
                [
                    2.977636470724576e-10,
                    0.9504241347312927,
                    0.31095677614212036,
                    0.37314826250076294
                ],
                [
                    0,
                    0,
                    0,
                    1
                ]
            ]
        },
        {
            "file_path": "001.png",
            "transform_matrix": [
                [
                    -0.9264423847198486,
                    0.14153893291950226,
                    -0.3488140404224396,
                    -0.41857683658599854
                ],
                [
                    -0.37643659114837646,
                    -0.348339319229126,
                    0.8584609627723694,
                    1.0301531553268433
                ],
                [
                    1.047324005298833e-09,
                    0.9266209602355957,
                    0.37599673867225647,
                    0.4511960446834564
                ],
                [
                    0,
                    0,
                    0,
                    1
                ]
            ]
        },
        {
            "file_path": "002.png",
            "transform_matrix": [
                [
                    0.9774729013442993,
                    0.04712242633104324,
                    -0.2057333141565323,
                    -0.24687997996807098
                ],
                [
                    -0.21106094121932983,
                    0.21823492646217346,
                    -0.9527994990348816,
                    -1.1433594226837158
                ],
                [
                    -1.5824049626189662e-08,
                    0.974757969379425,
                    0.2232644259929657,
                    0.2679175138473511
                ],
                [
                    0,
                    0,
                    0,
                    1
                ]
            ]
        },
        {
            "file_path": "003.png",
            "transform_matrix": [
                [
                    0.9619088172912598,
                    0.09925400465726852,
                    -0.25471562147140503,
                    -0.3056587278842926
                ],
                [
                    -0.2733704447746277,
                    0.3492450416088104,
                    -0.8962680697441101,
                    -1.07552170753479
                ],
                [
                    -3.093497014106106e-08,
                    0.9317598938941956,
                    0.36307501792907715,
                    0.43569013476371765
                ],
                [
                    0,
                    0,
                    0,
                    1
                ]
            ]
        },
        {
            "file_path": "004.png",
            "transform_matrix": [
                [
                    -0.7255805730819702,
                    -0.09425075352191925,
                    0.6816521286964417,
                    0.8179826140403748
                ],
                [
                    0.6881372332572937,
                    -0.09937911480665207,
                    0.7187426090240479,
                    0.8624911904335022
                ],
                [
                    -4.732138947360909e-08,
                    0.990575909614563,
                    0.13696500658988953,
                    0.16435813903808594
                ],
                [
                    0,
                    0,
                    0,
                    1
                ]
            ]
        },
        {
            "file_path": "005.png",
            "transform_matrix": [
                [
                    -0.9528976678848267,
                    -0.02598164603114128,
                    0.30217692255973816,
                    0.36261236667633057
                ],
                [
                    0.30329182744026184,
                    -0.08163054287433624,
                    0.9493948221206665,
                    1.1392738819122314
                ],
                [
                    3.22737143676477e-08,
                    0.9963239431381226,
                    0.08566562086343765,
                    0.10279868543148041
                ],
                [
                    0,
                    0,
                    0,
                    1
                ]
            ]
        }
    ]
}