{
    "camera_angle_x": 0.8575560450553894,
    "aabb": [
        [
            -0.35,
            -0.35,
            -0.35
        ],
        [
            0.35,
            0.35,
            0.35
        ]
    ],
    "frames": [
        {
            "file_path": "000.png",
            "transform_matrix": [
                [
                    -0.37694185972213745,
                    0.05518878251314163,
                    -0.9245913028717041,
                    -1.1095095872879028
                ],
                [
                    -0.9262369275093079,
                    -0.022459667176008224,
                    0.3762721121311188,
                    0.4515266716480255
                ],
                [
                    2.9194779926910996e-09,
                    0.9982233047485352,
                    0.05958385393023491,
                    0.07150064408779144
                ],
                [
                    0,
                    0,
                    0,
                    1
                ]
            ]
        },
        {
            "file_path": "001.png",
            "transform_matrix": [
                [
                    0.750361442565918,
                    -0.29996612668037415,
                    0.589048445224762,
                    0.7068580985069275
                ],
                [
                    0.6610277891159058,
                    0.3405044972896576,
                    -0.6686545610427856,
                    -0.8023855090141296
                ],
                [
                    6.115825357255744e-08,
                    0.8911100029945374,
                    0.45378735661506653,
                    0.5445449352264404
                ],
                [
                    0,
                    0,
                    0,
                    1
                ]
            ]
        },
        {
            "file_path": "002.png",
            "transform_matrix": [
                [
                    -0.14912720024585724,
                    0.2819922864437103,
                    -0.9477560520172119,
                    -1.1373072862625122
                ],
                [
                    -0.9888180494308472,
                    -0.04252830520272255,
                    0.14293444156646729,
                    0.17152130603790283
                ],
                [
                    -1.1234778440893933e-08,
                    0.9584736824035645,
                    0.2851811647415161,
                    0.34221741557121277
                ],
                [
                    0,
                    0,
                    0,
                    1
                ]
            ]
        },
        {
            "file_path": "003.png",
            "transform_matrix": [
                [
                    0.5783730745315552,
                    0.3268154561519623,
                    -0.7474464774131775,
                    -0.896935760974884
                ],
                [
                    -0.8157724142074585,
                    0.231708362698555,
                    -0.529930830001831,
                    -0.6359170079231262
                ],
                [
                    4.337966075240729e-08,
                    0.9162439107894897,
                    0.40062087774276733,
                    0.4807451069355011
                ],
                [
                    0,
                    0,
                    0,
                    1
                ]
            ]
        },
        {
            "file_path": "004.png",
            "transform_matrix": [
                [
                    0.9459335803985596,
                    -0.09779182076454163,
                    0.3092675507068634,
                    0.3711210787296295
                ],
                [
                    0.32436037063598633,
                    0.2851907014846802,
                    -0.9019182920455933,
                    -1.0823019742965698
                ],
                [
                    1.0989501753044806e-08,
                    0.953468918800354,
                    0.30149126052856445,
                    0.3617894947528839
                ],
                [
                    0,
                    0,
                    0,
                    1
                ]
            ]
        },
        {
            "file_path": "005.png",
            "transform_matrix": [
                [
                    0.7105821967124939,
                    -0.09649623930454254,
                    0.6969658732414246,
                    0.8363590240478516
                ],
                [
                    0.7036142349243164,
                    0.09745170921087265,
                    -0.7038681507110596,
                    -0.8446417450904846
                ],
                [
                    3.24437117171783e-08,
                    0.9905512928962708,
                    0.13714353740215302,
                    0.16457252204418182
                ],
                [
                    0,
                    0,
                    0,
                    1
                ]
            ]
        }
    ]
}