{
    "camera_angle_x": 0.8575560450553894,
    "aabb": [
        [
            -0.35,
            -0.35,
            -0.35
        ],
        [
            0.35,
            0.35,
            0.35
        ]
    ],
    "frames": [
        {
            "file_path": "000.png",
            "transform_matrix": [
                [
                    -0.30587953329086304,
                    0.35751867294311523,
                    -0.882393479347229,
                    -1.058872103691101
                ],
                [
                    -0.9520702958106995,
                    -0.11486297100782394,
                    0.28349387645721436,
                    0.340192586183548
                ],
                [
                    6.430619947650484e-08,
                    0.9268155097961426,
                    0.3755170404911041,
                    0.45062050223350525
                ],
                [
                    0,
                    0,
                    0,
                    1
                ]
            ]
        },
        {
            "file_path": "001.png",
            "transform_matrix": [
                [
                    0.03462287038564682,
                    0.45566031336784363,
                    -0.8894801735877991,
                    -1.0673761367797852
                ],
                [
                    -0.9994004964828491,
                    0.015785682946443558,
                    -0.03081488609313965,
                    -0.03697787597775459
                ],
                [
                    -2.665076337393657e-08,
                    0.8900138139724731,
                    0.4559336304664612,
                    0.5471205115318298
                ],
                [
                    0,
                    0,
                    0,
                    1
                ]
            ]
        },
        {
            "file_path": "002.png",
            "transform_matrix": [
                [
                    0.9772084951400757,
                    -0.05438726767897606,
                    0.2051963061094284,
                    0.24623557925224304
                ],
                [
                    0.21228165924549103,
                    0.2503639757633209,
                    -0.9445922374725342,
                    -1.133510708808899
                ],
                [
                    1.4145523863362541e-08,
                    0.9666229486465454,
                    0.25620323419570923,
                    0.3074440062046051
                ],
                [
                    0,
                    0,
                    0,
                    1
                ]
            ]
        },
        {
            "file_path": "003.png",
            "transform_matrix": [
                [
                    -0.8263046145439148,
                    -0.2366729974746704,
                    0.5110841989517212,
                    0.6133009791374207
                ],
                [
                    0.5632238984107971,
                    -0.3472224771976471,
                    0.7498104572296143,
                    0.8997724652290344
                ],
                [
                    -3.956350980161005e-08,
                    0.9074264764785767,
                    0.4202111065387726,
                    0.5042535066604614
                ],
                [
                    0,
                    0,
                    0,
                    1
                ]
            ]
        },
        {
            "file_path": "004.png",
            "transform_matrix": [
                [
                    0.08170279115438461,
                    -0.19698551297187805,
                    0.9769963026046753,
                    1.1723953485488892
                ],
                [
                    0.9966569542884827,
                    0.016148125752806664,
                    -0.08009130507707596,
                    -0.09610962122678757
                ],
                [
                    -7.714175609407903e-08,
                    0.9802736639976501,
                    0.19764606654644012,
                    0.23717553913593292
                ],
                [
                    0,
                    0,
                    0,
                    1
                ]
            ]
        },
        {
            "file_path": "005.png",
            "transform_matrix": [
                [
                    0.8299586772918701,
                    0.27286362648010254,
                    -0.48653262853622437,
                    -0.5838391780853271
                ],
                [
                    -0.5578248500823975,
                    0.4059797525405884,
                    -0.7238866686820984,
                    -0.8686640858650208
                ],
                [
                    5.08381212682707e-08,
                    0.8721960186958313,
                    0.4891565442085266,
                    0.5869877934455872
                ],
                [
                    0,
                    0,
                    0,
                    1
                ]
            ]
        }
    ]
}