{
    "camera_angle_x": 0.8575560450553894,
    "aabb": [
        [
            -0.35,
            -0.35,
            -0.35
        ],
        [
            0.35,
            0.35,
            0.35
        ]
    ],
    "frames": [
        {
            "file_path": "000.png",
            "transform_matrix": [
                [
                    0.7895194888114929,
                    0.3006484806537628,
                    -0.5350415706634521,
                    -0.6420498490333557
                ],
                [
                    -0.613725483417511,
                    0.3867654502391815,
                    -0.6882975697517395,
                    -0.8259571194648743
                ],
                [
                    -7.79841080600363e-09,
                    0.8717929720878601,
                    0.4898744821548462,
                    0.5878493785858154
                ],
                [
                    0,
                    0,
                    0,
                    1
                ]
            ]
        },
        {
            "file_path": "001.png",
            "transform_matrix": [
                [
                    0.6796824932098389,
                    -0.09083568304777145,
                    0.7278603315353394,
                    0.8734323382377625
                ],
                [
                    0.7335065007209778,
                    0.0841701477766037,
                    -0.674450695514679,
                    -0.80934077501297
                ],
                [
                    2.3990100572746087e-08,
                    0.9923025965690613,
                    0.12383750826120377,
                    0.1486051082611084
                ],
                [
                    0,
                    0,
                    0,
                    1
                ]
            ]
        },
        {
            "file_path": "002.png",
            "transform_matrix": [
                [
                    0.7633176445960999,
                    -0.13358207046985626,
                    0.6320617198944092,
                    0.7584740519523621
                ],
                [
                    0.6460233926773071,
                    0.1578356772661209,
                    -0.7468211054801941,
                    -0.8961853384971619
                ],
                [
                    -4.643236906076709e-09,
                    0.9783883690834045,
                    0.20677588880062103,
                    0.24813109636306763
                ],
                [
                    0,
                    0,
                    0,
                    1
                ]
            ]
        },
        {
            "file_path": "003.png",
            "transform_matrix": [
                [
                    -0.9180874228477478,
                    -0.023005230352282524,
                    0.3957098126411438,
                    0.4748517870903015
                ],
                [
                    0.39637795090675354,
                    -0.05328446626663208,
                    0.9165398478507996,
                    1.0998479127883911
                ],
                [
                    -2.6025571031595973e-08,
                    0.9983143210411072,
                    0.058038558810949326,
                    0.06964627653360367
                ],
                [
                    0,
                    0,
                    0,
                    1
                ]
            ]
        },
        {
            "file_path": "004.png",
            "transform_matrix": [
                [
                    -0.759486734867096,
                    0.12809020280838013,
                    -0.6377874612808228,
                    -0.7653449773788452
                ],
                [
                    -0.6505228281021118,
                    -0.1495455801486969,
                    0.7446181774139404,
                    0.8935417532920837
                ],
                [
                    -9.567656888975762e-09,
                    0.980422854423523,
                    0.19690349698066711,
                    0.23628418147563934
                ],
                [
                    0,
                    0,
                    0,
                    1
                ]
            ]
        },
        {
            "file_path": "005.png",
            "transform_matrix": [
                [
                    -0.5935869812965393,
                    0.07709833234548569,
                    -0.8010683059692383,
                    -0.9612820148468018
                ],
                [
                    -0.8047698736190796,
                    -0.056866638362407684,
                    0.5908567309379578,
                    0.7090280055999756
                ],
                [
                    2.10270485467845e-08,
                    0.9954004287719727,
                    0.09580168128013611,
                    0.11496195197105408
                ],
                [
                    0,
                    0,
                    0,
                    1
                ]
            ]
        }
    ]
}