{
    "camera_angle_x": 0.8575560450553894,
    "aabb": [
        [
            -0.35,
            -0.35,
            -0.35
        ],
        [
            0.35,
            0.35,
            0.35
        ]
    ],
    "frames": [
        {
            "file_path": "000.png",
            "transform_matrix": [
                [
                    -0.9293497800827026,
                    -0.028383098542690277,
                    0.3681080937385559,
                    0.44172975420951843
                ],
                [
                    0.3692007064819336,
                    -0.0714457556605339,
                    0.926599383354187,
                    1.1119192838668823
                ],
                [
                    -1.6799933888478336e-08,
                    0.9970406293869019,
                    0.07687707245349884,
                    0.09225264191627502
                ],
                [
                    0,
                    0,
                    0,
                    1
                ]
            ]
        },
        {
            "file_path": "001.png",
            "transform_matrix": [
                [
                    0.8457602858543396,
                    -0.1938784420490265,
                    0.49709227681159973,
                    0.5965107083320618
                ],
                [
                    0.5335631370544434,
                    0.30732014775276184,
                    -0.7879497408866882,
                    -0.945539653301239
                ],
                [
                    -2.5415753057700385e-08,
                    0.9316467046737671,
                    0.3633655309677124,
                    0.4360387325286865
                ],
                [
                    0,
                    0,
                    0,
                    1
                ]
            ]
        },
        {
            "file_path": "002.png",
            "transform_matrix": [
                [
                    -0.5910304188728333,
                    -0.0565517321228981,
                    0.8046645522117615,
                    0.9655974507331848
                ],
                [
                    0.8066493272781372,
                    -0.04143540933728218,
                    0.5895761847496033,
                    0.7074914574623108
                ],
                [
                    2.8417119324330997e-08,
                    0.9975395202636719,
                    0.07010695338249207,
                    0.08412840962409973
                ],
                [
                    0,
                    0,
                    0,
                    1
                ]
            ]
        },
        {
            "file_path": "003.png",
            "transform_matrix": [
                [
                    -0.0007849842077121139,
                    -0.4731960594654083,
                    0.8809568881988525,
                    1.0571482181549072
                ],
                [
                    0.9999997615814209,
                    -0.00037148798583075404,
                    0.0006914865225553513,
                    0.0008297408348880708
                ],
                [
                    1.0044125531294412e-08,
                    0.8809571266174316,
                    0.4731961488723755,
                    0.5678355097770691
                ],
                [
                    0,
                    0,
                    0,
                    1
                ]
            ]
        },
        {
            "file_path": "004.png",
            "transform_matrix": [
                [
                    -0.9967880845069885,
                    0.013068118132650852,
                    -0.07901252061128616,
                    -0.09481502324342728
                ],
                [
                    -0.08008591085672379,
                    -0.16265219449996948,
                    0.9834280014038086,
                    1.1801135540008545
                ],
                [
                    -5.935096858422639e-10,
                    0.9865970015525818,
                    0.16317619383335114,
                    0.19581149518489838
                ],
                [
                    0,
                    0,
                    0,
                    1
                ]
            ]
        },
        {
            "file_path": "005.png",
            "transform_matrix": [
                [
                    0.5744524598121643,
                    -0.2571289837360382,
                    0.7771029472351074,
                    0.9325235486030579
                ],
                [
                    0.8185379505157471,
                    0.18045398592948914,
                    -0.545373260974884,
                    -0.6544480323791504
                ],
                [
                    -4.489895388815057e-08,
                    0.9493792653083801,
                    0.31413209438323975,
                    0.3769584894180298
                ],
                [
                    0,
                    0,
                    0,
                    1
                ]
            ]
        }
    ]
}