{
    "camera_angle_x": 0.8575560450553894,
    "aabb": [
        [
            -0.35,
            -0.35,
            -0.35
        ],
        [
            0.35,
            0.35,
            0.35
        ]
    ],
    "frames": [
        {
            "file_path": "000.png",
            "transform_matrix": [
                [
                    0.7729697227478027,
                    -0.07396610826253891,
                    0.6301165819168091,
                    0.7561396956443787
                ],
                [
                    0.634442925453186,
                    0.0901159942150116,
                    -0.7676988840103149,
                    -0.9212386012077332
                ],
                [
                    2.5047981466741476e-09,
                    0.9931809902191162,
                    0.1165841668844223,
                    0.13990116119384766
                ],
                [
                    0,
                    0,
                    0,
                    1
                ]
            ]
        },
        {
            "file_path": "001.png",
            "transform_matrix": [
                [
                    -0.6953205466270447,
                    0.23854391276836395,
                    -0.67795729637146,
                    -0.8135488629341125
                ],
                [
                    -0.7186997532844543,
                    -0.23078416287899017,
                    0.6559034585952759,
                    0.78708416223526
                ],
                [
                    -2.354208561428095e-08,
                    0.9433109164237976,
                    0.3319104015827179,
                    0.3982924520969391
                ],
                [
                    0,
                    0,
                    0,
                    1
                ]
            ]
        },
        {
            "file_path": "002.png",
            "transform_matrix": [
                [
                    0.40546199679374695,
                    -0.08683223277330399,
                    0.909978449344635,
                    1.091974139213562
                ],
                [
                    0.9141119122505188,
                    0.038515057414770126,
                    -0.4036286175251007,
                    -0.4843544065952301
                ],
                [
                    6.848620159871643e-08,
                    0.9954782128334045,
                    0.09499074518680573,
                    0.11398889869451523
                ],
                [
                    0,
                    0,
                    0,
                    1
                ]
            ]
        },
        {
            "file_path": "003.png",
            "transform_matrix": [
                [
                    0.7870189547538757,
                    0.0736403688788414,
                    -0.6125179529190063,
                    -0.7350215911865234
                ],
                [
                    -0.61692875623703,
                    0.09394332766532898,
                    -0.7813920378684998,
                    -0.9376704692840576
                ],
                [
                    -2.5759238297951015e-08,
                    0.9928503036499023,
                    0.11936604231595993,
                    0.14323924481868744
                ],
                [
                    0,
                    0,
                    0,
                    1
                ]
            ]
        },
        {
            "file_path": "004.png",
            "transform_matrix": [
                [
                    0.14501820504665375,
                    0.03589428961277008,
                    -0.9887778162956238,
                    -1.1865333318710327
                ],
                [
                    -0.9894290566444397,
                    0.005260838661342859,
                    -0.1449228674173355,
                    -0.17390741407871246
                ],
                [
                    8.159766196058627e-09,
                    0.9993418455123901,
                    0.03627767413854599,
                    0.04353354126214981
                ],
                [
                    0,
                    0,
                    0,
                    1
                ]
            ]
        },
        {
            "file_path": "005.png",
            "transform_matrix": [
                [
                    -0.9241395592689514,
                    -0.103838250041008,
                    0.367673397064209,
                    0.4412080943584442
                ],
                [
                    0.3820551335811615,
                    -0.25117063522338867,
                    0.8893521428108215,
                    1.0672225952148438
                ],
                [
                    -1.128253401816437e-08,
                    0.9623569846153259,
                    0.271788626909256,
                    0.3261463940143585
                ],
                [
                    0,
                    0,
                    0,
                    1
                ]
            ]
        }
    ]
}