{
    "camera_angle_x": 0.8575560450553894,
    "aabb": [
        [
            -0.35,
            -0.35,
            -0.35
        ],
        [
            0.35,
            0.35,
            0.35
        ]
    ],
    "frames": [
        {
            "file_path": "000.png",
            "transform_matrix": [
                [
                    0.8160998821258545,
                    0.11113515496253967,
                    -0.5671243071556091,
                    -0.6805492043495178
                ],
                [
                    -0.5779109001159668,
                    0.15694013237953186,
                    -0.80086749792099,
                    -0.9610410928726196
                ],
                [
                    1.8796271206156234e-08,
                    0.9813351631164551,
                    0.1923050433397293,
                    0.2307659536600113
                ],
                [
                    0,
                    0,
                    0,
                    1
                ]
            ]
        },
        {
            "file_path": "001.png",
            "transform_matrix": [
                [
                    0.8787107467651367,
                    -0.20372122526168823,
                    0.4317002296447754,
                    0.5180402398109436
                ],
                [
                    0.47735461592674255,
                    0.3750084936618805,
                    -0.7946705222129822,
                    -0.9536046385765076
                ],
                [
                    -8.556948927207486e-09,
                    0.9043596386909485,
                    0.42677125334739685,
                    0.5121256113052368
                ],
                [
                    0,
                    0,
                    0,
                    1
                ]
            ]
        },
        {
            "file_path": "002.png",
            "transform_matrix": [
                [
                    0.9999552369117737,
                    0.003054084489122033,
                    -0.008953931741416454,
                    -0.010744716040790081
                ],
                [
                    -0.00946046132594347,
                    0.3228115141391754,
                    -0.9464161992073059,
                    -1.1356991529464722
                ],
                [
                    -2.8817320751883813e-10,
                    0.9464585185050964,
                    0.32282593846321106,
                    0.38739150762557983
                ],
                [
                    0,
                    0,
                    0,
                    1
                ]
            ]
        },
        {
            "file_path": "003.png",
            "transform_matrix": [
                [
                    -0.7335009574890137,
                    0.2323773354291916,
                    -0.6387308835983276,
                    -0.766477108001709
                ],
                [
                    -0.6796884536743164,
                    -0.25077518820762634,
                    0.6893007159233093,
                    0.8271608948707581
                ],
                [
                    1.2887799272220946e-08,
                    0.9397407174110413,
                    0.3418879806995392,
                    0.41026565432548523
                ],
                [
                    0,
                    0,
                    0,
                    1
                ]
            ]
        },
        {
            "file_path": "004.png",
            "transform_matrix": [
                [
                    0.8766844868659973,
                    -0.12087691575288773,
                    0.465631902217865,
                    0.5587582588195801
                ],
                [
                    0.4810658097267151,
                    0.2202836126089096,
                    -0.8485581278800964,
                    -1.0182697772979736
                ],
                [
                    -1.9695697517363442e-08,
                    0.9679173827171326,
                    0.25126898288726807,
                    0.3015228509902954
                ],
                [
                    0,
                    0,
                    0,
                    1
                ]
            ]
        },
        {
            "file_path": "005.png",
            "transform_matrix": [
                [
                    0.4558756351470947,
                    -0.09558963775634766,
                    0.8848955035209656,
                    1.0618746280670166
                ],
                [
                    0.8900434970855713,
                    0.04896053299307823,
                    -0.4532388746738434,
                    -0.543886661529541
                ],
                [
                    -3.683753746486218e-08,
                    0.9942160248756409,
                    0.10739883780479431,
                    0.1288786083459854
                ],
                [
                    0,
                    0,
                    0,
                    1
                ]
            ]
        }
    ]
}