{
    "camera_angle_x": 0.8575560450553894,
    "aabb": [
        [
            -0.35,
            -0.35,
            -0.35
        ],
        [
            0.35,
            0.35,
            0.35
        ]
    ],
    "frames": [
        {
            "file_path": "000.png",
            "transform_matrix": [
                [
                    -0.9566212296485901,
                    0.06146373599767685,
                    -0.2847774624824524,
                    -0.3417329788208008
                ],
                [
                    -0.2913348376750946,
                    -0.20182105898857117,
                    0.9350895285606384,
                    1.1221073865890503
                ],
                [
                    1.6340948150173062e-08,
                    0.9774919748306274,
                    0.21097272634506226,
                    0.25316736102104187
                ],
                [
                    0,
                    0,
                    0,
                    1
                ]
            ]
        },
        {
            "file_path": "001.png",
            "transform_matrix": [
                [
                    -0.26801931858062744,
                    -0.25456932187080383,
                    0.9291717410087585,
                    1.1150060892105103
                ],
                [
                    0.9634135961532593,
                    -0.07082054018974304,
                    0.2584933340549469,
                    0.3101920485496521
                ],
                [
                    -4.989053081771999e-08,
                    0.9644578695297241,
                    0.26423677802085876,
                    0.3170841932296753
                ],
                [
                    0,
                    0,
                    0,
                    1
                ]
            ]
        },
        {
            "file_path": "002.png",
            "transform_matrix": [
                [
                    -0.6284360885620117,
                    -0.061138495802879333,
                    0.7754547595977783,
                    0.9305457472801208
                ],
                [
                    0.7778611779212952,
                    -0.0493939146399498,
                    0.6264919638633728,
                    0.751790463924408
                ],
                [
                    -1.7521280426535668e-08,
                    0.9969063401222229,
                    0.07859821617603302,
                    0.09431783854961395
                ],
                [
                    0,
                    0,
                    0,
                    1
                ]
            ]
        },
        {
            "file_path": "003.png",
            "transform_matrix": [
                [
                    -0.2580064833164215,
                    -0.2841305732727051,
                    0.9234189987182617,
                    1.108102798461914
                ],
                [
                    0.9661432504653931,
                    -0.07587653398513794,
                    0.24659699201583862,
                    0.2959164083003998
                ],
                [
                    2.8018609654623106e-08,
                    0.9557785987854004,
                    0.29408738017082214,
                    0.3529048562049866
                ],
                [
                    0,
                    0,
                    0,
                    1
                ]
            ]
        },
        {
            "file_path": "004.png",
            "transform_matrix": [
                [
                    0.962310254573822,
                    0.053217388689517975,
                    -0.2666962146759033,
                    -0.32003551721572876
                ],
                [
                    -0.2719539701938629,
                    0.1883099228143692,
                    -0.943705677986145,
                    -1.1324468851089478
                ],
                [
                    -7.67843033600002e-09,
                    0.9806667566299438,
                    0.1956852525472641,
                    0.23482225835323334
                ],
                [
                    0,
                    0,
                    0,
                    1
                ]
            ]
        },
        {
            "file_path": "005.png",
            "transform_matrix": [
                [
                    -0.9979406595230103,
                    -0.022563014179468155,
                    0.06004492938518524,
                    0.07205391675233841
                ],
                [
                    0.06414423882961273,
                    -0.35102999210357666,
                    0.9341645836830139,
                    1.1209975481033325
                ],
                [
                    6.948330799616542e-10,
                    0.9360923767089844,
                    0.3517543375492096,
                    0.4221053421497345
                ],
                [
                    0,
                    0,
                    0,
                    1
                ]
            ]
        }
    ]
}