{
    "camera_angle_x": 0.8575560450553894,
    "aabb": [
        [
            -0.35,
            -0.35,
            -0.35
        ],
        [
            0.35,
            0.35,
            0.35
        ]
    ],
    "frames": [
        {
            "file_path": "000.png",
            "transform_matrix": [
                [
                    -0.779189944267273,
                    -0.25643399357795715,
                    0.5719309449195862,
                    0.6863170862197876
                ],
                [
                    0.6267881393432617,
                    -0.31878525018692017,
                    0.710994303226471,
                    0.8531930446624756
                ],
                [
                    -1.5467023217752285e-08,
                    0.9124789834022522,
                    0.4091237485408783,
                    0.4909486174583435
                ],
                [
                    0,
                    0,
                    0,
                    1
                ]
            ]
        },
        {
            "file_path": "001.png",
            "transform_matrix": [
                [
                    0.7786963582038879,
                    -0.2927822172641754,
                    0.554896891117096,
                    0.6658762693405151
                ],
                [
                    0.6274009943008423,
                    0.36338549852371216,
                    -0.6887081861495972,
                    -0.8264498114585876
                ],
                [
                    1.952498251966972e-08,
                    0.8844374418258667,
                    0.4666588008403778,
                    0.5599907040596008
                ],
                [
                    0,
                    0,
                    0,
                    1
                ]
            ]
        },
        {
            "file_path": "002.png",
            "transform_matrix": [
                [
                    -0.7887842655181885,
                    0.15002067387104034,
                    -0.5960816740989685,
                    -0.715298056602478
                ],
                [
                    -0.6146702766418457,
                    -0.19251608848571777,
                    0.7649301290512085,
                    0.9179161190986633
                ],
                [
                    3.514023916295628e-08,
                    0.9697584509849548,
                    0.24406681954860687,
                    0.2928803265094757
                ],
                [
                    0,
                    0,
                    0,
                    1
                ]
            ]
        },
        {
            "file_path": "003.png",
            "transform_matrix": [
                [
                    -0.6543366312980652,
                    -0.35592135787010193,
                    0.6672059893608093,
                    0.8006470799446106
                ],
                [
                    0.7562035918235779,
                    -0.30797573924064636,
                    0.5773277282714844,
                    0.6927933096885681
                ],
                [
                    -9.418422308726804e-08,
                    0.882310152053833,
                    0.47066858410835266,
                    0.5648024082183838
                ],
                [
                    0,
                    0,
                    0,
                    1
                ]
            ]
        },
        {
            "file_path": "004.png",
            "transform_matrix": [
                [
                    0.1755499541759491,
                    0.18774032592773438,
                    -0.9664035439491272,
                    -1.1596843004226685
                ],
                [
                    -0.984470546245575,
                    0.03347768634557724,
                    -0.17232827842235565,
                    -0.2067939043045044
                ],
                [
                    3.604800014045395e-09,
                    0.9816480278968811,
                    0.19070181250572205,
                    0.22884224355220795
                ],
                [
                    0,
                    0,
                    0,
                    1
                ]
            ]
        },
        {
            "file_path": "005.png",
            "transform_matrix": [
                [
                    -0.6953715682029724,
                    0.05161023512482643,
                    -0.7167949676513672,
                    -0.8601539134979248
                ],
                [
                    -0.7186505794525146,
                    -0.049938421696424484,
                    0.6935760378837585,
                    0.8322911858558655
                ],
                [
                    6.286056475346413e-08,
                    0.9974179863929749,
                    0.0718153566122055,
                    0.08617868274450302
                ],
                [
                    0,
                    0,
                    0,
                    1
                ]
            ]
        }
    ]
}