{
    "camera_angle_x": 0.8575560450553894,
    "aabb": [
        [
            -0.35,
            -0.35,
            -0.35
        ],
        [
            0.35,
            0.35,
            0.35
        ]
    ],
    "frames": [
        {
            "file_path": "000.png",
            "transform_matrix": [
                [
                    -0.2221171259880066,
                    -0.015162162482738495,
                    0.9749022126197815,
                    1.1698825359344482
                ],
                [
                    0.9750201106071472,
                    -0.0034541457425802946,
                    0.22209018468856812,
                    0.26650822162628174
                ],
                [
                    1.347618550084917e-08,
                    0.9998791813850403,
                    0.015550545416772366,
                    0.018660856410861015
                ],
                [
                    0,
                    0,
                    0,
                    1
                ]
            ]
        },
        {
            "file_path": "001.png",
            "transform_matrix": [
                [
                    0.9803350567817688,
                    0.09543655812740326,
                    -0.17272819578647614,
                    -0.20727385580539703
                ],
                [
                    -0.1973402351140976,
                    0.47410404682159424,
                    -0.8580688834190369,
                    -1.0296827554702759
                ],
                [
                    -3.3474041316594594e-09,
                    0.8752812147140503,
                    0.4836142957210541,
                    0.5803372263908386
                ],
                [
                    0,
                    0,
                    0,
                    1
                ]
            ]
        },
        {
            "file_path": "002.png",
            "transform_matrix": [
                [
                    -0.7676706910133362,
                    -0.22300833463668823,
                    0.6007903814315796,
                    0.7209484577178955
                ],
                [
                    0.6408445835113525,
                    -0.26714271306991577,
                    0.7196895480155945,
                    0.8636274337768555
                ],
                [
                    -1.0672232875208465e-08,
                    0.9374977946281433,
                    0.3479912579059601,
                    0.41758960485458374
                ],
                [
                    0,
                    0,
                    0,
                    1
                ]
            ]
        },
        {
            "file_path": "003.png",
            "transform_matrix": [
                [
                    0.9767284989356995,
                    0.10271859914064407,
                    -0.18828250467777252,
                    -0.22593899071216583
                ],
                [
                    -0.21447938680648804,
                    0.4677753746509552,
                    -0.8574292063713074,
                    -1.0289150476455688
                ],
                [
                    -3.6738545539094503e-09,
                    0.8778582811355591,
                    0.4789205491542816,
                    0.5747047066688538
                ],
                [
                    0,
                    0,
                    0,
                    1
                ]
            ]
        },
        {
            "file_path": "004.png",
            "transform_matrix": [
                [
                    -0.9906535744667053,
                    0.0004026305687148124,
                    -0.13640104234218597,
                    -0.1636812537908554
                ],
                [
                    -0.13640163838863373,
                    -0.002924170345067978,
                    0.9906492829322815,
                    1.1887792348861694
                ],
                [
                    2.045419833507367e-09,
                    0.9999955892562866,
                    0.002951814094558358,
                    0.003542164107784629
                ],
                [
                    0,
                    0,
                    0,
                    1
                ]
            ]
        },
        {
            "file_path": "005.png",
            "transform_matrix": [
                [
                    0.3559786081314087,
                    0.3274870216846466,
                    -0.8752322793006897,
                    -1.0502787828445435
                ],
                [
                    -0.934494137763977,
                    0.12475026398897171,
                    -0.33340388536453247,
                    -0.40008464455604553
                ],
                [
                    2.712054225639804e-08,
                    0.9365840554237366,
                    0.3504430949687958,
                    0.420531690120697
                ],
                [
                    0,
                    0,
                    0,
                    1
                ]
            ]
        }
    ]
}