{
    "camera_angle_x": 0.8575560450553894,
    "aabb": [
        [
            -0.35,
            -0.35,
            -0.35
        ],
        [
            0.35,
            0.35,
            0.35
        ]
    ],
    "frames": [
        {
            "file_path": "000.png",
            "transform_matrix": [
                [
                    0.6998841166496277,
                    0.305795282125473,
                    -0.645485520362854,
                    -0.7745825052261353
                ],
                [
                    -0.7142564654350281,
                    0.2996419072151184,
                    -0.6324970722198486,
                    -0.7589964270591736
                ],
                [
                    -7.59778515657672e-08,
                    0.9037168025970459,
                    0.4281308352947235,
                    0.5137571096420288
                ],
                [
                    0,
                    0,
                    0,
                    1
                ]
            ]
        },
        {
            "file_path": "001.png",
            "transform_matrix": [
                [
                    0.915615439414978,
                    0.14131957292556763,
                    -0.3764002323150635,
                    -0.4516803026199341
                ],
                [
                    -0.40205514430999756,
                    0.32183244824409485,
                    -0.8571905493736267,
                    -1.0286285877227783
                ],
                [
                    2.1981410469607e-08,
                    0.9361905455589294,
                    0.3514930307865143,
                    0.4217917025089264
                ],
                [
                    0,
                    0,
                    0,
                    1
                ]
            ]
        },
        {
            "file_path": "002.png",
            "transform_matrix": [
                [
                    0.9556189179420471,
                    -0.10965978354215622,
                    0.27343595027923584,
                    0.3281231224536896
                ],
                [
                    0.29460564255714417,
                    0.35570576786994934,
                    -0.8869504332542419,
                    -1.0643404722213745
                ],
                [
                    2.2009047029314388e-08,
                    0.9281423687934875,
                    0.3722255527973175,
                    0.44667088985443115
                ],
                [
                    0,
                    0,
                    0,
                    1
                ]
            ]
        },
        {
            "file_path": "003.png",
            "transform_matrix": [
                [
                    -0.5157416462898254,
                    0.14451013505458832,
                    -0.844468891620636,
                    -1.0133625268936157
                ],
                [
                    -0.8567443490028381,
                    -0.08699195832014084,
                    0.5083519816398621,
                    0.6100224852561951
                ],
                [
                    9.954769097930694e-08,
                    0.9856720566749573,
                    0.16867342591285706,
                    0.2024082988500595
                ],
                [
                    0,
                    0,
                    0,
                    1
                ]
            ]
        },
        {
            "file_path": "004.png",
            "transform_matrix": [
                [
                    0.6772376298904419,
                    0.3370983600616455,
                    -0.6539985537528992,
                    -0.7847980856895447
                ],
                [
                    -0.7357645034790039,
                    0.3102835416793823,
                    -0.6019760370254517,
                    -0.7223710417747498
                ],
                [
                    4.619126059424161e-08,
                    0.8888696432113647,
                    0.45816054940223694,
                    0.5497928261756897
                ],
                [
                    0,
                    0,
                    0,
                    1
                ]
            ]
        },
        {
            "file_path": "005.png",
            "transform_matrix": [
                [
                    -0.6130327582359314,
                    0.34885671734809875,
                    -0.7088653445243835,
                    -0.8506383299827576
                ],
                [
                    -0.7900576591491699,
                    -0.27068978548049927,
                    0.5500328540802002,
                    0.6600394248962402
                ],
                [
                    8.649037397390202e-08,
                    0.8972325325012207,
                    0.44155845046043396,
                    0.5298702120780945
                ],
                [
                    0,
                    0,
                    0,
                    1
                ]
            ]
        }
    ]
}