{
    "camera_angle_x": 0.8575560450553894,
    "aabb": [
        [
            -0.35,
            -0.35,
            -0.35
        ],
        [
            0.35,
            0.35,
            0.35
        ]
    ],
    "frames": [
        {
            "file_path": "000.png",
            "transform_matrix": [
                [
                    -0.7559829950332642,
                    -0.0003318997332826257,
                    0.6545913219451904,
                    0.7855095267295837
                ],
                [
                    0.65459144115448,
                    -0.0003832750371657312,
                    0.7559828758239746,
                    0.9071794152259827
                ],
                [
                    -7.087157882779138e-08,
                    0.9999999403953552,
                    0.0005068769096396863,
                    0.0006084565538913012
                ],
                [
                    0,
                    0,
                    0,
                    1
                ]
            ]
        },
        {
            "file_path": "001.png",
            "transform_matrix": [
                [
                    -0.2122746706008911,
                    -0.22519809007644653,
                    0.9509077072143555,
                    1.1410892009735107
                ],
                [
                    0.9772101640701294,
                    -0.04891868308186531,
                    0.20656105875968933,
                    0.24787326157093048
                ],
                [
                    -7.951894076541066e-08,
                    0.9730842709541321,
                    0.23044994473457336,
                    0.27654004096984863
                ],
                [
                    0,
                    0,
                    0,
                    1
                ]
            ]
        },
        {
            "file_path": "002.png",
            "transform_matrix": [
                [
                    0.7629406452178955,
                    0.2719326615333557,
                    -0.5864931344985962,
                    -0.7037917971611023
                ],
                [
                    -0.6464685201644897,
                    0.32092583179473877,
                    -0.6921597123146057,
                    -0.83059161901474
                ],
                [
                    -7.363485821088034e-09,
                    0.9072261452674866,
                    0.42064324021339417,
                    0.5047719478607178
                ],
                [
                    0,
                    0,
                    0,
                    1
                ]
            ]
        },
        {
            "file_path": "003.png",
            "transform_matrix": [
                [
                    0.9998229146003723,
                    -0.005761842243373394,
                    0.017913272604346275,
                    0.021495919674634933
                ],
                [
                    0.018817123025655746,
                    0.30614757537841797,
                    -0.9517982602119446,
                    -1.1421575546264648
                ],
                [
                    2.3296926610072433e-09,
                    0.9519668221473694,
                    0.3062017858028412,
                    0.3674424886703491
                ],
                [
                    0,
                    0,
                    0,
                    1
                ]
            ]
        },
        {
            "file_path": "004.png",
            "transform_matrix": [
                [
                    0.7080569863319397,
                    0.3175969123840332,
                    -0.6307040452957153,
                    -0.7568448185920715
                ],
                [
                    -0.7061553597450256,
                    0.3184520900249481,
                    -0.6324025988578796,
                    -0.758882999420166
                ],
                [
                    -1.9667666606437706e-08,
                    0.8931520581245422,
                    0.4497549533843994,
                    0.5397060513496399
                ],
                [
                    0,
                    0,
                    0,
                    1
                ]
            ]
        },
        {
            "file_path": "005.png",
            "transform_matrix": [
                [
                    0.489111989736557,
                    0.1918816715478897,
                    -0.8508530855178833,
                    -1.0210236310958862
                ],
                [
                    -0.872221052646637,
                    0.10760071128606796,
                    -0.47712963819503784,
                    -0.5725555419921875
                ],
                [
                    4.055439006833694e-08,
                    0.9755017757415771,
                    0.21999196708202362,
                    0.2639904320240021
                ],
                [
                    0,
                    0,
                    0,
                    1
                ]
            ]
        }
    ]
}