{
    "camera_angle_x": 0.8575560450553894,
    "aabb": [
        [
            -0.35,
            -0.35,
            -0.35
        ],
        [
            0.35,
            0.35,
            0.35
        ]
    ],
    "frames": [
        {
            "file_path": "000.png",
            "transform_matrix": [
                [
                    -0.992432713508606,
                    -0.02741941809654236,
                    0.11969179660081863,
                    0.14363013207912445
                ],
                [
                    0.1227923110127449,
                    -0.22160939872264862,
                    0.9673736095428467,
                    1.1608481407165527
                ],
                [
                    -9.483033913681993e-09,
                    0.9747501015663147,
                    0.22329895198345184,
                    0.26795899868011475
                ],
                [
                    0,
                    0,
                    0,
                    1
                ]
            ]
        },
        {
            "file_path": "001.png",
            "transform_matrix": [
                [
                    -0.9728537201881409,
                    0.017269108444452286,
                    -0.2307763546705246,
                    -0.27693161368370056
                ],
                [
                    -0.2314215898513794,
                    -0.07259618490934372,
                    0.9701412320137024,
                    1.164169430732727
                ],
                [
                    6.122761853077918e-09,
                    0.9972119927406311,
                    0.0746217742562294,
                    0.08954624086618423
                ],
                [
                    0,
                    0,
                    0,
                    1
                ]
            ]
        },
        {
            "file_path": "002.png",
            "transform_matrix": [
                [
                    0.1863296627998352,
                    0.28070884943008423,
                    -0.9415327310562134,
                    -1.1298391819000244
                ],
                [
                    -0.9824873208999634,
                    0.05323660373687744,
                    -0.17856267094612122,
                    -0.21427525579929352
                ],
                [
                    -5.403875036336103e-08,
                    0.9583154916763306,
                    0.2857123911380768,
                    0.3428550660610199
                ],
                [
                    0,
                    0,
                    0,
                    1
                ]
            ]
        },
        {
            "file_path": "003.png",
            "transform_matrix": [
                [
                    -0.7453365325927734,
                    0.039956625550985336,
                    -0.6654900312423706,
                    -0.7985879778862
                ],
                [
                    -0.6666885018348694,
                    -0.044670138508081436,
                    0.7439966797828674,
                    0.8927960991859436
                ],
                [
                    7.932573709013013e-08,
                    0.9982024431228638,
                    0.05993287265300751,
                    0.07191960513591766
                ],
                [
                    0,
                    0,
                    0,
                    1
                ]
            ]
        },
        {
            "file_path": "004.png",
            "transform_matrix": [
                [
                    -0.2151273787021637,
                    0.4649672508239746,
                    -0.8587931990623474,
                    -1.030551791191101
                ],
                [
                    -0.9765860438346863,
                    -0.10242541879415512,
                    0.18917930126190186,
                    0.22701521217823029
                ],
                [
                    -2.8071486468661533e-08,
                    0.8793830871582031,
                    0.476114958524704,
                    0.5713379979133606
                ],
                [
                    0,
                    0,
                    0,
                    1
                ]
            ]
        },
        {
            "file_path": "005.png",
            "transform_matrix": [
                [
                    -0.7706050276756287,
                    -0.17798881232738495,
                    0.6119542121887207,
                    0.7343450784683228
                ],
                [
                    0.6373130679130554,
                    -0.2152145951986313,
                    0.7399424314498901,
                    0.8879308700561523
                ],
                [
                    -1.0084633572660096e-08,
                    0.9602097272872925,
                    0.2792799770832062,
                    0.3351361155509949
                ],
                [
                    0,
                    0,
                    0,
                    1
                ]
            ]
        }
    ]
}