{
    "camera_angle_x": 0.8575560450553894,
    "aabb": [
        [
            -0.35,
            -0.35,
            -0.35
        ],
        [
            0.35,
            0.35,
            0.35
        ]
    ],
    "frames": [
        {
            "file_path": "000.png",
            "transform_matrix": [
                [
                    0.819246232509613,
                    0.24814054369926453,
                    -0.5169737935066223,
                    -0.6203685998916626
                ],
                [
                    -0.5734419226646423,
                    0.3545052707195282,
                    -0.7385732531547546,
                    -0.8862879276275635
                ],
                [
                    6.047764955496859e-09,
                    0.9015277624130249,
                    0.4327212870121002,
                    0.5192655920982361
                ],
                [
                    0,
                    0,
                    0,
                    1
                ]
            ]
        },
        {
            "file_path": "001.png",
            "transform_matrix": [
                [
                    0.8470131754875183,
                    0.14774125814437866,
                    -0.510628342628479,
                    -0.6127538681030273
                ],
                [
                    -0.5315719842910767,
                    0.23541250824928284,
                    -0.8136415481567383,
                    -0.9763696789741516
                ],
                [
                    7.1652870303751115e-09,
                    0.9606007933616638,
                    0.2779325544834137,
                    0.33351925015449524
                ],
                [
                    0,
                    0,
                    0,
                    1
                ]
            ]
        },
        {
            "file_path": "002.png",
            "transform_matrix": [
                [
                    -0.9894501566886902,
                    -0.01719350926578045,
                    0.14385102689266205,
                    0.1726212203502655
                ],
                [
                    0.14487488567829132,
                    -0.11742627620697021,
                    0.9824573993682861,
                    1.1789487600326538
                ],
                [
                    -1.098234925223096e-08,
                    0.9929328560829163,
                    0.11867818981409073,
                    0.14241404831409454
                ],
                [
                    0,
                    0,
                    0,
                    1
                ]
            ]
        },
        {
            "file_path": "003.png",
            "transform_matrix": [
                [
                    -0.7574344873428345,
                    0.29567310214042664,
                    -0.5821257829666138,
                    -0.6985509395599365
                ],
                [
                    -0.6529111862182617,
                    -0.34300681948661804,
                    0.6753171682357788,
                    0.8103806376457214
                ],
                [
                    1.6490448118133827e-08,
                    0.8915849328041077,
                    0.4528535008430481,
                    0.5434242486953735
                ],
                [
                    0,
                    0,
                    0,
                    1
                ]
            ]
        },
        {
            "file_path": "004.png",
            "transform_matrix": [
                [
                    -0.9934406876564026,
                    -0.05059007182717323,
                    0.10254902392625809,
                    0.12305884808301926
                ],
                [
                    0.11434884369373322,
                    -0.43951690196990967,
                    0.8909260630607605,
                    1.0691113471984863
                ],
                [
                    1.563524065772981e-08,
                    0.8968085050582886,
                    0.4424188733100891,
                    0.5309025049209595
                ],
                [
                    0,
                    0,
                    0,
                    1
                ]
            ]
        },
        {
            "file_path": "005.png",
            "transform_matrix": [
                [
                    0.6996825337409973,
                    0.1812729686498642,
                    -0.6910749077796936,
                    -0.8292898535728455
                ],
                [
                    -0.714453935623169,
                    0.17752505838871002,
                    -0.6767868995666504,
                    -0.8121442198753357
                ],
                [
                    -3.240101875690016e-08,
                    0.9672771096229553,
                    0.25372233986854553,
                    0.30446699261665344
                ],
                [
                    0,
                    0,
                    0,
                    1
                ]
            ]
        }
    ]
}