{
    "camera_angle_x": 0.8575560450553894,
    "aabb": [
        [
            -0.35,
            -0.35,
            -0.35
        ],
        [
            0.35,
            0.35,
            0.35
        ]
    ],
    "frames": [
        {
            "file_path": "000.png",
            "transform_matrix": [
                [
                    0.5869147181510925,
                    -0.23185697197914124,
                    0.7757406234741211,
                    0.9308886528015137
                ],
                [
                    0.8096487522125244,
                    0.1680731326341629,
                    -0.5623347163200378,
                    -0.674801766872406
                ],
                [
                    4.659123931105569e-08,
                    0.9581199288368225,
                    0.2863672971725464,
                    0.34364086389541626
                ],
                [
                    0,
                    0,
                    0,
                    1
                ]
            ]
        },
        {
            "file_path": "001.png",
            "transform_matrix": [
                [
                    -0.7180640697479248,
                    0.07584782689809799,
                    -0.6918318271636963,
                    -0.8301982283592224
                ],
                [
                    -0.6959770917892456,
                    -0.07825492322444916,
                    0.7137871384620667,
                    0.856544554233551
                ],
                [
                    -1.6804960978333838e-08,
                    0.9940439462661743,
                    0.10898033529520035,
                    0.1307763308286667
                ],
                [
                    0,
                    0,
                    0,
                    1
                ]
            ]
        },
        {
            "file_path": "002.png",
            "transform_matrix": [
                [
                    -0.14509688317775726,
                    -0.03133491799235344,
                    0.9889212250709534,
                    1.186705470085144
                ],
                [
                    0.989417552947998,
                    -0.004595330450683832,
                    0.14502403140068054,
                    0.17402884364128113
                ],
                [
                    4.227483785257391e-08,
                    0.9994984269142151,
                    0.03167001157999039,
                    0.03800424188375473
                ],
                [
                    0,
                    0,
                    0,
                    1
                ]
            ]
        },
        {
            "file_path": "003.png",
            "transform_matrix": [
                [
                    -0.5635453462600708,
                    0.016409512609243393,
                    -0.8259222507476807,
                    -0.9911066889762878
                ],
                [
                    -0.8260852694511414,
                    -0.011194425635039806,
                    0.5634340643882751,
                    0.6761208772659302
                ],
                [
                    2.6552413601166336e-09,
                    0.9998027682304382,
                    0.019864125177264214,
                    0.0238370168954134
                ],
                [
                    0,
                    0,
                    0,
                    1
                ]
            ]
        },
        {
            "file_path": "004.png",
            "transform_matrix": [
                [
                    0.9978296756744385,
                    0.02818363904953003,
                    -0.05951172858476639,
                    -0.07141407579183578
                ],
                [
                    -0.06584803014993668,
                    0.42708146572113037,
                    -0.9018123149871826,
                    -1.0821747779846191
                ],
                [
                    3.8133087798541965e-09,
                    0.903773844242096,
                    0.42801037430763245,
                    0.5136124491691589
                ],
                [
                    0,
                    0,
                    0,
                    1
                ]
            ]
        },
        {
            "file_path": "005.png",
            "transform_matrix": [
                [
                    -0.5516915321350098,
                    0.2689134180545807,
                    -0.7895076274871826,
                    -0.9474090933799744
                ],
                [
                    -0.8340483903884888,
                    -0.1778760552406311,
                    0.5222294330596924,
                    0.6266753673553467
                ],
                [
                    6.125710427795639e-08,
                    0.9465969800949097,
                    0.3224193751811981,
                    0.3869032561779022
                ],
                [
                    0,
                    0,
                    0,
                    1
                ]
            ]
        }
    ]
}