{
    "camera_angle_x": 0.8575560450553894,
    "aabb": [
        [
            -0.35,
            -0.35,
            -0.35
        ],
        [
            0.35,
            0.35,
            0.35
        ]
    ],
    "frames": [
        {
            "file_path": "000.png",
            "transform_matrix": [
                [
                    0.9922956228256226,
                    0.022039493545889854,
                    -0.12191648781299591,
                    -0.14629976451396942
                ],
                [
                    -0.12389257550239563,
                    0.1765211969614029,
                    -0.9764687418937683,
                    -1.1717623472213745
                ],
                [
                    -7.733837570356172e-09,
                    0.9840502142906189,
                    0.17789174616336823,
                    0.2134702503681183
                ],
                [
                    0,
                    0,
                    0,
                    1
                ]
            ]
        },
        {
            "file_path": "001.png",
            "transform_matrix": [
                [
                    -0.43655064702033997,
                    0.158308207988739,
                    -0.8856421709060669,
                    -1.0627706050872803
                ],
                [
                    -0.8996797204017639,
                    -0.07681577652692795,
                    0.42973920702934265,
                    0.5156870484352112
                ],
                [
                    -3.866834319410373e-08,
                    0.9843972325325012,
                    0.17596064507961273,
                    0.21115273237228394
                ],
                [
                    0,
                    0,
                    0,
                    1
                ]
            ]
        },
        {
            "file_path": "002.png",
            "transform_matrix": [
                [
                    0.9870330095291138,
                    0.028568020090460777,
                    -0.15795491635799408,
                    -0.1895458847284317
                ],
                [
                    -0.16051755845546722,
                    0.17566651105880737,
                    -0.9712752103805542,
                    -1.1655302047729492
                ],
                [
                    -7.454754147317999e-09,
                    0.9840351939201355,
                    0.17797431349754333,
                    0.2135692983865738
                ],
                [
                    0,
                    0,
                    0,
                    1
                ]
            ]
        },
        {
            "file_path": "003.png",
            "transform_matrix": [
                [
                    -0.8708760738372803,
                    -0.1119174137711525,
                    0.4785918891429901,
                    0.5743101835250854
                ],
                [
                    0.49150350689888,
                    -0.19830234348773956,
                    0.8479982614517212,
                    1.0175977945327759
                ],
                [
                    1.2832485296598861e-08,
                    0.9737305641174316,
                    0.22770404815673828,
                    0.27324482798576355
                ],
                [
                    0,
                    0,
                    0,
                    1
                ]
            ]
        },
        {
            "file_path": "004.png",
            "transform_matrix": [
                [
                    -0.5010093450546265,
                    -0.19547376036643982,
                    0.8430776000022888,
                    1.0116931200027466
                ],
                [
                    0.8654419779777527,
                    -0.11316094547510147,
                    0.48806241154670715,
                    0.5856748819351196
                ],
                [
                    1.0800992100712392e-08,
                    0.9741584658622742,
                    0.22586576640605927,
                    0.27103909850120544
                ],
                [
                    0,
                    0,
                    0,
                    1
                ]
            ]
        },
        {
            "file_path": "005.png",
            "transform_matrix": [
                [
                    0.9312160611152649,
                    -0.03695712611079216,
                    0.362589031457901,
                    0.4351068437099457
                ],
                [
                    0.364467591047287,
                    0.09442565590143204,
                    -0.9264163374900818,
                    -1.1116995811462402
                ],
                [
                    -3.2104072289484975e-08,
                    0.9948457479476929,
                    0.10140036046504974,
                    0.1216803565621376
                ],
                [
                    0,
                    0,
                    0,
                    1
                ]
            ]
        }
    ]
}