{
    "camera_angle_x": 0.8575560450553894,
    "aabb": [
        [
            -0.35,
            -0.35,
            -0.35
        ],
        [
            0.35,
            0.35,
            0.35
        ]
    ],
    "frames": [
        {
            "file_path": "000.png",
            "transform_matrix": [
                [
                    0.07175558060407639,
                    0.01802436076104641,
                    -0.9972593188285828,
                    -1.1967113018035889
                ],
                [
                    -0.9974221587181091,
                    0.0012966585345566273,
                    -0.07174378633499146,
                    -0.08609266579151154
                ],
                [
                    -1.1204845407064568e-07,
                    0.9998366236686707,
                    0.018071016296744347,
                    0.02168518677353859
                ],
                [
                    0,
                    0,
                    0,
                    1
                ]
            ]
        },
        {
            "file_path": "001.png",
            "transform_matrix": [
                [
                    -0.19646592438220978,
                    0.32814037799835205,
                    -0.9239725470542908,
                    -1.1087669134140015
                ],
                [
                    -0.9805107712745667,
                    -0.06574980169534683,
                    0.18513724207878113,
                    0.22216466069221497
                ],
                [
                    7.247316347047672e-08,
                    0.9423380494117737,
                    0.33466264605522156,
                    0.4015953242778778
                ],
                [
                    0,
                    0,
                    0,
                    1
                ]
            ]
        },
        {
            "file_path": "002.png",
            "transform_matrix": [
                [
                    0.608220636844635,
                    0.25604763627052307,
                    -0.7513369917869568,
                    -0.9016042947769165
                ],
                [
                    -0.793768048286438,
                    0.1961950957775116,
                    -0.5757081508636475,
                    -0.690849781036377
                ],
                [
                    -3.748909094269948e-08,
                    0.946544885635376,
                    0.3225723206996918,
                    0.38708698749542236
                ],
                [
                    0,
                    0,
                    0,
                    1
                ]
            ]
        },
        {
            "file_path": "003.png",
            "transform_matrix": [
                [
                    0.9595044851303101,
                    0.07311901450157166,
                    -0.2720382511615753,
                    -0.32644593715667725
                ],
                [
                    -0.2816934585571289,
                    0.24905802309513092,
                    -0.926616907119751,
                    -1.1119403839111328
                ],
                [
                    -2.078239802472126e-09,
                    0.9657244682312012,
                    0.2595694363117218,
                    0.311483234167099
                ],
                [
                    0,
                    0,
                    0,
                    1
                ]
            ]
        },
        {
            "file_path": "004.png",
            "transform_matrix": [
                [
                    -0.039834339171648026,
                    0.40269777178764343,
                    -0.9144658446311951,
                    -1.09735906124115
                ],
                [
                    -0.9992063641548157,
                    -0.016053952276706696,
                    0.036456044763326645,
                    0.04374723136425018
                ],
                [
                    1.7376244443312316e-08,
                    0.9151922464370728,
                    0.4030176103115082,
                    0.48362118005752563
                ],
                [
                    0,
                    0,
                    0,
                    1
                ]
            ]
        },
        {
            "file_path": "005.png",
            "transform_matrix": [
                [
                    0.4051031768321991,
                    0.19344134628772736,
                    -0.8935725688934326,
                    -1.0722869634628296
                ],
                [
                    -0.9142709970474243,
                    0.08571162074804306,
                    -0.39593198895454407,
                    -0.47511839866638184
                ],
                [
                    -3.549256888391028e-09,
                    0.9773607850074768,
                    0.2115798145532608,
                    0.25389596819877625
                ],
                [
                    0,
                    0,
                    0,
                    1
                ]
            ]
        }
    ]
}