{
    "camera_angle_x": 0.8575560450553894,
    "aabb": [
        [
            -0.35,
            -0.35,
            -0.35
        ],
        [
            0.35,
            0.35,
            0.35
        ]
    ],
    "frames": [
        {
            "file_path": "000.png",
            "transform_matrix": [
                [
                    0.9540034532546997,
                    -0.0950474664568901,
                    0.2843298017978668,
                    0.3411957621574402
                ],
                [
                    0.2997956871986389,
                    0.3024579882621765,
                    -0.9047882556915283,
                    -1.085745930671692
                ],
                [
                    -3.5038461021486e-09,
                    0.9484119415283203,
                    0.3170407712459564,
                    0.3804490268230438
                ],
                [
                    0,
                    0,
                    0,
                    1
                ]
            ]
        },
        {
            "file_path": "001.png",
            "transform_matrix": [
                [
                    0.9853190183639526,
                    0.07349596917629242,
                    -0.15409328043460846,
                    -0.18491192162036896
                ],
                [
                    -0.17072315514087677,
                    0.42417773604393005,
                    -0.8893407583236694,
                    -1.0672087669372559
                ],
                [
                    -6.9516263856428395e-09,
                    0.9025916457176208,
                    0.4304978549480438,
                    0.5165975093841553
                ],
                [
                    0,
                    0,
                    0,
                    1
                ]
            ]
        },
        {
            "file_path": "002.png",
            "transform_matrix": [
                [
                    0.7749912142753601,
                    0.24934233725070953,
                    -0.5807039141654968,
                    -0.6968446373939514
                ],
                [
                    -0.6319720149040222,
                    0.30577000975608826,
                    -0.7121208310127258,
                    -0.8545450568199158
                ],
                [
                    -2.0894450614150628e-08,
                    0.9188759922981262,
                    0.3945464491844177,
                    0.47345590591430664
                ],
                [
                    0,
                    0,
                    0,
                    1
                ]
            ]
        },
        {
            "file_path": "003.png",
            "transform_matrix": [
                [
                    -0.8526688814163208,
                    0.25744789838790894,
                    -0.45461681485176086,
                    -0.5455401539802551
                ],
                [
                    -0.5224517583847046,
                    -0.42016860842704773,
                    0.7419585585594177,
                    0.8903502821922302
                ],
                [
                    -2.0831855351843842e-08,
                    0.8701602816581726,
                    0.4927687644958496,
                    0.5913225412368774
                ],
                [
                    0,
                    0,
                    0,
                    1
                ]
            ]
        },
        {
            "file_path": "004.png",
            "transform_matrix": [
                [
                    -0.5194261074066162,
                    0.3688094913959503,
                    -0.7708283066749573,
                    -0.9249939322471619
                ],
                [
                    -0.8545154929161072,
                    -0.22418472170829773,
                    0.46855592727661133,
                    0.5622671246528625
                ],
                [
                    1.262030480120302e-09,
                    0.9020648002624512,
                    0.4316006898880005,
                    0.5179209113121033
                ],
                [
                    0,
                    0,
                    0,
                    1
                ]
            ]
        },
        {
            "file_path": "005.png",
            "transform_matrix": [
                [
                    0.21534112095832825,
                    0.3155289888381958,
                    -0.9241589903831482,
                    -1.1089906692504883
                ],
                [
                    -0.9765389561653137,
                    0.06957869976758957,
                    -0.20379064977169037,
                    -0.2445487380027771
                ],
                [
                    -1.3050609481979336e-09,
                    0.9463616609573364,
                    0.3231094181537628,
                    0.3877314329147339
                ],
                [
                    0,
                    0,
                    0,
                    1
                ]
            ]
        }
    ]
}