{
    "camera_angle_x": 0.8575560450553894,
    "aabb": [
        [
            -0.35,
            -0.35,
            -0.35
        ],
        [
            0.35,
            0.35,
            0.35
        ]
    ],
    "frames": [
        {
            "file_path": "000.png",
            "transform_matrix": [
                [
                    0.40436676144599915,
                    0.44197404384613037,
                    -0.8007162809371948,
                    -0.9608594179153442
                ],
                [
                    -0.9145969748497009,
                    0.19540801644325256,
                    -0.3540172576904297,
                    -0.42482075095176697
                ],
                [
                    -2.401544385577381e-08,
                    0.8754854202270508,
                    0.48324456810951233,
                    0.5798936486244202
                ],
                [
                    0,
                    0,
                    0,
                    1
                ]
            ]
        },
        {
            "file_path": "001.png",
            "transform_matrix": [
                [
                    -0.9004881381988525,
                    -0.02823004685342312,
                    0.4339638948440552,
                    0.5207566022872925
                ],
                [
                    0.4348811209201813,
                    -0.058454837650060654,
                    0.8985887169837952,
                    1.0783064365386963
                ],
                [
                    3.160576511618274e-08,
                    0.9978909492492676,
                    0.06491434574127197,
                    0.07789729535579681
                ],
                [
                    0,
                    0,
                    0,
                    1
                ]
            ]
        },
        {
            "file_path": "002.png",
            "transform_matrix": [
                [
                    -0.9560353755950928,
                    -0.014566918835043907,
                    0.29289016127586365,
                    0.35146820545196533
                ],
                [
                    0.293252170085907,
                    -0.04748991131782532,
                    0.9548550248146057,
                    1.145825982093811
                ],
                [
                    -1.181261310989612e-09,
                    0.9987655878067017,
                    0.04967358335852623,
                    0.05960848554968834
                ],
                [
                    0,
                    0,
                    0,
                    1
                ]
            ]
        },
        {
            "file_path": "003.png",
            "transform_matrix": [
                [
                    0.9481299519538879,
                    0.06721153855323792,
                    -0.3106963038444519,
                    -0.37283554673194885
                ],
                [
                    -0.3178829550743103,
                    0.2004675716161728,
                    -0.9266948103904724,
                    -1.112033724784851
                ],
                [
                    -2.5546935233933254e-08,
                    0.9773921966552734,
                    0.21143470704555511,
                    0.2537218928337097
                ],
                [
                    0,
                    0,
                    0,
                    1
                ]
            ]
        },
        {
            "file_path": "004.png",
            "transform_matrix": [
                [
                    -0.7452288866043091,
                    -0.15428374707698822,
                    0.6487144827842712,
                    0.7784574031829834
                ],
                [
                    0.6668087840080261,
                    -0.17242833971977234,
                    0.7250065803527832,
                    0.8700079321861267
                ],
                [
                    1.733080168264678e-08,
                    0.9728643298149109,
                    0.2313763052225113,
                    0.2776515483856201
                ],
                [
                    0,
                    0,
                    0,
                    1
                ]
            ]
        },
        {
            "file_path": "005.png",
            "transform_matrix": [
                [
                    0.20094448328018188,
                    -0.44515129923820496,
                    0.8726177215576172,
                    1.0471413135528564
                ],
                [
                    0.9796026349067688,
                    0.09131323546171188,
                    -0.17899884283542633,
                    -0.21479859948158264
                ],
                [
                    -7.303999183250198e-09,
                    0.8907874226570129,
                    0.454420268535614,
                    0.5453043580055237
                ],
                [
                    0,
                    0,
                    0,
                    1
                ]
            ]
        }
    ]
}