{
    "camera_angle_x": 0.8575560450553894,
    "aabb": [
        [
            -0.35,
            -0.35,
            -0.35
        ],
        [
            0.35,
            0.35,
            0.35
        ]
    ],
    "frames": [
        {
            "file_path": "000.png",
            "transform_matrix": [
                [
                    0.9293136596679688,
                    -0.11577696353197098,
                    0.3506734371185303,
                    0.4208080768585205
                ],
                [
                    0.3692914545536041,
                    0.2913500666618347,
                    -0.8824619054794312,
                    -1.0589542388916016
                ],
                [
                    2.482630634403904e-08,
                    0.9495846033096313,
                    0.3135110139846802,
                    0.3762133717536926
                ],
                [
                    0,
                    0,
                    0,
                    1
                ]
            ]
        },
        {
            "file_path": "001.png",
            "transform_matrix": [
                [
                    -0.022440006956458092,
                    -0.21763473749160767,
                    0.9757723212242126,
                    1.170926809310913
                ],
                [
                    0.9997482299804688,
                    -0.004884950816631317,
                    0.021901831030845642,
                    0.026282208040356636
                ],
                [
                    -2.5847292306480085e-08,
                    0.9760180711746216,
                    0.21768952906131744,
                    0.26122745871543884
                ],
                [
                    0,
                    0,
                    0,
                    1
                ]
            ]
        },
        {
            "file_path": "002.png",
            "transform_matrix": [
                [
                    -0.10053700953722,
                    -0.22779534757137299,
                    0.9685049653053284,
                    1.1622058153152466
                ],
                [
                    0.9949334263801575,
                    -0.023018475621938705,
                    0.09786634892225266,
                    0.1174396350979805
                ],
                [
                    -1.0313979004195062e-07,
                    0.9734370112419128,
                    0.2289552539587021,
                    0.2747464179992676
                ],
                [
                    0,
                    0,
                    0,
                    1
                ]
            ]
        },
        {
            "file_path": "003.png",
            "transform_matrix": [
                [
                    -0.9479097127914429,
                    -0.06268081068992615,
                    0.3123118281364441,
                    0.37477415800094604
                ],
                [
                    0.31853970885276794,
                    -0.1865254044532776,
                    0.9293766021728516,
                    1.115251898765564
                ],
                [
                    -2.036303570207565e-08,
                    0.9804486632347107,
                    0.19677536189556122,
                    0.23613063991069794
                ],
                [
                    0,
                    0,
                    0,
                    1
                ]
            ]
        },
        {
            "file_path": "004.png",
            "transform_matrix": [
                [
                    0.10098228603601456,
                    -0.14622443914413452,
                    0.984083890914917,
                    1.1809006929397583
                ],
                [
                    0.9948883056640625,
                    0.014841861091554165,
                    -0.09988569468259811,
                    -0.119862861931324
                ],
                [
                    3.52077549337082e-08,
                    0.9891401529312134,
                    0.14697568118572235,
                    0.17637087404727936
                ],
                [
                    0,
                    0,
                    0,
                    1
                ]
            ]
        },
        {
            "file_path": "005.png",
            "transform_matrix": [
                [
                    -0.8367431163787842,
                    0.18176089227199554,
                    -0.5165508985519409,
                    -0.6198610067367554
                ],
                [
                    -0.5475963950157166,
                    -0.2777361273765564,
                    0.7893043756484985,
                    0.9471651315689087
                ],
                [
                    -3.953697813585677e-08,
                    0.943306028842926,
                    0.33192479610443115,
                    0.3983097970485687
                ],
                [
                    0,
                    0,
                    0,
                    1
                ]
            ]
        }
    ]
}