{
    "camera_angle_x": 0.8575560450553894,
    "aabb": [
        [
            -0.35,
            -0.35,
            -0.35
        ],
        [
            0.35,
            0.35,
            0.35
        ]
    ],
    "frames": [
        {
            "file_path": "000.png",
            "transform_matrix": [
                [
                    0.9284816980361938,
                    0.16290394961833954,
                    -0.3337424099445343,
                    -0.4004909098148346
                ],
                [
                    -0.3713781237602234,
                    0.40727585554122925,
                    -0.8343888521194458,
                    -1.001266598701477
                ],
                [
                    1.0138532680059598e-08,
                    0.8986594080924988,
                    0.43864715099334717,
                    0.5263766050338745
                ],
                [
                    0,
                    0,
                    0,
                    1
                ]
            ]
        },
        {
            "file_path": "001.png",
            "transform_matrix": [
                [
                    0.93907231092453,
                    -0.1330757737159729,
                    0.31691330671310425,
                    0.3802959620952606
                ],
                [
                    0.3437196612358093,
                    0.36357468366622925,
                    -0.8658350110054016,
                    -1.0390020608901978
                ],
                [
                    6.448761524779911e-09,
                    0.9220110177993774,
                    0.3871636688709259,
                    0.46459639072418213
                ],
                [
                    0,
                    0,
                    0,
                    1
                ]
            ]
        },
        {
            "file_path": "002.png",
            "transform_matrix": [
                [
                    0.4269348978996277,
                    -0.289812296628952,
                    0.8565835952758789,
                    1.0279003381729126
                ],
                [
                    0.9042823910713196,
                    0.13682779669761658,
                    -0.404415100812912,
                    -0.48529818654060364
                ],
                [
                    -1.0455941890086251e-08,
                    0.9472523927688599,
                    0.32048869132995605,
                    0.38458648324012756
                ],
                [
                    0,
                    0,
                    0,
                    1
                ]
            ]
        },
        {
            "file_path": "003.png",
            "transform_matrix": [
                [
                    -0.3343074917793274,
                    -0.21741656959056854,
                    0.9170433282852173,
                    1.1004520654678345
                ],
                [
                    0.9424639940261841,
                    -0.07712135463953018,
                    0.32529038190841675,
                    0.3903484642505646
                ],
                [
                    1.3968544010367623e-07,
                    0.9730273485183716,
                    0.23068960011005402,
                    0.2768273949623108
                ],
                [
                    0,
                    0,
                    0,
                    1
                ]
            ]
        },
        {
            "file_path": "004.png",
            "transform_matrix": [
                [
                    -0.6634652018547058,
                    -0.36619505286216736,
                    0.6524686217308044,
                    0.7829623222351074
                ],
                [
                    0.7482072710990906,
                    -0.32471972703933716,
                    0.5785698890686035,
                    0.6942838430404663
                ],
                [
                    -3.057240505199843e-08,
                    0.8720426559448242,
                    0.48942992091178894,
                    0.58731609582901
                ],
                [
                    0,
                    0,
                    0,
                    1
                ]
            ]
        },
        {
            "file_path": "005.png",
            "transform_matrix": [
                [
                    -0.7992501854896545,
                    -0.287458598613739,
                    0.5277943015098572,
                    0.6333532333374023
                ],
                [
                    0.60099858045578,
                    -0.38228270411491394,
                    0.7018979787826538,
                    0.8422775268554688
                ],
                [
                    1.6311183514972072e-08,
                    0.8781956434249878,
                    0.47830161452293396,
                    0.5739619135856628
                ],
                [
                    0,
                    0,
                    0,
                    1
                ]
            ]
        }
    ]
}