{
    "camera_angle_x": 0.8575560450553894,
    "aabb": [
        [
            -0.35,
            -0.35,
            -0.35
        ],
        [
            0.35,
            0.35,
            0.35
        ]
    ],
    "frames": [
        {
            "file_path": "000.png",
            "transform_matrix": [
                [
                    0.9994289875030518,
                    0.01637212745845318,
                    -0.02955712005496025,
                    -0.035468537360429764
                ],
                [
                    -0.03378860652446747,
                    0.48426908254623413,
                    -0.8742665648460388,
                    -1.0491197109222412
                ],
                [
                    3.7800353958061805e-09,
                    0.8747660517692566,
                    0.4845457673072815,
                    0.5814549922943115
                ],
                [
                    0,
                    0,
                    0,
                    1
                ]
            ]
        },
        {
            "file_path": "001.png",
            "transform_matrix": [
                [
                    0.9812068343162537,
                    -0.07620833814144135,
                    0.17727236449718475,
                    0.21272684633731842
                ],
                [
                    0.19295907020568848,
                    0.3875232934951782,
                    -0.9014391899108887,
                    -1.0817270278930664
                ],
                [
                    -6.206571256939242e-09,
                    0.9187045693397522,
                    0.39494559168815613,
                    0.47393476963043213
                ],
                [
                    0,
                    0,
                    0,
                    1
                ]
            ]
        },
        {
            "file_path": "002.png",
            "transform_matrix": [
                [
                    0.37024733424186707,
                    0.2724933624267578,
                    -0.8880678415298462,
                    -1.0656813383102417
                ],
                [
                    -0.928933322429657,
                    0.10860826820135117,
                    -0.3539596199989319,
                    -0.42475149035453796
                ],
                [
                    2.1031144825656156e-08,
                    0.9560083150863647,
                    0.29333993792533875,
                    0.35200804471969604
                ],
                [
                    0,
                    0,
                    0,
                    1
                ]
            ]
        },
        {
            "file_path": "003.png",
            "transform_matrix": [
                [
                    0.4100150763988495,
                    0.36751699447631836,
                    -0.8347568511962891,
                    -1.0017081499099731
                ],
                [
                    -0.9120787978172302,
                    0.16521316766738892,
                    -0.37525588274002075,
                    -0.45030704140663147
                ],
                [
                    -4.862673108618765e-08,
                    0.915224552154541,
                    0.40294429659843445,
                    0.4835332930088043
                ],
                [
                    0,
                    0,
                    0,
                    1
                ]
            ]
        },
        {
            "file_path": "004.png",
            "transform_matrix": [
                [
                    0.9469341039657593,
                    0.07408658415079117,
                    -0.31277304887771606,
                    -0.37532761693000793
                ],
                [
                    -0.32142773270606995,
                    0.21826082468032837,
                    -0.9214372038841248,
                    -1.105724573135376
                ],
                [
                    -1.5009517184694232e-08,
                    0.9730742573738098,
                    0.23049210011959076,
                    0.2765906751155853
                ],
                [
                    0,
                    0,
                    0,
                    1
                ]
            ]
        },
        {
            "file_path": "005.png",
            "transform_matrix": [
                [
                    -0.6150940656661987,
                    0.09941189736127853,
                    -0.7821616530418396,
                    -0.938593864440918
                ],
                [
                    -0.7884538769721985,
                    -0.07755400985479355,
                    0.6101852059364319,
                    0.7322222590446472
                ],
                [
                    -3.399360792855077e-08,
                    0.9920195937156677,
                    0.126084566116333,
                    0.15130165219306946
                ],
                [
                    0,
                    0,
                    0,
                    1
                ]
            ]
        }
    ]
}