{
    "camera_angle_x": 0.8575560450553894,
    "aabb": [
        [
            -0.35,
            -0.35,
            -0.35
        ],
        [
            0.35,
            0.35,
            0.35
        ]
    ],
    "frames": [
        {
            "file_path": "000.png",
            "transform_matrix": [
                [
                    -0.24605055153369904,
                    -0.3039349913597107,
                    0.9203709959983826,
                    1.104445219039917
                ],
                [
                    0.9692570567131042,
                    -0.07715535908937454,
                    0.23364055156707764,
                    0.2803686559200287
                ],
                [
                    -3.841226359213579e-08,
                    0.9495634436607361,
                    0.3135751485824585,
                    0.37629035115242004
                ],
                [
                    0,
                    0,
                    0,
                    1
                ]
            ]
        },
        {
            "file_path": "001.png",
            "transform_matrix": [
                [
                    -0.9131535291671753,
                    -0.1856394112110138,
                    0.3628898859024048,
                    0.43546780943870544
                ],
                [
                    0.4076163172721863,
                    -0.4158746898174286,
                    0.8129560351371765,
                    0.9755471348762512
                ],
                [
                    -5.7252034224575254e-09,
                    0.8902733325958252,
                    0.45542678236961365,
                    0.546512246131897
                ],
                [
                    0,
                    0,
                    0,
                    1
                ]
            ]
        },
        {
            "file_path": "002.png",
            "transform_matrix": [
                [
                    -0.6187613606452942,
                    -0.06522350758314133,
                    0.782866895198822,
                    0.9394402503967285
                ],
                [
                    0.7855792045593262,
                    -0.051373377442359924,
                    0.6166248917579651,
                    0.7399498820304871
                ],
                [
                    5.165567529274995e-09,
                    0.9965474605560303,
                    0.08302593976259232,
                    0.09963125735521317
                ],
                [
                    0,
                    0,
                    0,
                    1
                ]
            ]
        },
        {
            "file_path": "003.png",
            "transform_matrix": [
                [
                    -0.9996921420097351,
                    -0.0023813415318727493,
                    0.024695904925465584,
                    0.02963508851826191
                ],
                [
                    0.02481045201420784,
                    -0.09595181792974472,
                    0.9950767159461975,
                    1.1940921545028687
                ],
                [
                    -3.756304156610213e-10,
                    0.9953831434249878,
                    0.09598138183355331,
                    0.1151777058839798
                ],
                [
                    0,
                    0,
                    0,
                    1
                ]
            ]
        },
        {
            "file_path": "004.png",
            "transform_matrix": [
                [
                    -0.6617591977119446,
                    0.010036381892859936,
                    -0.7496492862701416,
                    -0.8995791673660278
                ],
                [
                    -0.7497164607048035,
                    -0.008858893997967243,
                    0.6616998910903931,
                    0.7940399050712585
                ],
                [
                    5.322156937381806e-09,
                    0.9999104142189026,
                    0.013386903330683708,
                    0.016064241528511047
                ],
                [
                    0,
                    0,
                    0,
                    1
                ]
            ]
        },
        {
            "file_path": "005.png",
            "transform_matrix": [
                [
                    0.7871585488319397,
                    -0.08787930756807327,
                    0.6104577779769897,
                    0.7325493097305298
                ],
                [
                    0.6167507767677307,
                    0.11216013133525848,
                    -0.7791268825531006,
                    -0.9349521994590759
                ],
                [
                    6.559751142276582e-08,
                    0.9897966384887695,
                    0.14248742163181305,
                    0.1709851324558258
                ],
                [
                    0,
                    0,
                    0,
                    1
                ]
            ]
        }
    ]
}