{
    "camera_angle_x": 0.8575560450553894,
    "aabb": [
        [
            -0.35,
            -0.35,
            -0.35
        ],
        [
            0.35,
            0.35,
            0.35
        ]
    ],
    "frames": [
        {
            "file_path": "000.png",
            "transform_matrix": [
                [
                    -0.8473489880561829,
                    0.11452935636043549,
                    -0.5185390710830688,
                    -0.6222469210624695
                ],
                [
                    -0.5310364961624146,
                    -0.18274883925914764,
                    0.8274074792861938,
                    0.9928889274597168
                ],
                [
                    4.1667526318178716e-08,
                    0.9764660596847534,
                    0.21567128598690033,
                    0.25880563259124756
                ],
                [
                    0,
                    0,
                    0,
                    1
                ]
            ]
        },
        {
            "file_path": "001.png",
            "transform_matrix": [
                [
                    0.22988849878311157,
                    -0.3162786364555359,
                    0.9203907251358032,
                    1.1044689416885376
                ],
                [
                    0.9732170104980469,
                    0.07470974326133728,
                    -0.21741017699241638,
                    -0.26089221239089966
                ],
                [
                    1.6905694621982548e-08,
                    0.9457200169563293,
                    0.324982613325119,
                    0.38997921347618103
                ],
                [
                    0,
                    0,
                    0,
                    1
                ]
            ]
        },
        {
            "file_path": "002.png",
            "transform_matrix": [
                [
                    0.9511591792106628,
                    0.14654670655727386,
                    -0.2716989517211914,
                    -0.32603874802589417
                ],
                [
                    -0.30870091915130615,
                    0.4515348970890045,
                    -0.8371499180793762,
                    -1.0045799016952515
                ],
                [
                    -5.5780446928110905e-09,
                    0.8801365494728088,
                    0.47472065687179565,
                    0.5696648359298706
                ],
                [
                    0,
                    0,
                    0,
                    1
                ]
            ]
        },
        {
            "file_path": "003.png",
            "transform_matrix": [
                [
                    0.5525031089782715,
                    0.2184213548898697,
                    -0.8043833374977112,
                    -0.965259850025177
                ],
                [
                    -0.8335108757019043,
                    0.14478322863578796,
                    -0.5331956148147583,
                    -0.6398347616195679
                ],
                [
                    -1.6845458361558485e-08,
                    0.965054452419281,
                    0.26204970479011536,
                    0.3144599497318268
                ],
                [
                    0,
                    0,
                    0,
                    1
                ]
            ]
        },
        {
            "file_path": "004.png",
            "transform_matrix": [
                [
                    0.3357231020927429,
                    -0.061084337532520294,
                    0.9399781227111816,
                    1.1279736757278442
                ],
                [
                    0.9419608116149902,
                    0.021770844236016273,
                    -0.33501654863357544,
                    -0.4020198881626129
                ],
                [
                    5.619414977786619e-08,
                    0.9978952407836914,
                    0.06484795361757278,
                    0.07781770825386047
                ],
                [
                    0,
                    0,
                    0,
                    1
                ]
            ]
        },
        {
            "file_path": "005.png",
            "transform_matrix": [
                [
                    -0.9786835312843323,
                    -0.0538148395717144,
                    0.19819873571395874,
                    0.23783846199512482
                ],
                [
                    0.20537471771240234,
                    -0.2564467787742615,
                    0.9444873332977295,
                    1.1333848237991333
                ],
                [
                    -1.3195916359620696e-08,
                    0.9650591015815735,
                    0.26203233003616333,
                    0.3144388198852539
                ],
                [
                    0,
                    0,
                    0,
                    1
                ]
            ]
        }
    ]
}