{
    "camera_angle_x": 0.8575560450553894,
    "aabb": [
        [
            -0.35,
            -0.35,
            -0.35
        ],
        [
            0.35,
            0.35,
            0.35
        ]
    ],
    "frames": [
        {
            "file_path": "000.png",
            "transform_matrix": [
                [
                    0.45733579993247986,
                    0.33119505643844604,
                    -0.8253205418586731,
                    -0.9903844594955444
                ],
                [
                    -0.8892942070960999,
                    0.17032292485237122,
                    -0.4244363605976105,
                    -0.5093235969543457
                ],
                [
                    -8.067738832551186e-08,
                    0.9280626177787781,
                    0.37242448329925537,
                    0.44690945744514465
                ],
                [
                    0,
                    0,
                    0,
                    1
                ]
            ]
        },
        {
            "file_path": "001.png",
            "transform_matrix": [
                [
                    -0.4615381062030792,
                    0.13974274694919586,
                    -0.876044750213623,
                    -1.0512537956237793
                ],
                [
                    -0.8871203064918518,
                    -0.07270333170890808,
                    0.4557758867740631,
                    0.5469311475753784
                ],
                [
                    -2.8254646622372093e-08,
                    0.9875151515007019,
                    0.15752404928207397,
                    0.1890287548303604
                ],
                [
                    0,
                    0,
                    0,
                    1
                ]
            ]
        },
        {
            "file_path": "002.png",
            "transform_matrix": [
                [
                    0.8637847304344177,
                    -0.19034765660762787,
                    0.46652308106422424,
                    0.5598276853561401
                ],
                [
                    0.5038610696792603,
                    0.32631880044937134,
                    -0.7997750639915466,
                    -0.9597300291061401
                ],
                [
                    1.99313454629646e-09,
                    0.9258962869644165,
                    0.37777796387672424,
                    0.45333364605903625
                ],
                [
                    0,
                    0,
                    0,
                    1
                ]
            ]
        },
        {
            "file_path": "003.png",
            "transform_matrix": [
                [
                    -0.7961333394050598,
                    0.19717921316623688,
                    -0.5720945000648499,
                    -0.686513364315033
                ],
                [
                    -0.6051213145256042,
                    -0.2594205141067505,
                    0.7526813745498657,
                    0.9032176733016968
                ],
                [
                    8.243181071065919e-08,
                    0.9454212784767151,
                    0.32585057616233826,
                    0.39102092385292053
                ],
                [
                    0,
                    0,
                    0,
                    1
                ]
            ]
        },
        {
            "file_path": "004.png",
            "transform_matrix": [
                [
                    0.000333338015479967,
                    -0.38942161202430725,
                    0.9210595488548279,
                    1.1052714586257935
                ],
                [
                    0.9999999403953552,
                    0.00012985280773136765,
                    -0.00030698953196406364,
                    -0.000368383975001052
                ],
                [
                    -3.1392584531886314e-08,
                    0.9210595488548279,
                    0.389421671628952,
                    0.467305988073349
                ],
                [
                    0,
                    0,
                    0,
                    1
                ]
            ]
        },
        {
            "file_path": "005.png",
            "transform_matrix": [
                [
                    0.6466275453567505,
                    -0.09054826200008392,
                    0.7574126124382019,
                    0.9088950753211975
                ],
                [
                    0.7628059387207031,
                    0.07675740867853165,
                    -0.6420556902885437,
                    -0.7704668641090393
                ],
                [
                    -3.958705718787314e-08,
                    0.9929296970367432,
                    0.1187041848897934,
                    0.14244511723518372
                ],
                [
                    0,
                    0,
                    0,
                    1
                ]
            ]
        }
    ]
}