{
    "camera_angle_x": 0.8575560450553894,
    "aabb": [
        [
            -0.35,
            -0.35,
            -0.35
        ],
        [
            0.35,
            0.35,
            0.35
        ]
    ],
    "frames": [
        {
            "file_path": "000.png",
            "transform_matrix": [
                [
                    -0.9752172827720642,
                    0.06663025915622711,
                    -0.21097831428050995,
                    -0.25317397713661194
                ],
                [
                    -0.22124972939491272,
                    -0.2936907112598419,
                    0.9299432635307312,
                    1.1159318685531616
                ],
                [
                    -8.00760879826612e-09,
                    0.9535755515098572,
                    0.30115407705307007,
                    0.3613848388195038
                ],
                [
                    0,
                    0,
                    0,
                    1
                ]
            ]
        },
        {
            "file_path": "001.png",
            "transform_matrix": [
                [
                    -0.9404411911964417,
                    0.14722560346126556,
                    -0.30642300844192505,
                    -0.36770761013031006
                ],
                [
                    -0.33995652198791504,
                    -0.4072786271572113,
                    0.8476755023002625,
                    1.017210602760315
                ],
                [
                    -3.740902698723403e-09,
                    0.9013594388961792,
                    0.4330718517303467,
                    0.5196862816810608
                ],
                [
                    0,
                    0,
                    0,
                    1
                ]
            ]
        },
        {
            "file_path": "002.png",
            "transform_matrix": [
                [
                    0.6976215243339539,
                    -0.31987419724464417,
                    0.6410965919494629,
                    0.7693156599998474
                ],
                [
                    0.7164665460586548,
                    0.3114604651927948,
                    -0.6242342591285706,
                    -0.7490808963775635
                ],
                [
                    1.3666063836126341e-08,
                    0.8948034644126892,
                    0.4464605748653412,
                    0.5357530117034912
                ],
                [
                    0,
                    0,
                    0,
                    1
                ]
            ]
        },
        {
            "file_path": "003.png",
            "transform_matrix": [
                [
                    0.7855567932128906,
                    0.2480691373348236,
                    -0.5668882131576538,
                    -0.6802659034729004
                ],
                [
                    -0.618789553642273,
                    0.3149251639842987,
                    -0.7196677327156067,
                    -0.8636012673377991
                ],
                [
                    1.4641511114632522e-08,
                    0.9161244034767151,
                    0.4008941650390625,
                    0.4810730814933777
                ],
                [
                    0,
                    0,
                    0,
                    1
                ]
            ]
        },
        {
            "file_path": "004.png",
            "transform_matrix": [
                [
                    -0.4730146527290344,
                    -0.16762246191501617,
                    0.8649623394012451,
                    1.0379549264907837
                ],
                [
                    0.8810545802116394,
                    -0.08999209105968475,
                    0.46437516808509827,
                    0.5572500824928284
                ],
                [
                    5.312855577699338e-08,
                    0.9817352890968323,
                    0.19025209546089172,
                    0.22830255329608917
                ],
                [
                    0,
                    0,
                    0,
                    1
                ]
            ]
        },
        {
            "file_path": "005.png",
            "transform_matrix": [
                [
                    -0.6831732392311096,
                    -0.23726806044578552,
                    0.6906362175941467,
                    0.828763484954834
                ],
                [
                    0.7302564978599548,
                    -0.22197028994560242,
                    0.6461074352264404,
                    0.7753288745880127
                ],
                [
                    1.848606245857809e-08,
                    0.9457448124885559,
                    0.32491055130958557,
                    0.3898926377296448
                ],
                [
                    0,
                    0,
                    0,
                    1
                ]
            ]
        }
    ]
}