{
    "camera_angle_x": 0.8575560450553894,
    "aabb": [
        [
            -0.35,
            -0.35,
            -0.35
        ],
        [
            0.35,
            0.35,
            0.35
        ]
    ],
    "frames": [
        {
            "file_path": "000.png",
            "transform_matrix": [
                [
                    -0.4989602267742157,
                    -0.3213174045085907,
                    0.804856538772583,
                    0.9658277630805969
                ],
                [
                    0.8666250109672546,
                    -0.18499881029129028,
                    0.46339690685272217,
                    0.5560762882232666
                ],
                [
                    -5.206232600585281e-08,
                    0.9287253618240356,
                    0.37076857686042786,
                    0.44492244720458984
                ],
                [
                    0,
                    0,
                    0,
                    1
                ]
            ]
        },
        {
            "file_path": "001.png",
            "transform_matrix": [
                [
                    0.31995466351509094,
                    -0.4244358241558075,
                    0.8470438718795776,
                    1.016452670097351
                ],
                [
                    0.9474328756332397,
                    0.14333485066890717,
                    -0.2860526442527771,
                    -0.343263179063797
                ],
                [
                    3.974527729155852e-08,
                    0.8940410614013672,
                    0.44798505306243896,
                    0.5375820994377136
                ],
                [
                    0,
                    0,
                    0,
                    1
                ]
            ]
        },
        {
            "file_path": "002.png",
            "transform_matrix": [
                [
                    -0.9260686039924622,
                    -0.07684427499771118,
                    0.36944830417633057,
                    0.44333797693252563
                ],
                [
                    0.3773553669452667,
                    -0.18858373165130615,
                    0.9066637754440308,
                    1.087996482849121
                ],
                [
                    -7.667688706192166e-10,
                    0.979046106338501,
                    0.2036389708518982,
                    0.24436677992343903
                ],
                [
                    0,
                    0,
                    0,
                    1
                ]
            ]
        },
        {
            "file_path": "003.png",
            "transform_matrix": [
                [
                    -0.9987267255783081,
                    0.020131317898631096,
                    -0.04625765606760979,
                    -0.05550919100642204
                ],
                [
                    -0.050448399037122726,
                    -0.398539662361145,
                    0.9157626032829285,
                    1.0989152193069458
                ],
                [
                    -1.7840779964473086e-09,
                    0.9169301986694336,
                    0.39904773235321045,
                    0.47885724902153015
                ],
                [
                    0,
                    0,
                    0,
                    1
                ]
            ]
        },
        {
            "file_path": "004.png",
            "transform_matrix": [
                [
                    -0.2217906415462494,
                    -0.15599843859672546,
                    0.9625349640846252,
                    1.1550419330596924
                ],
                [
                    0.9750943779945374,
                    -0.0354827418923378,
                    0.2189338654279709,
                    0.2627207338809967
                ],
                [
                    -2.459937320509198e-08,
                    0.9871198534965515,
                    0.1599828451871872,
                    0.19197943806648254
                ],
                [
                    0,
                    0,
                    0,
                    1
                ]
            ]
        },
        {
            "file_path": "005.png",
            "transform_matrix": [
                [
                    0.6243969202041626,
                    -0.35955092310905457,
                    0.6934345960617065,
                    0.8321216106414795
                ],
                [
                    0.7811071872711182,
                    0.2874157726764679,
                    -0.5543137192726135,
                    -0.6651766300201416
                ],
                [
                    -1.5470213554635848e-08,
                    0.8877585530281067,
                    0.46030935645103455,
                    0.552371084690094
                ],
                [
                    0,
                    0,
                    0,
                    1
                ]
            ]
        }
    ]
}