{
    "camera_angle_x": 0.8575560450553894,
    "aabb": [
        [
            -0.35,
            -0.35,
            -0.35
        ],
        [
            0.35,
            0.35,
            0.35
        ]
    ],
    "frames": [
        {
            "file_path": "000.png",
            "transform_matrix": [
                [
                    0.9169241189956665,
                    -0.022889291867613792,
                    0.39840465784072876,
                    0.47808557748794556
                ],
                [
                    0.3990616202354431,
                    0.052592694759368896,
                    -0.9154146313667297,
                    -1.0984975099563599
                ],
                [
                    -3.2463702837048913e-09,
                    0.9983537197113037,
                    0.05735774338245392,
                    0.06882946193218231
                ],
                [
                    0,
                    0,
                    0,
                    1
                ]
            ]
        },
        {
            "file_path": "001.png",
            "transform_matrix": [
                [
                    0.5080889463424683,
                    -0.39751264452934265,
                    0.7640872597694397,
                    0.916904628276825
                ],
                [
                    0.8613046407699585,
                    0.2344951331615448,
                    -0.45073992013931274,
                    -0.5408879518508911
                ],
                [
                    2.088046358039719e-08,
                    0.8871278762817383,
                    0.4615238308906555,
                    0.553828775882721
                ],
                [
                    0,
                    0,
                    0,
                    1
                ]
            ]
        },
        {
            "file_path": "002.png",
            "transform_matrix": [
                [
                    -0.6288658976554871,
                    -0.2303333580493927,
                    0.7426131963729858,
                    0.8911357522010803
                ],
                [
                    0.777513861656189,
                    -0.18629738688468933,
                    0.6006376147270203,
                    0.720765233039856
                ],
                [
                    1.2349303801784117e-09,
                    0.9551125168800354,
                    0.2962433993816376,
                    0.35549211502075195
                ],
                [
                    0,
                    0,
                    0,
                    1
                ]
            ]
        },
        {
            "file_path": "003.png",
            "transform_matrix": [
                [
                    0.484619140625,
                    0.37635350227355957,
                    -0.7896216511726379,
                    -0.9475460052490234
                ],
                [
                    -0.8747252821922302,
                    0.20850899815559387,
                    -0.4374696910381317,
                    -0.5249636173248291
                ],
                [
                    1.070388222501606e-08,
                    0.9027082324028015,
                    0.4302533268928528,
                    0.516304075717926
                ],
                [
                    0,
                    0,
                    0,
                    1
                ]
            ]
        },
        {
            "file_path": "004.png",
            "transform_matrix": [
                [
                    -0.9621690511703491,
                    -0.05973772704601288,
                    0.26582393050193787,
                    0.3189886808395386
                ],
                [
                    0.27245357632637024,
                    -0.21096353232860565,
                    0.9387564063072205,
                    1.1265076398849487
                ],
                [
                    -3.16266195454773e-08,
                    0.9756669402122498,
                    0.21925821900367737,
                    0.26311010122299194
                ],
                [
                    0,
                    0,
                    0,
                    1
                ]
            ]
        },
        {
            "file_path": "005.png",
            "transform_matrix": [
                [
                    -0.894372820854187,
                    -0.06316893547773361,
                    0.44284018874168396,
                    0.5314081907272339
                ],
                [
                    0.44732287526130676,
                    -0.12629951536655426,
                    0.8854100704193115,
                    1.0624920129776
                ],
                [
                    3.114910995805076e-08,
                    0.9899789690971375,
                    0.1412154883146286,
                    0.16945871710777283
                ],
                [
                    0,
                    0,
                    0,
                    1
                ]
            ]
        }
    ]
}