{
    "camera_angle_x": 0.8575560450553894,
    "aabb": [
        [
            -0.35,
            -0.35,
            -0.35
        ],
        [
            0.35,
            0.35,
            0.35
        ]
    ],
    "frames": [
        {
            "file_path": "000.png",
            "transform_matrix": [
                [
                    -0.4846641421318054,
                    -0.277732789516449,
                    0.8294366598129272,
                    0.9953240752220154
                ],
                [
                    0.8747003674507141,
                    -0.15388944745063782,
                    0.4595838785171509,
                    0.5515006184577942
                ],
                [
                    2.542279275985493e-08,
                    0.9482523798942566,
                    0.31751763820648193,
                    0.3810211718082428
                ],
                [
                    0,
                    0,
                    0,
                    1
                ]
            ]
        },
        {
            "file_path": "001.png",
            "transform_matrix": [
                [
                    -0.6249046325683594,
                    -0.051838260143995285,
                    0.7789782881736755,
                    0.9347739219665527
                ],
                [
                    0.780701220035553,
                    -0.04149346798658371,
                    0.6235255002975464,
                    0.7482305765151978
                ],
                [
                    -9.848026394365661e-09,
                    0.9977931380271912,
                    0.06639955937862396,
                    0.0796794593334198
                ],
                [
                    0,
                    0,
                    0,
                    1
                ]
            ]
        },
        {
            "file_path": "002.png",
            "transform_matrix": [
                [
                    -0.9324138760566711,
                    -0.14172972738742828,
                    0.33244121074676514,
                    0.3989294767379761
                ],
                [
                    0.36139240860939026,
                    -0.36567121744155884,
                    0.8577179908752441,
                    1.029261589050293
                ],
                [
                    3.854958663396246e-08,
                    0.9198898077011108,
                    0.39217689633369446,
                    0.4706122875213623
                ],
                [
                    0,
                    0,
                    0,
                    1
                ]
            ]
        },
        {
            "file_path": "003.png",
            "transform_matrix": [
                [
                    0.9178314805030823,
                    -0.17289142310619354,
                    0.3573428690433502,
                    0.4288114607334137
                ],
                [
                    0.3969702422618866,
                    0.39974069595336914,
                    -0.8262094259262085,
                    -0.9914513230323792
                ],
                [
                    2.2444005765009933e-08,
                    0.9001755118370056,
                    0.43552735447883606,
                    0.5226328372955322
                ],
                [
                    0,
                    0,
                    0,
                    1
                ]
            ]
        },
        {
            "file_path": "004.png",
            "transform_matrix": [
                [
                    -0.057571180164813995,
                    0.30176010727882385,
                    -0.9516440629959106,
                    -1.1419728994369507
                ],
                [
                    -0.99834144115448,
                    -0.017401594668626785,
                    0.05487825721502304,
                    0.06585400551557541
                ],
                [
                    -3.048189967103099e-08,
                    0.9532250761985779,
                    0.3022614121437073,
                    0.3627137541770935
                ],
                [
                    0,
                    0,
                    0,
                    1
                ]
            ]
        },
        {
            "file_path": "005.png",
            "transform_matrix": [
                [
                    -0.8889762759208679,
                    0.1459713727235794,
                    -0.4340662658214569,
                    -0.5208795070648193
                ],
                [
                    -0.45795324444770813,
                    -0.2833588123321533,
                    0.8426070213317871,
                    1.0111284255981445
                ],
                [
                    8.41053271471992e-09,
                    0.9478397369384766,
                    0.318747341632843,
                    0.38249683380126953
                ],
                [
                    0,
                    0,
                    0,
                    1
                ]
            ]
        }
    ]
}