{
    "camera_angle_x": 0.8575560450553894,
    "aabb": [
        [
            -0.35,
            -0.35,
            -0.35
        ],
        [
            0.35,
            0.35,
            0.35
        ]
    ],
    "frames": [
        {
            "file_path": "000.png",
            "transform_matrix": [
                [
                    0.22638599574565887,
                    0.15674690902233124,
                    -0.9613427519798279,
                    -1.1536113023757935
                ],
                [
                    -0.9740377068519592,
                    0.03643106296658516,
                    -0.22343550622463226,
                    -0.2681226134300232
                ],
                [
                    -2.7433951999000783e-08,
                    0.9869667291641235,
                    0.16092483699321747,
                    0.19310998916625977
                ],
                [
                    0,
                    0,
                    0,
                    1
                ]
            ]
        },
        {
            "file_path": "001.png",
            "transform_matrix": [
                [
                    0.11995548754930496,
                    0.01212017796933651,
                    -0.9927052855491638,
                    -1.1912463903427124
                ],
                [
                    -0.9927792549133301,
                    0.0014644032344222069,
                    -0.11994655430316925,
                    -0.14393582940101624
                ],
                [
                    -4.246306417599044e-08,
                    0.9999254941940308,
                    0.012208315543830395,
                    0.014649958349764347
                ],
                [
                    0,
                    0,
                    0,
                    1
                ]
            ]
        },
        {
            "file_path": "002.png",
            "transform_matrix": [
                [
                    0.9828121066093445,
                    -0.027910266071558,
                    0.18248656392097473,
                    0.21898387372493744
                ],
                [
                    0.184608593583107,
                    0.14858748018741608,
                    -0.9715151190757751,
                    -1.1658180952072144
                ],
                [
                    1.6858940909969533e-09,
                    0.9885054230690002,
                    0.1511860489845276,
                    0.18142341077327728
                ],
                [
                    0,
                    0,
                    0,
                    1
                ]
            ]
        },
        {
            "file_path": "003.png",
            "transform_matrix": [
                [
                    0.9890115857124329,
                    -0.00883945170789957,
                    0.14757341146469116,
                    0.17708809673786163
                ],
                [
                    0.14783792197704315,
                    0.059134405106306076,
                    -0.9872421622276306,
                    -1.1846905946731567
                ],
                [
                    1.0975401920632066e-08,
                    0.9982109069824219,
                    0.05979141965508461,
                    0.07174991071224213
                ],
                [
                    0,
                    0,
                    0,
                    1
                ]
            ]
        },
        {
            "file_path": "004.png",
            "transform_matrix": [
                [
                    -0.4007086157798767,
                    -0.4398665726184845,
                    0.8037102222442627,
                    0.96445232629776
                ],
                [
                    0.916205644607544,
                    -0.19237855076789856,
                    0.3515079915523529,
                    0.4218096137046814
                ],
                [
                    -3.7497244420592324e-08,
                    0.8772160410881042,
                    0.48009589314460754,
                    0.576115071773529
                ],
                [
                    0,
                    0,
                    0,
                    1
                ]
            ]
        },
        {
            "file_path": "005.png",
            "transform_matrix": [
                [
                    0.41799989342689514,
                    0.34556832909584045,
                    -0.8401539325714111,
                    -1.008184790611267
                ],
                [
                    -0.9084470868110657,
                    0.15900477766990662,
                    -0.38657650351524353,
                    -0.4638918936252594
                ],
                [
                    -8.099662096583415e-08,
                    0.9248243570327759,
                    0.38039448857307434,
                    0.4564734101295471
                ],
                [
                    0,
                    0,
                    0,
                    1
                ]
            ]
        }
    ]
}