{
    "camera_angle_x": 0.8575560450553894,
    "aabb": [
        [
            -0.35,
            -0.35,
            -0.35
        ],
        [
            0.35,
            0.35,
            0.35
        ]
    ],
    "frames": [
        {
            "file_path": "000.png",
            "transform_matrix": [
                [
                    -0.6697802543640137,
                    0.2563389241695404,
                    -0.6969109773635864,
                    -0.8362932205200195
                ],
                [
                    -0.7425594329833984,
                    -0.23121483623981476,
                    0.628605842590332,
                    0.7543268799781799
                ],
                [
                    7.622269038165541e-09,
                    0.9385254979133606,
                    0.34520992636680603,
                    0.4142518937587738
                ],
                [
                    0,
                    0,
                    0,
                    1
                ]
            ]
        },
        {
            "file_path": "001.png",
            "transform_matrix": [
                [
                    -0.8274739384651184,
                    -0.05778312310576439,
                    0.5585232973098755,
                    0.6702278852462769
                ],
                [
                    0.5615043640136719,
                    -0.08515343815088272,
                    0.8230807781219482,
                    0.9876968264579773
                ],
                [
                    -4.3936676519251705e-08,
                    0.994691014289856,
                    0.10290756076574326,
                    0.12348926812410355
                ],
                [
                    0,
                    0,
                    0,
                    1
                ]
            ]
        },
        {
            "file_path": "002.png",
            "transform_matrix": [
                [
                    0.43424689769744873,
                    -0.2794134318828583,
                    0.8563631176948547,
                    1.0276358127593994
                ],
                [
                    0.9007939100265503,
                    0.13469718396663666,
                    -0.41282811760902405,
                    -0.4953937232494354
                ],
                [
                    -2.123805131759582e-09,
                    0.9506760239601135,
                    0.3101857304573059,
                    0.3722229301929474
                ],
                [
                    0,
                    0,
                    0,
                    1
                ]
            ]
        },
        {
            "file_path": "003.png",
            "transform_matrix": [
                [
                    0.06782937049865723,
                    -0.26594650745391846,
                    0.9615985751152039,
                    1.1539181470870972
                ],
                [
                    0.9976969957351685,
                    0.018080467358231544,
                    -0.06537529826164246,
                    -0.07845031470060349
                ],
                [
                    9.100601516820461e-08,
                    0.9638183116912842,
                    0.26656031608581543,
                    0.31987249851226807
                ],
                [
                    0,
                    0,
                    0,
                    1
                ]
            ]
        },
        {
            "file_path": "004.png",
            "transform_matrix": [
                [
                    0.36702701449394226,
                    -0.39585429430007935,
                    0.8417782187461853,
                    1.0101338624954224
                ],
                [
                    0.930210292339325,
                    0.15618959069252014,
                    -0.33213499188423157,
                    -0.39856207370758057
                ],
                [
                    5.349652809627514e-08,
                    0.9049332737922668,
                    0.4255535304546356,
                    0.5106642842292786
                ],
                [
                    0,
                    0,
                    0,
                    1
                ]
            ]
        },
        {
            "file_path": "005.png",
            "transform_matrix": [
                [
                    -0.990271806716919,
                    0.050019774585962296,
                    -0.12984579801559448,
                    -0.15581493079662323
                ],
                [
                    -0.1391470730304718,
                    -0.3559770882129669,
                    0.9240771532058716,
                    1.1088924407958984
                ],
                [
                    7.93175303215321e-09,
                    0.9331551194190979,
                    0.3594740331172943,
                    0.43136900663375854
                ],
                [
                    0,
                    0,
                    0,
                    1
                ]
            ]
        }
    ]
}