{
    "camera_angle_x": 0.8575560450553894,
    "aabb": [
        [
            -0.35,
            -0.35,
            -0.35
        ],
        [
            0.35,
            0.35,
            0.35
        ]
    ],
    "frames": [
        {
            "file_path": "000.png",
            "transform_matrix": [
                [
                    0.9530224800109863,
                    -0.014243640936911106,
                    0.30256444215774536,
                    0.363077312707901
                ],
                [
                    0.3028995394706726,
                    0.044815145432949066,
                    -0.951968252658844,
                    -1.1423618793487549
                ],
                [
                    1.362602120025258e-08,
                    0.9988937973976135,
                    0.047024231404066086,
                    0.05642911046743393
                ],
                [
                    0,
                    0,
                    0,
                    1
                ]
            ]
        },
        {
            "file_path": "001.png",
            "transform_matrix": [
                [
                    0.354817271232605,
                    -0.1728716790676117,
                    0.9188145399093628,
                    1.1025774478912354
                ],
                [
                    0.9349356889724731,
                    0.06560647487640381,
                    -0.348699152469635,
                    -0.41843894124031067
                ],
                [
                    -4.302965095348554e-09,
                    0.9827569723129272,
                    0.18490219116210938,
                    0.22188277542591095
                ],
                [
                    0,
                    0,
                    0,
                    1
                ]
            ]
        },
        {
            "file_path": "002.png",
            "transform_matrix": [
                [
                    -0.4663054049015045,
                    0.4014195203781128,
                    -0.788303017616272,
                    -0.9459635615348816
                ],
                [
                    -0.8846237659454346,
                    -0.21159736812114716,
                    0.41553252935409546,
                    0.4986390769481659
                ],
                [
                    1.4358302991013261e-08,
                    0.8911166787147522,
                    0.45377427339553833,
                    0.5445291996002197
                ],
                [
                    0,
                    0,
                    0,
                    1
                ]
            ]
        },
        {
            "file_path": "003.png",
            "transform_matrix": [
                [
                    0.7488718628883362,
                    -0.08551181107759476,
                    0.6571747660636902,
                    0.7886098027229309
                ],
                [
                    0.6627148389816284,
                    0.09662897139787674,
                    -0.7426115274429321,
                    -0.8911338448524475
                ],
                [
                    -5.543247283412711e-08,
                    0.9916403293609619,
                    0.1290326714515686,
                    0.15483909845352173
                ],
                [
                    0,
                    0,
                    0,
                    1
                ]
            ]
        },
        {
            "file_path": "004.png",
            "transform_matrix": [
                [
                    0.9916206002235413,
                    0.01248327549546957,
                    -0.1285799741744995,
                    -0.15429595112800598
                ],
                [
                    -0.1291845291852951,
                    0.09582147747278214,
                    -0.986980140209198,
                    -1.1843761205673218
                ],
                [
                    -9.524843136432537e-09,
                    0.9953203201293945,
                    0.09663119167089462,
                    0.11595766991376877
                ],
                [
                    0,
                    0,
                    0,
                    1
                ]
            ]
        },
        {
            "file_path": "005.png",
            "transform_matrix": [
                [
                    -0.6235109567642212,
                    -0.08396673202514648,
                    0.7772926688194275,
                    0.9327511787414551
                ],
                [
                    0.7818147540092468,
                    -0.06696490198373795,
                    0.6199044585227966,
                    0.7438853979110718
                ],
                [
                    -7.640625199201168e-08,
                    0.9942159652709961,
                    0.10739964991807938,
                    0.12887965142726898
                ],
                [
                    0,
                    0,
                    0,
                    1
                ]
            ]
        }
    ]
}