{
    "camera_angle_x": 0.8575560450553894,
    "aabb": [
        [
            -0.35,
            -0.35,
            -0.35
        ],
        [
            0.35,
            0.35,
            0.35
        ]
    ],
    "frames": [
        {
            "file_path": "000.png",
            "transform_matrix": [
                [
                    0.9609950184822083,
                    -0.029538992792367935,
                    0.27498364448547363,
                    0.3299803137779236
                ],
                [
                    0.27656564116477966,
                    0.10264025628566742,
                    -0.9554981589317322,
                    -1.1465976238250732
                ],
                [
                    1.975091201700252e-08,
                    0.9942799806594849,
                    0.10680624097585678,
                    0.12816764414310455
                ],
                [
                    0,
                    0,
                    0,
                    1
                ]
            ]
        },
        {
            "file_path": "001.png",
            "transform_matrix": [
                [
                    0.7456380724906921,
                    -0.08266246318817139,
                    0.6612040400505066,
                    0.7934448719024658
                ],
                [
                    0.6663511395454407,
                    0.09249810874462128,
                    -0.7398786544799805,
                    -0.887854278087616
                ],
                [
                    1.379354230834906e-08,
                    0.9922757744789124,
                    0.12405231595039368,
                    0.14886286854743958
                ],
                [
                    0,
                    0,
                    0,
                    1
                ]
            ]
        },
        {
            "file_path": "002.png",
            "transform_matrix": [
                [
                    0.9298348426818848,
                    0.12564712762832642,
                    -0.3458612561225891,
                    -0.4150335192680359
                ],
                [
                    -0.36797720193862915,
                    0.31749534606933594,
                    -0.8739505410194397,
                    -1.0487406253814697
                ],
                [
                    -2.3582376940112226e-08,
                    0.9398987293243408,
                    0.341453492641449,
                    0.4097442924976349
                ],
                [
                    0,
                    0,
                    0,
                    1
                ]
            ]
        },
        {
            "file_path": "003.png",
            "transform_matrix": [
                [
                    -0.7332667112350464,
                    -0.2879655957221985,
                    0.6159511208534241,
                    0.7391413450241089
                ],
                [
                    0.6799411773681641,
                    -0.310549795627594,
                    0.6642581224441528,
                    0.7971097826957703
                ],
                [
                    -9.438252845939132e-09,
                    0.9058889150619507,
                    0.4235154688358307,
                    0.50821852684021
                ],
                [
                    0,
                    0,
                    0,
                    1
                ]
            ]
        },
        {
            "file_path": "004.png",
            "transform_matrix": [
                [
                    0.9060849547386169,
                    0.04063486307859421,
                    -0.4211399555206299,
                    -0.5053679943084717
                ],
                [
                    -0.42309579253196716,
                    0.08702202886343002,
                    -0.9018964171409607,
                    -1.0822757482528687
                ],
                [
                    1.4178358043182016e-08,
                    0.9953773021697998,
                    0.09604179114103317,
                    0.11525005847215652
                ],
                [
                    0,
                    0,
                    0,
                    1
                ]
            ]
        },
        {
            "file_path": "005.png",
            "transform_matrix": [
                [
                    -0.7830264568328857,
                    -0.010326404124498367,
                    0.6219028234481812,
                    0.7462834119796753
                ],
                [
                    0.6219885349273682,
                    -0.013000035658478737,
                    0.7829185128211975,
                    0.9395021200180054
                ],
                [
                    -1.4183072494233784e-08,
                    0.9998622536659241,
                    0.016602160409092903,
                    0.019922632724046707
                ],
                [
                    0,
                    0,
                    0,
                    1
                ]
            ]
        }
    ]
}