{
    "camera_angle_x": 0.8575560450553894,
    "aabb": [
        [
            -0.35,
            -0.35,
            -0.35
        ],
        [
            0.35,
            0.35,
            0.35
        ]
    ],
    "frames": [
        {
            "file_path": "000.png",
            "transform_matrix": [
                [
                    -0.8895913362503052,
                    0.22737029194831848,
                    -0.39614397287368774,
                    -0.4753727912902832
                ],
                [
                    -0.4567573666572571,
                    -0.44283175468444824,
                    0.7715392708778381,
                    0.9258471131324768
                ],
                [
                    -9.082329555099022e-09,
                    0.8672962784767151,
                    0.4977923035621643,
                    0.5973508358001709
                ],
                [
                    0,
                    0,
                    0,
                    1
                ]
            ]
        },
        {
            "file_path": "001.png",
            "transform_matrix": [
                [
                    0.9834839701652527,
                    -0.08979399502277374,
                    0.15715065598487854,
                    0.18858079612255096
                ],
                [
                    0.18099527060985565,
                    0.487918496131897,
                    -0.853918194770813,
                    -1.0247018337249756
                ],
                [
                    5.296920235764446e-09,
                    0.8682583570480347,
                    0.49611231684684753,
                    0.5953348278999329
                ],
                [
                    0,
                    0,
                    0,
                    1
                ]
            ]
        },
        {
            "file_path": "002.png",
            "transform_matrix": [
                [
                    -0.8393513560295105,
                    -0.2174874246120453,
                    0.49818557500839233,
                    0.5978226661682129
                ],
                [
                    0.5435895919799805,
                    -0.33582016825675964,
                    0.7692433595657349,
                    0.9230920076370239
                ],
                [
                    -3.110859125854404e-08,
                    0.9164738059043884,
                    0.40009477734565735,
                    0.4801138639450073
                ],
                [
                    0,
                    0,
                    0,
                    1
                ]
            ]
        },
        {
            "file_path": "003.png",
            "transform_matrix": [
                [
                    0.7989745736122131,
                    -0.23162277042865753,
                    0.5549688935279846,
                    0.6659627556800842
                ],
                [
                    0.60136479139328,
                    0.30773457884788513,
                    -0.7373329401016235,
                    -0.8847995400428772
                ],
                [
                    -4.275226217487216e-08,
                    0.9228490591049194,
                    0.3851618766784668,
                    0.46219420433044434
                ],
                [
                    0,
                    0,
                    0,
                    1
                ]
            ]
        },
        {
            "file_path": "004.png",
            "transform_matrix": [
                [
                    -0.45120561122894287,
                    -0.23129057884216309,
                    0.8619270324707031,
                    1.0343124866485596
                ],
                [
                    0.8924200534820557,
                    -0.11694007366895676,
                    0.4357883930206299,
                    0.5229461193084717
                ],
                [
                    3.986223973129199e-08,
                    0.9658311009407043,
                    0.25917232036590576,
                    0.31100669503211975
                ],
                [
                    0,
                    0,
                    0,
                    1
                ]
            ]
        },
        {
            "file_path": "005.png",
            "transform_matrix": [
                [
                    -0.08938254415988922,
                    -0.1025071069598198,
                    0.9907084107398987,
                    1.1888500452041626
                ],
                [
                    0.995997428894043,
                    -0.009199204854667187,
                    0.08890784531831741,
                    0.10668934136629105
                ],
                [
                    -1.4143434867719407e-08,
                    0.9946898221969604,
                    0.10291898995637894,
                    0.1235029324889183
                ],
                [
                    0,
                    0,
                    0,
                    1
                ]
            ]
        }
    ]
}