{
    "camera_angle_x": 0.8575560450553894,
    "aabb": [
        [
            -0.35,
            -0.35,
            -0.35
        ],
        [
            0.35,
            0.35,
            0.35
        ]
    ],
    "frames": [
        {
            "file_path": "000.png",
            "transform_matrix": [
                [
                    0.7095810770988464,
                    -0.1508985161781311,
                    0.6882764101028442,
                    0.8259316682815552
                ],
                [
                    0.704623818397522,
                    0.1519601196050644,
                    -0.6931186318397522,
                    -0.8317423462867737
                ],
                [
                    -1.0613698364636548e-08,
                    0.9767997860908508,
                    0.2141547054052353,
                    0.25698572397232056
                ],
                [
                    0,
                    0,
                    0,
                    1
                ]
            ]
        },
        {
            "file_path": "001.png",
            "transform_matrix": [
                [
                    0.9029389023780823,
                    -0.01744307018816471,
                    0.429414838552475,
                    0.5152977705001831
                ],
                [
                    0.42976894974708557,
                    0.03664756193757057,
                    -0.9021949768066406,
                    -1.0826339721679688
                ],
                [
                    -1.7139214492090105e-09,
                    0.9991760849952698,
                    0.040586989372968674,
                    0.048704661428928375
                ],
                [
                    0,
                    0,
                    0,
                    1
                ]
            ]
        },
        {
            "file_path": "002.png",
            "transform_matrix": [
                [
                    0.5277343988418579,
                    0.19868452847003937,
                    -0.8258455395698547,
                    -0.9910146594047546
                ],
                [
                    -0.8494094610214233,
                    0.12344182282686234,
                    -0.5130942463874817,
                    -0.6157130599021912
                ],
                [
                    -1.3887387240174576e-08,
                    0.9722585082054138,
                    0.2339090257883072,
                    0.2806909382343292
                ],
                [
                    0,
                    0,
                    0,
                    1
                ]
            ]
        },
        {
            "file_path": "003.png",
            "transform_matrix": [
                [
                    -0.3641359508037567,
                    0.3341454267501831,
                    -0.8693399429321289,
                    -1.0432078838348389
                ],
                [
                    -0.9313458800315857,
                    -0.13064353168010712,
                    0.3398929536342621,
                    0.4078715145587921
                ],
                [
                    6.804465613186039e-08,
                    0.9334233999252319,
                    0.35877689719200134,
                    0.43053242564201355
                ],
                [
                    0,
                    0,
                    0,
                    1
                ]
            ]
        },
        {
            "file_path": "004.png",
            "transform_matrix": [
                [
                    -0.9969513416290283,
                    -0.03752749040722847,
                    0.06841560453176498,
                    0.08209870010614395
                ],
                [
                    0.07803209125995636,
                    -0.4794577360153198,
                    0.874089241027832,
                    1.0489068031311035
                ],
                [
                    -5.08712405533629e-10,
                    0.8767626285552979,
                    0.48092368245124817,
                    0.5771085619926453
                ],
                [
                    0,
                    0,
                    0,
                    1
                ]
            ]
        },
        {
            "file_path": "005.png",
            "transform_matrix": [
                [
                    0.9775955080986023,
                    -0.025296460837125778,
                    0.20896688103675842,
                    0.2507602572441101
                ],
                [
                    0.21049244701862335,
                    0.11748496443033218,
                    -0.9705103635787964,
                    -1.1646124124526978
                ],
                [
                    -3.219016164734967e-09,
                    0.9927524924278259,
                    0.1201774850487709,
                    0.1442129760980606
                ],
                [
                    0,
                    0,
                    0,
                    1
                ]
            ]
        }
    ]
}