{
    "camera_angle_x": 0.8575560450553894,
    "aabb": [
        [
            -0.35,
            -0.35,
            -0.35
        ],
        [
            0.35,
            0.35,
            0.35
        ]
    ],
    "frames": [
        {
            "file_path": "000.png",
            "transform_matrix": [
                [
                    0.9964300990104675,
                    0.026796914637088776,
                    -0.08005601912736893,
                    -0.09606721997261047
                ],
                [
                    -0.084421806037426,
                    0.3162837326526642,
                    -0.9449008703231812,
                    -1.1338809728622437
                ],
                [
                    -5.248219192566239e-09,
                    0.9482861757278442,
                    0.31741687655448914,
                    0.38090041279792786
                ],
                [
                    0,
                    0,
                    0,
                    1
                ]
            ]
        },
        {
            "file_path": "001.png",
            "transform_matrix": [
                [
                    -0.9034725427627563,
                    -0.01855502836406231,
                    0.42824462056159973,
                    0.5138934850692749
                ],
                [
                    0.42864641547203064,
                    -0.03910912573337555,
                    0.902625560760498,
                    1.0831506252288818
                ],
                [
                    -1.739480559592721e-08,
                    0.9990627765655518,
                    0.04328734800219536,
                    0.051945120096206665
                ],
                [
                    0,
                    0,
                    0,
                    1
                ]
            ]
        },
        {
            "file_path": "002.png",
            "transform_matrix": [
                [
                    0.9705646634101868,
                    -0.11512671411037445,
                    0.2115420252084732,
                    0.25385046005249023
                ],
                [
                    0.2408405989408493,
                    0.46394971013069153,
                    -0.8524942994117737,
                    -1.0229932069778442
                ],
                [
                    -1.2643980085158546e-08,
                    0.8783487677574158,
                    0.47802039980888367,
                    0.5736244916915894
                ],
                [
                    0,
                    0,
                    0,
                    1
                ]
            ]
        },
        {
            "file_path": "003.png",
            "transform_matrix": [
                [
                    0.7722445130348206,
                    -0.26148518919944763,
                    0.5790197849273682,
                    0.6948237419128418
                ],
                [
                    0.6353254318237305,
                    0.3178379237651825,
                    -0.7038044333457947,
                    -0.8445652723312378
                ],
                [
                    -1.984755471085009e-08,
                    0.911375105381012,
                    0.4115767776966095,
                    0.49389222264289856
                ],
                [
                    0,
                    0,
                    0,
                    1
                ]
            ]
        },
        {
            "file_path": "004.png",
            "transform_matrix": [
                [
                    0.6425343751907349,
                    0.17615929245948792,
                    -0.745732843875885,
                    -0.8948794007301331
                ],
                [
                    -0.7662568688392639,
                    0.14771594107151031,
                    -0.6253243088722229,
                    -0.7503892183303833
                ],
                [
                    -1.2262141524388426e-08,
                    0.9732152819633484,
                    0.22989581525325775,
                    0.2758750319480896
                ],
                [
                    0,
                    0,
                    0,
                    1
                ]
            ]
        },
        {
            "file_path": "005.png",
            "transform_matrix": [
                [
                    0.45539379119873047,
                    0.07613426446914673,
                    -0.8870288133621216,
                    -1.06443452835083
                ],
                [
                    -0.8902901411056519,
                    0.0389435701072216,
                    -0.4537256360054016,
                    -0.5444707274436951
                ],
                [
                    6.104917815719091e-08,
                    0.996336817741394,
                    0.08551620692014694,
                    0.10261955112218857
                ],
                [
                    0,
                    0,
                    0,
                    1
                ]
            ]
        }
    ]
}