{
    "camera_angle_x": 0.8575560450553894,
    "aabb": [
        [
            -0.35,
            -0.35,
            -0.35
        ],
        [
            0.35,
            0.35,
            0.35
        ]
    ],
    "frames": [
        {
            "file_path": "000.png",
            "transform_matrix": [
                [
                    -0.6497178673744202,
                    0.27237361669540405,
                    -0.709703803062439,
                    -0.8516445159912109
                ],
                [
                    -0.7601755261421204,
                    -0.23279623687267303,
                    0.6065798997879028,
                    0.7278958559036255
                ],
                [
                    2.2255797205161798e-08,
                    0.9336051940917969,
                    0.3583035171031952,
                    0.42996442317962646
                ],
                [
                    0,
                    0,
                    0,
                    1
                ]
            ]
        },
        {
            "file_path": "001.png",
            "transform_matrix": [
                [
                    0.6019072532653809,
                    0.33409202098846436,
                    -0.7253208160400391,
                    -0.870384931564331
                ],
                [
                    -0.7985660433769226,
                    0.2518168091773987,
                    -0.5466997623443604,
                    -0.6560396552085876
                ],
                [
                    -2.3133850390877342e-08,
                    0.9082790613174438,
                    0.41836488246917725,
                    0.5020379424095154
                ],
                [
                    0,
                    0,
                    0,
                    1
                ]
            ]
        },
        {
            "file_path": "002.png",
            "transform_matrix": [
                [
                    0.32758376002311707,
                    0.4559316635131836,
                    -0.8275356292724609,
                    -0.9930427670478821
                ],
                [
                    -0.9448221921920776,
                    0.15807825326919556,
                    -0.2869187891483307,
                    -0.34430262446403503
                ],
                [
                    5.767354593899654e-08,
                    0.8758639693260193,
                    0.4825581908226013,
                    0.5790698528289795
                ],
                [
                    0,
                    0,
                    0,
                    1
                ]
            ]
        },
        {
            "file_path": "003.png",
            "transform_matrix": [
                [
                    0.9995901584625244,
                    0.005361476913094521,
                    -0.02812042459845543,
                    -0.033744510263204575
                ],
                [
                    -0.028626974672079086,
                    0.1872107982635498,
                    -0.981902539730072,
                    -1.1782830953598022
                ],
                [
                    -1.106023383989907e-09,
                    0.982305109500885,
                    0.1872875690460205,
                    0.22474513947963715
                ],
                [
                    0,
                    0,
                    0,
                    1
                ]
            ]
        },
        {
            "file_path": "004.png",
            "transform_matrix": [
                [
                    -0.15065884590148926,
                    -0.07204897701740265,
                    0.9859569072723389,
                    1.1831482648849487
                ],
                [
                    0.988585889339447,
                    -0.01098016370087862,
                    0.1502581387758255,
                    0.18030977249145508
                ],
                [
                    -3.149459359974571e-08,
                    0.997340738773346,
                    0.07288078963756561,
                    0.08745706081390381
                ],
                [
                    0,
                    0,
                    0,
                    1
                ]
            ]
        },
        {
            "file_path": "005.png",
            "transform_matrix": [
                [
                    0.09017869085073471,
                    0.08506584912538528,
                    -0.9922860264778137,
                    -1.190743327140808
                ],
                [
                    -0.9959255456924438,
                    0.007702461443841457,
                    -0.08984910696744919,
                    -0.10781905800104141
                ],
                [
                    -8.343503310470624e-08,
                    0.9963455200195312,
                    0.08541388809680939,
                    0.10249679535627365
                ],
                [
                    0,
                    0,
                    0,
                    1
                ]
            ]
        }
    ]
}