{
    "camera_angle_x": 0.8575560450553894,
    "aabb": [
        [
            -0.35,
            -0.35,
            -0.35
        ],
        [
            0.35,
            0.35,
            0.35
        ]
    ],
    "frames": [
        {
            "file_path": "000.png",
            "transform_matrix": [
                [
                    -0.9923033714294434,
                    -0.0409013070166111,
                    0.11688107997179031,
                    0.14025729894638062
                ],
                [
                    0.12383095175027847,
                    -0.32775741815567017,
                    0.9366114735603333,
                    1.1239337921142578
                ],
                [
                    6.497839599717281e-09,
                    0.9438761472702026,
                    0.33029958605766296,
                    0.39635956287384033
                ],
                [
                    0,
                    0,
                    0,
                    1
                ]
            ]
        },
        {
            "file_path": "001.png",
            "transform_matrix": [
                [
                    0.29257893562316895,
                    0.049393754452466965,
                    -0.9549648761749268,
                    -1.1459578275680542
                ],
                [
                    -0.9562414288520813,
                    0.015112756751477718,
                    -0.2921884059906006,
                    -0.3506261110305786
                ],
                [
                    -8.668206419315538e-08,
                    0.9986650943756104,
                    0.051653992384672165,
                    0.06198488175868988
                ],
                [
                    0,
                    0,
                    0,
                    1
                ]
            ]
        },
        {
            "file_path": "002.png",
            "transform_matrix": [
                [
                    0.9307078123092651,
                    0.14858095347881317,
                    -0.33422544598579407,
                    -0.4010705053806305
                ],
                [
                    -0.36576351523399353,
                    0.3780733644962311,
                    -0.8504573106765747,
                    -1.020548701286316
                ],
                [
                    -5.221181709202938e-09,
                    0.9137747287750244,
                    0.40622133016586304,
                    0.48746564984321594
                ],
                [
                    0,
                    0,
                    0,
                    1
                ]
            ]
        },
        {
            "file_path": "003.png",
            "transform_matrix": [
                [
                    -0.16249001026153564,
                    -0.4351293742656708,
                    0.88558429479599,
                    1.0627011060714722
                ],
                [
                    0.986710250377655,
                    -0.07165645807981491,
                    0.1458367109298706,
                    0.17500415444374084
                ],
                [
                    -4.508958895144133e-08,
                    0.8975120186805725,
                    0.44099000096321106,
                    0.5291880369186401
                ],
                [
                    0,
                    0,
                    0,
                    1
                ]
            ]
        },
        {
            "file_path": "004.png",
            "transform_matrix": [
                [
                    -0.5329896211624146,
                    0.08967840671539307,
                    -0.8413559198379517,
                    -1.009627103805542
                ],
                [
                    -0.8461217284202576,
                    -0.05649016797542572,
                    0.5299875736236572,
                    0.635985255241394
                ],
                [
                    7.678522706555668e-08,
                    0.9943674206733704,
                    0.10598757863044739,
                    0.12718519568443298
                ],
                [
                    0,
                    0,
                    0,
                    1
                ]
            ]
        },
        {
            "file_path": "005.png",
            "transform_matrix": [
                [
                    -0.7700974345207214,
                    0.13545747101306915,
                    -0.6233790516853333,
                    -0.7480548620223999
                ],
                [
                    -0.637926459312439,
                    -0.16352272033691406,
                    0.752535879611969,
                    0.9030430316925049
                ],
                [
                    3.642083967747567e-09,
                    0.9771958589553833,
                    0.21234020590782166,
                    0.25480830669403076
                ],
                [
                    0,
                    0,
                    0,
                    1
                ]
            ]
        }
    ]
}