{
    "camera_angle_x": 0.8575560450553894,
    "aabb": [
        [
            -0.35,
            -0.35,
            -0.35
        ],
        [
            0.35,
            0.35,
            0.35
        ]
    ],
    "frames": [
        {
            "file_path": "000.png",
            "transform_matrix": [
                [
                    0.0474146232008934,
                    -0.38404640555381775,
                    0.9220955967903137,
                    1.106514811515808
                ],
                [
                    0.9988753199577332,
                    0.018229959532618523,
                    -0.04377005249261856,
                    -0.052524056285619736
                ],
                [
                    -7.144832636640785e-08,
                    0.9231338500976562,
                    0.3844788074493408,
                    0.46137458086013794
                ],
                [
                    0,
                    0,
                    0,
                    1
                ]
            ]
        },
        {
            "file_path": "001.png",
            "transform_matrix": [
                [
                    -0.32590675354003906,
                    -0.41777071356773376,
                    0.8480875492095947,
                    1.0177050828933716
                ],
                [
                    0.9454019665718079,
                    -0.14401739835739136,
                    0.29235970973968506,
                    0.35083168745040894
                ],
                [
                    1.2750213329582039e-08,
                    0.8970655798912048,
                    0.441897451877594,
                    0.5302770137786865
                ],
                [
                    0,
                    0,
                    0,
                    1
                ]
            ]
        },
        {
            "file_path": "002.png",
            "transform_matrix": [
                [
                    0.6682900190353394,
                    -0.12580043077468872,
                    0.7331867218017578,
                    0.8798239827156067
                ],
                [
                    0.7439008355140686,
                    0.1130138486623764,
                    -0.6586650013923645,
                    -0.7903979420661926
                ],
                [
                    9.524494970492015e-09,
                    0.9855974316596985,
                    0.1691090315580368,
                    0.2029309868812561
                ],
                [
                    0,
                    0,
                    0,
                    1
                ]
            ]
        },
        {
            "file_path": "003.png",
            "transform_matrix": [
                [
                    0.5653277039527893,
                    -0.33415496349334717,
                    0.7541519403457642,
                    0.9049822092056274
                ],
                [
                    0.8248664140701294,
                    0.2290153205394745,
                    -0.5168630480766296,
                    -0.6202356815338135
                ],
                [
                    -2.3562710893543226e-08,
                    0.9142715930938721,
                    0.4051018953323364,
                    0.48612236976623535
                ],
                [
                    0,
                    0,
                    0,
                    1
                ]
            ]
        },
        {
            "file_path": "004.png",
            "transform_matrix": [
                [
                    -0.8298546075820923,
                    -0.11524522304534912,
                    0.5459486246109009,
                    0.655138373374939
                ],
                [
                    0.5579797625541687,
                    -0.17139828205108643,
                    0.8119614124298096,
                    0.9743536710739136
                ],
                [
                    -1.656404080563334e-08,
                    0.978438138961792,
                    0.20654010772705078,
                    0.2478482574224472
                ],
                [
                    0,
                    0,
                    0,
                    1
                ]
            ]
        },
        {
            "file_path": "005.png",
            "transform_matrix": [
                [
                    -0.07677742093801498,
                    0.3720710873603821,
                    -0.9250235557556152,
                    -1.1100281476974487
                ],
                [
                    -0.9970483779907227,
                    -0.028651244938373566,
                    0.07123107463121414,
                    0.08547734469175339
                ],
                [
                    6.291949716796807e-08,
                    0.9277620911598206,
                    0.37317246198654175,
                    0.44780704379081726
                ],
                [
                    0,
                    0,
                    0,
                    1
                ]
            ]
        }
    ]
}