{
    "camera_angle_x": 0.8575560450553894,
    "aabb": [
        [
            -0.35,
            -0.35,
            -0.35
        ],
        [
            0.35,
            0.35,
            0.35
        ]
    ],
    "frames": [
        {
            "file_path": "000.png",
            "transform_matrix": [
                [
                    0.05852917954325676,
                    0.4518563747406006,
                    -0.8901686668395996,
                    -1.0682023763656616
                ],
                [
                    -0.998285710811615,
                    0.02649221383035183,
                    -0.05219032242894173,
                    -0.06262827664613724
                ],
                [
                    3.971591411300324e-08,
                    0.8916972875595093,
                    0.45263227820396423,
                    0.5431588292121887
                ],
                [
                    0,
                    0,
                    0,
                    1
                ]
            ]
        },
        {
            "file_path": "001.png",
            "transform_matrix": [
                [
                    0.7102769017219543,
                    0.18695174157619476,
                    -0.6786426901817322,
                    -0.8143710494041443
                ],
                [
                    -0.70392245054245,
                    0.18863922357559204,
                    -0.6847690939903259,
                    -0.8217228055000305
                ],
                [
                    -2.4154140021437343e-08,
                    0.9640874266624451,
                    0.2655855417251587,
                    0.31870290637016296
                ],
                [
                    0,
                    0,
                    0,
                    1
                ]
            ]
        },
        {
            "file_path": "002.png",
            "transform_matrix": [
                [
                    0.35523152351379395,
                    0.1805940568447113,
                    -0.9171675443649292,
                    -1.100601077079773
                ],
                [
                    -0.9347783327102661,
                    0.06862884759902954,
                    -0.3485390841960907,
                    -0.41824695467948914
                ],
                [
                    3.434976747485052e-08,
                    0.9811604619026184,
                    0.19319455325603485,
                    0.23183350265026093
                ],
                [
                    0,
                    0,
                    0,
                    1
                ]
            ]
        },
        {
            "file_path": "003.png",
            "transform_matrix": [
                [
                    -0.10962631553411484,
                    -0.4443322718143463,
                    0.8891294598579407,
                    1.0669552087783813
                ],
                [
                    0.9939730167388916,
                    -0.0490059070289135,
                    0.0980629250407219,
                    0.11767559498548508
                ],
                [
                    -2.380447128302876e-08,
                    0.8945208191871643,
                    0.44702643156051636,
                    0.5364319682121277
                ],
                [
                    0,
                    0,
                    0,
                    1
                ]
            ]
        },
        {
            "file_path": "004.png",
            "transform_matrix": [
                [
                    0.3368323743343353,
                    -0.3576849400997162,
                    0.8709795475006104,
                    1.045175552368164
                ],
                [
                    0.9415646195411682,
                    0.12795718014240265,
                    -0.31158146262168884,
                    -0.37389785051345825
                ],
                [
                    -8.107459592565647e-08,
                    0.9250342845916748,
                    0.37988361716270447,
                    0.45586031675338745
                ],
                [
                    0,
                    0,
                    0,
                    1
                ]
            ]
        },
        {
            "file_path": "005.png",
            "transform_matrix": [
                [
                    -0.6389356255531311,
                    0.21341261267662048,
                    -0.7390644550323486,
                    -0.8868773579597473
                ],
                [
                    -0.7692601680755615,
                    -0.17725719511508942,
                    0.6138555407524109,
                    0.7366266846656799
                ],
                [
                    6.149477371764078e-09,
                    0.9607470631599426,
                    0.2774258255958557,
                    0.33291104435920715
                ],
                [
                    0,
                    0,
                    0,
                    1
                ]
            ]
        }
    ]
}