{
    "camera_angle_x": 0.8575560450553894,
    "aabb": [
        [
            -0.35,
            -0.35,
            -0.35
        ],
        [
            0.35,
            0.35,
            0.35
        ]
    ],
    "frames": [
        {
            "file_path": "000.png",
            "transform_matrix": [
                [
                    0.29881733655929565,
                    0.4605155885219574,
                    -0.835843026638031,
                    -1.003011703491211
                ],
                [
                    -0.9543103575706482,
                    0.14419841766357422,
                    -0.2617223858833313,
                    -0.31406691670417786
                ],
                [
                    3.5580498547460593e-09,
                    0.875860869884491,
                    0.4825637638568878,
                    0.5790764093399048
                ],
                [
                    0,
                    0,
                    0,
                    1
                ]
            ]
        },
        {
            "file_path": "001.png",
            "transform_matrix": [
                [
                    0.8836267590522766,
                    0.23027315735816956,
                    -0.407649427652359,
                    -0.4891792833805084
                ],
                [
                    -0.4681920111179352,
                    0.4345984160900116,
                    -0.7693637013435364,
                    -0.9232364296913147
                ],
                [
                    -1.205586741548359e-09,
                    0.8706885576248169,
                    0.491834819316864,
                    0.5902019143104553
                ],
                [
                    0,
                    0,
                    0,
                    1
                ]
            ]
        },
        {
            "file_path": "002.png",
            "transform_matrix": [
                [
                    -0.8130905628204346,
                    0.27497801184654236,
                    -0.5130991339683533,
                    -0.6157189607620239
                ],
                [
                    -0.5821371078491211,
                    -0.38407102227211,
                    0.7166628837585449,
                    0.8599955439567566
                ],
                [
                    1.1726344339990646e-08,
                    0.8814059495925903,
                    0.4723595082759857,
                    0.5668314099311829
                ],
                [
                    0,
                    0,
                    0,
                    1
                ]
            ]
        },
        {
            "file_path": "003.png",
            "transform_matrix": [
                [
                    -0.6045083403587341,
                    -0.13998208940029144,
                    0.784203290939331,
                    0.9410439133644104
                ],
                [
                    0.7965989112854004,
                    -0.10622702538967133,
                    0.5951017737388611,
                    0.7141221761703491
                ],
                [
                    -3.334226050810685e-08,
                    0.9844394326210022,
                    0.17572461068630219,
                    0.21086962521076202
                ],
                [
                    0,
                    0,
                    0,
                    1
                ]
            ]
        },
        {
            "file_path": "004.png",
            "transform_matrix": [
                [
                    -0.7987591624259949,
                    -0.06392806023359299,
                    0.5982453227043152,
                    0.7178943157196045
                ],
                [
                    0.6016512513160706,
                    -0.08487168699502945,
                    0.7942372560501099,
                    0.9530845880508423
                ],
                [
                    -2.7554580839250775e-08,
                    0.994339108467102,
                    0.1062541976571083,
                    0.12750527262687683
                ],
                [
                    0,
                    0,
                    0,
                    1
                ]
            ]
        },
        {
            "file_path": "005.png",
            "transform_matrix": [
                [
                    -0.9074805378913879,
                    0.19601552188396454,
                    -0.37156039476394653,
                    -0.4458724558353424
                ],
                [
                    -0.4200942814350128,
                    -0.42342936992645264,
                    0.8026384711265564,
                    0.9631661176681519
                ],
                [
                    3.004913295967526e-08,
                    0.8844690918922424,
                    0.4665988087654114,
                    0.5599186420440674
                ],
                [
                    0,
                    0,
                    0,
                    1
                ]
            ]
        }
    ]
}