{
    "camera_angle_x": 0.8575560450553894,
    "aabb": [
        [
            -0.35,
            -0.35,
            -0.35
        ],
        [
            0.35,
            0.35,
            0.35
        ]
    ],
    "frames": [
        {
            "file_path": "000.png",
            "transform_matrix": [
                [
                    0.8312481045722961,
                    0.21366658806800842,
                    -0.513198971748352,
                    -0.6158387064933777
                ],
                [
                    -0.5559016466140747,
                    0.31949883699417114,
                    -0.7673942446708679,
                    -0.9208730459213257
                ],
                [
                    -1.4023486372138905e-08,
                    0.9231831431388855,
                    0.3843604028224945,
                    0.46123260259628296
                ],
                [
                    0,
                    0,
                    0,
                    1
                ]
            ]
        },
        {
            "file_path": "001.png",
            "transform_matrix": [
                [
                    0.578945517539978,
                    0.04192574694752693,
                    -0.8142876625061035,
                    -0.9771450757980347
                ],
                [
                    -0.815366268157959,
                    0.02976912073791027,
                    -0.5781797170639038,
                    -0.6938157081604004
                ],
                [
                    6.406682473425462e-08,
                    0.9986771941184998,
                    0.05141950771212578,
                    0.06170351803302765
                ],
                [
                    0,
                    0,
                    0,
                    1
                ]
            ]
        },
        {
            "file_path": "002.png",
            "transform_matrix": [
                [
                    -0.7072409987449646,
                    -0.06123766675591469,
                    0.7043155431747437,
                    0.8451786041259766
                ],
                [
                    0.7069727182388306,
                    -0.061260856688022614,
                    0.7045827507972717,
                    0.8454992771148682
                ],
                [
                    -7.770793075678739e-08,
                    0.996241569519043,
                    0.08661941438913345,
                    0.10394341498613358
                ],
                [
                    0,
                    0,
                    0,
                    1
                ]
            ]
        },
        {
            "file_path": "003.png",
            "transform_matrix": [
                [
                    0.8568484783172607,
                    0.011283332481980324,
                    -0.515444815158844,
                    -0.618533730506897
                ],
                [
                    -0.5155682563781738,
                    0.018752245232462883,
                    -0.8566433191299438,
                    -1.0279719829559326
                ],
                [
                    -2.6236413930291747e-08,
                    0.9997605085372925,
                    0.021885156631469727,
                    0.02626226656138897
                ],
                [
                    0,
                    0,
                    0,
                    1
                ]
            ]
        },
        {
            "file_path": "004.png",
            "transform_matrix": [
                [
                    0.7289601564407349,
                    0.28269076347351074,
                    -0.6234605312347412,
                    -0.7481526732444763
                ],
                [
                    -0.6845561265945435,
                    0.3010275661945343,
                    -0.6639016270637512,
                    -0.7966819405555725
                ],
                [
                    -3.1313760473494767e-09,
                    0.9107515811920166,
                    0.41295477747917175,
                    0.495545893907547
                ],
                [
                    0,
                    0,
                    0,
                    1
                ]
            ]
        },
        {
            "file_path": "005.png",
            "transform_matrix": [
                [
                    -0.49062514305114746,
                    0.0813884288072586,
                    -0.8675615787506104,
                    -1.0410739183425903
                ],
                [
                    -0.8713708519935608,
                    -0.04582583159208298,
                    0.48848024010658264,
                    0.586176335811615
                ],
                [
                    -2.8792598527616065e-08,
                    0.9956284761428833,
                    0.09340269863605499,
                    0.1120833083987236
                ],
                [
                    0,
                    0,
                    0,
                    1
                ]
            ]
        }
    ]
}