{
    "camera_angle_x": 0.8575560450553894,
    "aabb": [
        [
            -0.35,
            -0.35,
            -0.35
        ],
        [
            0.35,
            0.35,
            0.35
        ]
    ],
    "frames": [
        {
            "file_path": "000.png",
            "transform_matrix": [
                [
                    -0.9992419481277466,
                    -0.005299045704305172,
                    0.03856905177235603,
                    0.04628285765647888
                ],
                [
                    0.03893136978149414,
                    -0.13600929081439972,
                    0.9899423718452454,
                    1.1879308223724365
                ],
                [
                    -1.0079723722355993e-09,
                    0.9906933903694153,
                    0.13611243665218353,
                    0.16333496570587158
                ],
                [
                    0,
                    0,
                    0,
                    1
                ]
            ]
        },
        {
            "file_path": "001.png",
            "transform_matrix": [
                [
                    -0.29479724168777466,
                    -0.24900175631046295,
                    0.9225467443466187,
                    1.1070562601089478
                ],
                [
                    0.9555597305297852,
                    -0.07681883871555328,
                    0.2846125662326813,
                    0.34153515100479126
                ],
                [
                    1.6681632075687958e-08,
                    0.9654515981674194,
                    0.2605821490287781,
                    0.3126985430717468
                ],
                [
                    0,
                    0,
                    0,
                    1
                ]
            ]
        },
        {
            "file_path": "002.png",
            "transform_matrix": [
                [
                    -0.9976128935813904,
                    0.019092334434390068,
                    -0.06636983156204224,
                    -0.07964378595352173
                ],
                [
                    -0.06906136125326157,
                    -0.2757948935031891,
                    0.9587326645851135,
                    1.1504789590835571
                ],
                [
                    -4.509104201133596e-10,
                    0.961027204990387,
                    0.27645447850227356,
                    0.33174556493759155
                ],
                [
                    0,
                    0,
                    0,
                    1
                ]
            ]
        },
        {
            "file_path": "003.png",
            "transform_matrix": [
                [
                    -0.9949800372123718,
                    -0.019554143771529198,
                    0.09814614802598953,
                    0.11777536571025848
                ],
                [
                    0.1000751256942749,
                    -0.19441378116607666,
                    0.975801408290863,
                    1.170961618423462
                ],
                [
                    -4.765855265986829e-09,
                    0.9807247519493103,
                    0.19539454579353333,
                    0.23447373509407043
                ],
                [
                    0,
                    0,
                    0,
                    1
                ]
            ]
        },
        {
            "file_path": "004.png",
            "transform_matrix": [
                [
                    0.13505975902080536,
                    0.2698097825050354,
                    -0.9533948302268982,
                    -1.144073724746704
                ],
                [
                    -0.9908375144004822,
                    0.03677736595273018,
                    -0.12995606660842896,
                    -0.15594732761383057
                ],
                [
                    2.8132944862591103e-09,
                    0.9622111320495605,
                    0.2723047137260437,
                    0.3267658054828644
                ],
                [
                    0,
                    0,
                    0,
                    1
                ]
            ]
        },
        {
            "file_path": "005.png",
            "transform_matrix": [
                [
                    0.8647267818450928,
                    0.23517507314682007,
                    -0.4437795877456665,
                    -0.5325354933738708
                ],
                [
                    -0.5022426247596741,
                    0.4049082100391388,
                    -0.7640691995620728,
                    -0.9168830513954163
                ],
                [
                    -1.300344809607168e-08,
                    0.8835961222648621,
                    0.4682498872280121,
                    0.5618999004364014
                ],
                [
                    0,
                    0,
                    0,
                    1
                ]
            ]
        }
    ]
}