{
    "camera_angle_x": 0.8575560450553894,
    "aabb": [
        [
            -0.35,
            -0.35,
            -0.35
        ],
        [
            0.35,
            0.35,
            0.35
        ]
    ],
    "frames": [
        {
            "file_path": "000.png",
            "transform_matrix": [
                [
                    0.14547830820083618,
                    -0.09083450585603714,
                    0.9851828813552856,
                    1.182219386100769
                ],
                [
                    0.9893615245819092,
                    0.01335644070059061,
                    -0.14486396312713623,
                    -0.1738368272781372
                ],
                [
                    2.2030615554058386e-08,
                    0.9957765340805054,
                    0.0918111577630043,
                    0.11017362773418427
                ],
                [
                    0,
                    0,
                    0,
                    1
                ]
            ]
        },
        {
            "file_path": "001.png",
            "transform_matrix": [
                [
                    0.21804925799369812,
                    -0.3412955701351166,
                    0.9143150448799133,
                    1.0971779823303223
                ],
                [
                    0.9759377837181091,
                    0.07625404000282288,
                    -0.20428122580051422,
                    -0.24513746798038483
                ],
                [
                    7.178194039170194e-09,
                    0.9368579387664795,
                    0.3497103154659271,
                    0.4196524918079376
                ],
                [
                    0,
                    0,
                    0,
                    1
                ]
            ]
        },
        {
            "file_path": "002.png",
            "transform_matrix": [
                [
                    0.8575090169906616,
                    -0.23501813411712646,
                    0.4576513171195984,
                    0.5491816401481628
                ],
                [
                    0.5144689083099365,
                    0.39172467589378357,
                    -0.7628063559532166,
                    -0.9153676629066467
                ],
                [
                    -7.937593693441158e-09,
                    0.8895606994628906,
                    0.45681697130203247,
                    0.548180341720581
                ],
                [
                    0,
                    0,
                    0,
                    1
                ]
            ]
        },
        {
            "file_path": "003.png",
            "transform_matrix": [
                [
                    -0.6068422198295593,
                    -0.2919238805770874,
                    0.7392719984054565,
                    0.8871264457702637
                ],
                [
                    0.7948223948478699,
                    -0.2228822112083435,
                    0.564429759979248,
                    0.6773157119750977
                ],
                [
                    1.5060933833410672e-08,
                    0.9301097393035889,
                    0.36728185415267944,
                    0.4407382905483246
                ],
                [
                    0,
                    0,
                    0,
                    1
                ]
            ]
        },
        {
            "file_path": "004.png",
            "transform_matrix": [
                [
                    0.99390709400177,
                    -0.01316544134169817,
                    0.10943207889795303,
                    0.13131849467754364
                ],
                [
                    0.11022118479013443,
                    0.11871785670518875,
                    -0.9867914915084839,
                    -1.1841497421264648
                ],
                [
                    -2.498485418556129e-09,
                    0.9928407669067383,
                    0.11944562941789627,
                    0.14333491027355194
                ],
                [
                    0,
                    0,
                    0,
                    1
                ]
            ]
        },
        {
            "file_path": "005.png",
            "transform_matrix": [
                [
                    -0.038683805614709854,
                    -0.19185350835323334,
                    0.9806609153747559,
                    1.176793098449707
                ],
                [
                    0.9992515444755554,
                    -0.007427159696817398,
                    0.037964098155498505,
                    0.04555691406130791
                ],
                [
                    -4.33648779107898e-08,
                    0.9813954830169678,
                    0.19199718534946442,
                    0.23039652407169342
                ],
                [
                    0,
                    0,
                    0,
                    1
                ]
            ]
        }
    ]
}