{
    "camera_angle_x": 0.8575560450553894,
    "aabb": [
        [
            -0.35,
            -0.35,
            -0.35
        ],
        [
            0.35,
            0.35,
            0.35
        ]
    ],
    "frames": [
        {
            "file_path": "000.png",
            "transform_matrix": [
                [
                    0.9538775086402893,
                    -0.071891650557518,
                    0.29146072268486023,
                    0.34975287318229675
                ],
                [
                    0.30019620060920715,
                    0.2284366637468338,
                    -0.926120400428772,
                    -1.1113444566726685
                ],
                [
                    6.199641688908741e-09,
                    0.9709007740020752,
                    0.23948217928409576,
                    0.2873786389827728
                ],
                [
                    0,
                    0,
                    0,
                    1
                ]
            ]
        },
        {
            "file_path": "001.png",
            "transform_matrix": [
                [
                    0.7943856120109558,
                    0.2947640120983124,
                    -0.5310985445976257,
                    -0.6373183727264404
                ],
                [
                    -0.6074137687683105,
                    0.38549724221229553,
                    -0.6945793032646179,
                    -0.8334951996803284
                ],
                [
                    4.681136545059417e-08,
                    0.8743603825569153,
                    0.4852771759033203,
                    0.5823324918746948
                ],
                [
                    0,
                    0,
                    0,
                    1
                ]
            ]
        },
        {
            "file_path": "002.png",
            "transform_matrix": [
                [
                    0.8903000950813293,
                    0.10615621507167816,
                    -0.4428279399871826,
                    -0.5313935279846191
                ],
                [
                    -0.45537427067756653,
                    0.2075454741716385,
                    -0.8657708764076233,
                    -1.038925051689148
                ],
                [
                    -1.6435421912319725e-09,
                    0.9724483489990234,
                    0.23311854898929596,
                    0.2797423005104065
                ],
                [
                    0,
                    0,
                    0,
                    1
                ]
            ]
        },
        {
            "file_path": "003.png",
            "transform_matrix": [
                [
                    -0.3902585506439209,
                    -0.3568187952041626,
                    0.8487513661384583,
                    1.0185015201568604
                ],
                [
                    0.9207054972648621,
                    -0.15124447643756866,
                    0.3597593307495117,
                    0.43171125650405884
                ],
                [
                    -3.698384887229622e-08,
                    0.9218490719795227,
                    0.3875492513179779,
                    0.4650593101978302
                ],
                [
                    0,
                    0,
                    0,
                    1
                ]
            ]
        },
        {
            "file_path": "004.png",
            "transform_matrix": [
                [
                    -0.17587414383888245,
                    -0.029783660545945168,
                    0.9839620590209961,
                    1.1807544231414795
                ],
                [
                    0.9844127297401428,
                    -0.005321196746081114,
                    0.17579355835914612,
                    0.21095223724842072
                ],
                [
                    9.28809384959095e-09,
                    0.9995422959327698,
                    0.030255189165472984,
                    0.03630635514855385
                ],
                [
                    0,
                    0,
                    0,
                    1
                ]
            ]
        },
        {
            "file_path": "005.png",
            "transform_matrix": [
                [
                    -0.38506534695625305,
                    -0.43397679924964905,
                    0.8144869804382324,
                    0.9773843288421631
                ],
                [
                    0.9228894710540771,
                    -0.18107204139232635,
                    0.339835524559021,
                    0.40780261158943176
                ],
                [
                    1.4758562372207962e-08,
                    0.882540225982666,
                    0.47023698687553406,
                    0.5642845034599304
                ],
                [
                    0,
                    0,
                    0,
                    1
                ]
            ]
        }
    ]
}