{
    "camera_angle_x": 0.8575560450553894,
    "aabb": [
        [
            -0.35,
            -0.35,
            -0.35
        ],
        [
            0.35,
            0.35,
            0.35
        ]
    ],
    "frames": [
        {
            "file_path": "000.png",
            "transform_matrix": [
                [
                    0.8302801847457886,
                    -0.24343283474445343,
                    0.5013733506202698,
                    0.6016480922698975
                ],
                [
                    0.5573461651802063,
                    0.36264267563819885,
                    -0.7468972206115723,
                    -0.8962767720222473
                ],
                [
                    -4.911311179967015e-08,
                    0.899572491645813,
                    0.436771422624588,
                    0.5241255164146423
                ],
                [
                    0,
                    0,
                    0,
                    1
                ]
            ]
        },
        {
            "file_path": "001.png",
            "transform_matrix": [
                [
                    0.901969313621521,
                    -0.09885897487401962,
                    0.42033109068870544,
                    0.5043972730636597
                ],
                [
                    0.43180009722709656,
                    0.20650233328342438,
                    -0.8780122399330139,
                    -1.0536147356033325
                ],
                [
                    1.9652111049595078e-08,
                    0.9734391570091248,
                    0.22894608974456787,
                    0.2747354507446289
                ],
                [
                    0,
                    0,
                    0,
                    1
                ]
            ]
        },
        {
            "file_path": "002.png",
            "transform_matrix": [
                [
                    -0.9444854855537415,
                    -0.08742186427116394,
                    0.3167101740837097,
                    0.3800521492958069
                ],
                [
                    0.32855427265167236,
                    -0.2513093054294586,
                    0.9104374051094055,
                    1.092524766921997
                ],
                [
                    8.086324498890463e-09,
                    0.9639509916305542,
                    0.2660803198814392,
                    0.31929653882980347
                ],
                [
                    0,
                    0,
                    0,
                    1
                ]
            ]
        },
        {
            "file_path": "003.png",
            "transform_matrix": [
                [
                    0.7016485333442688,
                    -0.02452891878783703,
                    0.7121009826660156,
                    0.8545210957527161
                ],
                [
                    0.7125232815742493,
                    0.02415444515645504,
                    -0.7012327909469604,
                    -0.8414792418479919
                ],
                [
                    -4.5827007966181554e-08,
                    0.9994074702262878,
                    0.03442530333995819,
                    0.041310399770736694
                ],
                [
                    0,
                    0,
                    0,
                    1
                ]
            ]
        },
        {
            "file_path": "004.png",
            "transform_matrix": [
                [
                    -0.13895238935947418,
                    -0.47610756754875183,
                    0.8683398365974426,
                    1.0420076847076416
                ],
                [
                    0.9902991652488708,
                    -0.06680434942245483,
                    0.12183976918458939,
                    0.14620769023895264
                ],
                [
                    -5.021279037009663e-08,
                    0.8768460750579834,
                    0.48077136278152466,
                    0.5769258141517639
                ],
                [
                    0,
                    0,
                    0,
                    1
                ]
            ]
        },
        {
            "file_path": "005.png",
            "transform_matrix": [
                [
                    -0.08948808908462524,
                    0.21229666471481323,
                    -0.9730991721153259,
                    -1.1677190065383911
                ],
                [
                    -0.9959878921508789,
                    -0.01907460018992424,
                    0.08743154257535934,
                    0.10491783171892166
                ],
                [
                    -3.8331172902417165e-08,
                    0.9770190715789795,
                    0.21315184235572815,
                    0.2557821571826935
                ],
                [
                    0,
                    0,
                    0,
                    1
                ]
            ]
        }
    ]
}