{
    "camera_angle_x": 0.8575560450553894,
    "aabb": [
        [
            -0.35,
            -0.35,
            -0.35
        ],
        [
            0.35,
            0.35,
            0.35
        ]
    ],
    "frames": [
        {
            "file_path": "000.png",
            "transform_matrix": [
                [
                    -0.11611634492874146,
                    -0.20899048447608948,
                    0.9709994792938232,
                    1.1651993989944458
                ],
                [
                    0.9932355880737305,
                    -0.024432452395558357,
                    0.11351680010557175,
                    0.1362200528383255
                ],
                [
                    -1.8244691091240384e-08,
                    0.9776123762130737,
                    0.21041381359100342,
                    0.2524966299533844
                ],
                [
                    0,
                    0,
                    0,
                    1
                ]
            ]
        },
        {
            "file_path": "001.png",
            "transform_matrix": [
                [
                    -0.7757865190505981,
                    -0.25548964738845825,
                    0.5769579410552979,
                    0.6923495531082153
                ],
                [
                    0.6309955716133118,
                    -0.3141154646873474,
                    0.7093490958213806,
                    0.8512189388275146
                ],
                [
                    3.121289537943994e-08,
                    0.914361298084259,
                    0.4048992991447449,
                    0.48587915301322937
                ],
                [
                    0,
                    0,
                    0,
                    1
                ]
            ]
        },
        {
            "file_path": "002.png",
            "transform_matrix": [
                [
                    -0.3876101076602936,
                    0.2220001071691513,
                    -0.8946924209594727,
                    -1.073630928993225
                ],
                [
                    -0.9218235015869141,
                    -0.09334705024957657,
                    0.37620192766189575,
                    0.45144230127334595
                ],
                [
                    1.5238075690149344e-08,
                    0.970568060874939,
                    0.24082708358764648,
                    0.28899258375167847
                ],
                [
                    0,
                    0,
                    0,
                    1
                ]
            ]
        },
        {
            "file_path": "003.png",
            "transform_matrix": [
                [
                    -0.02882383018732071,
                    0.06460604071617126,
                    -0.9974945783615112,
                    -1.196993350982666
                ],
                [
                    -0.9995846152305603,
                    -0.0018629939295351505,
                    0.028763476759195328,
                    0.03451632335782051
                ],
                [
                    5.683542880774439e-08,
                    0.9979091882705688,
                    0.06463280320167542,
                    0.07755951583385468
                ],
                [
                    0,
                    0,
                    0,
                    1
                ]
            ]
        },
        {
            "file_path": "004.png",
            "transform_matrix": [
                [
                    0.2584226727485657,
                    -0.42129504680633545,
                    0.8693263530731201,
                    1.0431915521621704
                ],
                [
                    0.9660320281982422,
                    0.11270028352737427,
                    -0.23255310952663422,
                    -0.27906379103660583
                ],
                [
                    7.770076848601093e-08,
                    0.8998940587043762,
                    0.43610870838165283,
                    0.5233306288719177
                ],
                [
                    0,
                    0,
                    0,
                    1
                ]
            ]
        },
        {
            "file_path": "005.png",
            "transform_matrix": [
                [
                    0.9988851547241211,
                    0.015248578041791916,
                    -0.04467553272843361,
                    -0.05361064150929451
                ],
                [
                    -0.04720616713166237,
                    0.32266080379486084,
                    -0.9453367590904236,
                    -1.134404182434082
                ],
                [
                    2.193493608970698e-09,
                    0.9463918805122375,
                    0.32302090525627136,
                    0.38762518763542175
                ],
                [
                    0,
                    0,
                    0,
                    1
                ]
            ]
        }
    ]
}