{
    "camera_angle_x": 0.8575560450553894,
    "aabb": [
        [
            -0.35,
            -0.35,
            -0.35
        ],
        [
            0.35,
            0.35,
            0.35
        ]
    ],
    "frames": [
        {
            "file_path": "000.png",
            "transform_matrix": [
                [
                    -0.9185323119163513,
                    0.029473450034856796,
                    -0.3942458927631378,
                    -0.47309502959251404
                ],
                [
                    -0.3953460454940796,
                    -0.068477563560009,
                    0.9159762263298035,
                    1.0991714000701904
                ],
                [
                    -4.014868437707264e-09,
                    0.9972172379493713,
                    0.07455098628997803,
                    0.08946126699447632
                ],
                [
                    0,
                    0,
                    0,
                    1
                ]
            ]
        },
        {
            "file_path": "001.png",
            "transform_matrix": [
                [
                    0.9421945810317993,
                    -0.013167877681553364,
                    0.334807425737381,
                    0.4017689526081085
                ],
                [
                    0.3350662887096405,
                    0.03702763840556145,
                    -0.9414666891098022,
                    -1.1297600269317627
                ],
                [
                    -3.915173074631184e-09,
                    0.9992274641990662,
                    0.03929935023188591,
                    0.04715918377041817
                ],
                [
                    0,
                    0,
                    0,
                    1
                ]
            ]
        },
        {
            "file_path": "002.png",
            "transform_matrix": [
                [
                    0.2792936861515045,
                    0.2280692160129547,
                    -0.9327269792556763,
                    -1.1192723512649536
                ],
                [
                    -0.9602057933807373,
                    0.06633809208869934,
                    -0.2713010311126709,
                    -0.32556116580963135
                ],
                [
                    -2.4897278905200437e-08,
                    0.9713824391365051,
                    0.23752112686634064,
                    0.28502535820007324
                ],
                [
                    0,
                    0,
                    0,
                    1
                ]
            ]
        },
        {
            "file_path": "003.png",
            "transform_matrix": [
                [
                    -0.3906456232070923,
                    -0.30269119143486023,
                    0.8693526983261108,
                    1.043223261833191
                ],
                [
                    0.9205411672592163,
                    -0.12845160067081451,
                    0.36892300844192505,
                    0.4427076578140259
                ],
                [
                    -8.343883806105623e-09,
                    0.9443930983543396,
                    0.3288187086582184,
                    0.39458250999450684
                ],
                [
                    0,
                    0,
                    0,
                    1
                ]
            ]
        },
        {
            "file_path": "004.png",
            "transform_matrix": [
                [
                    -0.7258130311965942,
                    0.12000772356987,
                    -0.6773431897163391,
                    -0.8128117918968201
                ],
                [
                    -0.6878921985626221,
                    -0.12662331759929657,
                    0.7146824598312378,
                    0.8576189279556274
                ],
                [
                    1.8010020141900895e-08,
                    0.984664797782898,
                    0.1744571030139923,
                    0.20934869349002838
                ],
                [
                    0,
                    0,
                    0,
                    1
                ]
            ]
        },
        {
            "file_path": "005.png",
            "transform_matrix": [
                [
                    0.7444289326667786,
                    0.06902380287647247,
                    -0.6641244292259216,
                    -0.7969493269920349
                ],
                [
                    -0.6677017211914062,
                    0.0769554078578949,
                    -0.7404406666755676,
                    -0.8885287642478943
                ],
                [
                    -1.8726510120359308e-08,
                    0.9946424961090088,
                    0.10337512940168381,
                    0.12405022233724594
                ],
                [
                    0,
                    0,
                    0,
                    1
                ]
            ]
        }
    ]
}