{
    "camera_angle_x": 0.8575560450553894,
    "aabb": [
        [
            -0.35,
            -0.35,
            -0.35
        ],
        [
            0.35,
            0.35,
            0.35
        ]
    ],
    "frames": [
        {
            "file_path": "000.png",
            "transform_matrix": [
                [
                    -0.4653186798095703,
                    -0.3686799705028534,
                    0.8047071695327759,
                    0.9656487107276917
                ],
                [
                    0.8851432800292969,
                    -0.19381462037563324,
                    0.4230335056781769,
                    0.5076401829719543
                ],
                [
                    2.2524346832142328e-08,
                    0.9091265201568604,
                    0.4165201187133789,
                    0.49982404708862305
                ],
                [
                    0,
                    0,
                    0,
                    1
                ]
            ]
        },
        {
            "file_path": "001.png",
            "transform_matrix": [
                [
                    0.9399241805076599,
                    -0.06287355720996857,
                    0.33554357290267944,
                    0.4026523530483246
                ],
                [
                    0.34138333797454834,
                    0.17310859262943268,
                    -0.9238457083702087,
                    -1.1086149215698242
                ],
                [
                    -2.851905556155998e-08,
                    0.9828938841819763,
                    0.18417294323444366,
                    0.22100745141506195
                ],
                [
                    0,
                    0,
                    0,
                    1
                ]
            ]
        },
        {
            "file_path": "002.png",
            "transform_matrix": [
                [
                    -0.2160332202911377,
                    0.3151244819164276,
                    -0.9241354465484619,
                    -1.1089625358581543
                ],
                [
                    -0.9763860702514648,
                    -0.06972382217645645,
                    0.20447231829166412,
                    0.24536682665348053
                ],
                [
                    2.5679241844045464e-08,
                    0.9464857578277588,
                    0.32274574041366577,
                    0.3872950077056885
                ],
                [
                    0,
                    0,
                    0,
                    1
                ]
            ]
        },
        {
            "file_path": "003.png",
            "transform_matrix": [
                [
                    0.9990288615226746,
                    -0.015187550336122513,
                    0.041360799223184586,
                    0.0496329665184021
                ],
                [
                    0.04406106472015381,
                    0.3443584740161896,
                    -0.9378038048744202,
                    -1.1253645420074463
                ],
                [
                    -1.5614952664222415e-09,
                    0.938715398311615,
                    0.34469321370124817,
                    0.4136318266391754
                ],
                [
                    0,
                    0,
                    0,
                    1
                ]
            ]
        },
        {
            "file_path": "004.png",
            "transform_matrix": [
                [
                    -0.6554849147796631,
                    -0.2932277321815491,
                    0.6959578394889832,
                    0.8351494669914246
                ],
                [
                    0.755208432674408,
                    -0.25450778007507324,
                    0.6040580868721008,
                    0.7248696088790894
                ],
                [
                    5.092767452197222e-08,
                    0.921544075012207,
                    0.3882738947868347,
                    0.4659287631511688
                ],
                [
                    0,
                    0,
                    0,
                    1
                ]
            ]
        },
        {
            "file_path": "005.png",
            "transform_matrix": [
                [
                    0.12788458168506622,
                    -0.036134589463472366,
                    0.9911305904388428,
                    1.189356803894043
                ],
                [
                    0.9917891025543213,
                    0.004659262951463461,
                    -0.12779971957206726,
                    -0.15335966646671295
                ],
                [
                    9.109189846867594e-09,
                    0.9993361234664917,
                    0.03643370047211647,
                    0.04372061789035797
                ],
                [
                    0,
                    0,
                    0,
                    1
                ]
            ]
        }
    ]
}