{
    "camera_angle_x": 0.8575560450553894,
    "aabb": [
        [
            -0.35,
            -0.35,
            -0.35
        ],
        [
            0.35,
            0.35,
            0.35
        ]
    ],
    "frames": [
        {
            "file_path": "000.png",
            "transform_matrix": [
                [
                    0.530595600605011,
                    0.33572500944137573,
                    -0.7783039808273315,
                    -0.9339646697044373
                ],
                [
                    -0.8476251363754272,
                    0.21015673875808716,
                    -0.48720213770866394,
                    -0.5846425294876099
                ],
                [
                    -3.3892842310478954e-08,
                    0.9182173013687134,
                    0.39607712626457214,
                    0.4752926826477051
                ],
                [
                    0,
                    0,
                    0,
                    1
                ]
            ]
        },
        {
            "file_path": "001.png",
            "transform_matrix": [
                [
                    0.9932505488395691,
                    0.04535742849111557,
                    -0.10675250738859177,
                    -0.12810301780700684
                ],
                [
                    -0.11598876863718033,
                    0.3884108066558838,
                    -0.9141573309898376,
                    -1.0969889163970947
                ],
                [
                    2.3641288926512516e-09,
                    0.9203693866729736,
                    0.39105018973350525,
                    0.46926018595695496
                ],
                [
                    0,
                    0,
                    0,
                    1
                ]
            ]
        },
        {
            "file_path": "002.png",
            "transform_matrix": [
                [
                    -0.9996391534805298,
                    -0.006018392741680145,
                    0.026180174201726913,
                    0.03141620755195618
                ],
                [
                    0.026863032951951027,
                    -0.2239590883255005,
                    0.9742283225059509,
                    1.1690739393234253
                ],
                [
                    -1.162006046939723e-09,
                    0.9745799899101257,
                    0.22403989732265472,
                    0.2688479721546173
                ],
                [
                    0,
                    0,
                    0,
                    1
                ]
            ]
        },
        {
            "file_path": "003.png",
            "transform_matrix": [
                [
                    -0.5191335678100586,
                    0.18944448232650757,
                    -0.8334334492683411,
                    -1.0001201629638672
                ],
                [
                    -0.8546932339668274,
                    -0.11506707966327667,
                    0.5062205195426941,
                    0.6074645519256592
                ],
                [
                    -8.483933555680778e-09,
                    0.9751259088516235,
                    0.22165195643901825,
                    0.26598241925239563
                ],
                [
                    0,
                    0,
                    0,
                    1
                ]
            ]
        },
        {
            "file_path": "004.png",
            "transform_matrix": [
                [
                    -0.06280918419361115,
                    0.18701352179050446,
                    -0.9803473353385925,
                    -1.1764168739318848
                ],
                [
                    -0.9980255365371704,
                    -0.011769444681704044,
                    0.06169664487242699,
                    0.07403596490621567
                ],
                [
                    -5.566501215525932e-08,
                    0.982286810874939,
                    0.1873835176229477,
                    0.22486010193824768
                ],
                [
                    0,
                    0,
                    0,
                    1
                ]
            ]
        },
        {
            "file_path": "005.png",
            "transform_matrix": [
                [
                    -0.7839178442955017,
                    -0.06953129172325134,
                    0.6169590950012207,
                    0.7403509616851807
                ],
                [
                    0.6208648681640625,
                    -0.0877917930483818,
                    0.7789862751960754,
                    0.9347835183143616
                ],
                [
                    -3.922240310316738e-08,
                    0.9937093257904053,
                    0.11199089139699936,
                    0.13438934087753296
                ],
                [
                    0,
                    0,
                    0,
                    1
                ]
            ]
        }
    ]
}