{
    "camera_angle_x": 0.8575560450553894,
    "aabb": [
        [
            -0.35,
            -0.35,
            -0.35
        ],
        [
            0.35,
            0.35,
            0.35
        ]
    ],
    "frames": [
        {
            "file_path": "000.png",
            "transform_matrix": [
                [
                    0.29784780740737915,
                    -0.05861421674489975,
                    0.952812135219574,
                    1.1433746814727783
                ],
                [
                    0.9546133279800415,
                    0.018288234248757362,
                    -0.2972857654094696,
                    -0.3567429184913635
                ],
                [
                    -4.0074503715459286e-08,
                    0.9981131553649902,
                    0.06140105426311493,
                    0.07368123531341553
                ],
                [
                    0,
                    0,
                    0,
                    1
                ]
            ]
        },
        {
            "file_path": "001.png",
            "transform_matrix": [
                [
                    0.09841883182525635,
                    -0.41839879751205444,
                    0.9029154181480408,
                    1.083498477935791
                ],
                [
                    0.9951451420783997,
                    0.04137922450900078,
                    -0.08929743617773056,
                    -0.10715692490339279
                ],
                [
                    -4.5974800855219655e-08,
                    0.9073203802108765,
                    0.4204399585723877,
                    0.5045280456542969
                ],
                [
                    0,
                    0,
                    0,
                    1
                ]
            ]
        },
        {
            "file_path": "002.png",
            "transform_matrix": [
                [
                    0.9715043902397156,
                    0.030489306896924973,
                    -0.2350524663925171,
                    -0.28206294775009155
                ],
                [
                    -0.23702163994312286,
                    0.12496959418058395,
                    -0.9634331464767456,
                    -1.156119704246521
                ],
                [
                    1.373362668033451e-08,
                    0.9916920065879822,
                    0.12863513827323914,
                    0.15436215698719025
                ],
                [
                    0,
                    0,
                    0,
                    1
                ]
            ]
        },
        {
            "file_path": "003.png",
            "transform_matrix": [
                [
                    0.7977414131164551,
                    0.13511928915977478,
                    -0.5876660943031311,
                    -0.7051993608474731
                ],
                [
                    -0.602999746799469,
                    0.17875665426254272,
                    -0.777455747127533,
                    -0.9329468607902527
                ],
                [
                    -9.476043061340533e-09,
                    0.974571168422699,
                    0.2240784615278244,
                    0.268894225358963
                ],
                [
                    0,
                    0,
                    0,
                    1
                ]
            ]
        },
        {
            "file_path": "004.png",
            "transform_matrix": [
                [
                    0.9764326214790344,
                    0.064167320728302,
                    -0.20606273412704468,
                    -0.24727529287338257
                ],
                [
                    -0.21582236886024475,
                    0.29030850529670715,
                    -0.9322777390480042,
                    -1.118733286857605
                ],
                [
                    8.039412691118741e-09,
                    0.954779326915741,
                    0.29731541872024536,
                    0.3567785918712616
                ],
                [
                    0,
                    0,
                    0,
                    1
                ]
            ]
        },
        {
            "file_path": "005.png",
            "transform_matrix": [
                [
                    -0.08377420902252197,
                    0.32680317759513855,
                    -0.9413721561431885,
                    -1.1296466588974
                ],
                [
                    -0.9964847564697266,
                    -0.027474308386445045,
                    0.07914090156555176,
                    0.09496909379959106
                ],
                [
                    -7.105077770575008e-08,
                    0.9446929693222046,
                    0.32795605063438416,
                    0.39354726672172546
                ],
                [
                    0,
                    0,
                    0,
                    1
                ]
            ]
        }
    ]
}