{
    "camera_angle_x": 0.8575560450553894,
    "aabb": [
        [
            -0.35,
            -0.35,
            -0.35
        ],
        [
            0.35,
            0.35,
            0.35
        ]
    ],
    "frames": [
        {
            "file_path": "000.png",
            "transform_matrix": [
                [
                    0.37250369787216187,
                    0.30214500427246094,
                    -0.8774676322937012,
                    -1.0529611110687256
                ],
                [
                    -0.9280307292938232,
                    0.12127846479415894,
                    -0.35220810770988464,
                    -0.4226497411727905
                ],
                [
                    1.516252723376965e-08,
                    0.9455156922340393,
                    0.325576514005661,
                    0.3906917870044708
                ],
                [
                    0,
                    0,
                    0,
                    1
                ]
            ]
        },
        {
            "file_path": "001.png",
            "transform_matrix": [
                [
                    -0.9932834506034851,
                    -0.03902365267276764,
                    0.10892817378044128,
                    0.1307137906551361
                ],
                [
                    0.11570735275745392,
                    -0.33499640226364136,
                    0.9350879192352295,
                    1.122105360031128
                ],
                [
                    -8.026987963205556e-09,
                    0.941411018371582,
                    0.33726152777671814,
                    0.4047139883041382
                ],
                [
                    0,
                    0,
                    0,
                    1
                ]
            ]
        },
        {
            "file_path": "002.png",
            "transform_matrix": [
                [
                    -0.9697656035423279,
                    -0.08760592341423035,
                    0.22777166962623596,
                    0.27332600951194763
                ],
                [
                    0.24403837323188782,
                    -0.34813055396080017,
                    0.9051245450973511,
                    1.0861494541168213
                ],
                [
                    -1.575552133203928e-09,
                    0.9333436489105225,
                    0.35898420214653015,
                    0.4307810962200165
                ],
                [
                    0,
                    0,
                    0,
                    1
                ]
            ]
        },
        {
            "file_path": "003.png",
            "transform_matrix": [
                [
                    0.5798173546791077,
                    -0.10766282677650452,
                    0.8076017498970032,
                    0.969122052192688
                ],
                [
                    0.8147464990615845,
                    0.07661867141723633,
                    -0.5747327208518982,
                    -0.6896793842315674
                ],
                [
                    -1.4634206735308908e-08,
                    0.9912306666374207,
                    0.13214275240898132,
                    0.15857136249542236
                ],
                [
                    0,
                    0,
                    0,
                    1
                ]
            ]
        },
        {
            "file_path": "004.png",
            "transform_matrix": [
                [
                    -0.6986342072486877,
                    -0.17834068834781647,
                    0.6928960680961609,
                    0.8314753174781799
                ],
                [
                    0.7154791355133057,
                    -0.17414194345474243,
                    0.6765828132629395,
                    0.8118993639945984
                ],
                [
                    -1.9153088004486563e-09,
                    0.9684365391731262,
                    0.24926047027111053,
                    0.2991126775741577
                ],
                [
                    0,
                    0,
                    0,
                    1
                ]
            ]
        },
        {
            "file_path": "005.png",
            "transform_matrix": [
                [
                    -0.5673156380653381,
                    -0.019855020567774773,
                    0.8232611417770386,
                    0.9879133105278015
                ],
                [
                    0.8235005736351013,
                    -0.013678270392119884,
                    0.5671506524085999,
                    0.6805807948112488
                ],
                [
                    -5.9248222328278644e-08,
                    0.9997093677520752,
                    0.024110402911901474,
                    0.028932718560099602
                ],
                [
                    0,
                    0,
                    0,
                    1
                ]
            ]
        }
    ]
}