{
    "camera_angle_x": 0.8575560450553894,
    "aabb": [
        [
            -0.35,
            -0.35,
            -0.35
        ],
        [
            0.35,
            0.35,
            0.35
        ]
    ],
    "frames": [
        {
            "file_path": "000.png",
            "transform_matrix": [
                [
                    -0.47985437512397766,
                    0.18238791823387146,
                    -0.8581810593605042,
                    -1.0298172235488892
                ],
                [
                    -0.8773483633995056,
                    -0.09975477308034897,
                    0.46937096118927,
                    0.5632450580596924
                ],
                [
                    3.010455529306455e-08,
                    0.9781532883644104,
                    0.20788531005382538,
                    0.2494625449180603
                ],
                [
                    0,
                    0,
                    0,
                    1
                ]
            ]
        },
        {
            "file_path": "001.png",
            "transform_matrix": [
                [
                    -0.4349912405014038,
                    0.22278143465518951,
                    -0.8724398612976074,
                    -1.0469276905059814
                ],
                [
                    -0.9004348516464233,
                    -0.10762356966733932,
                    0.4214670658111572,
                    0.5057603716850281
                ],
                [
                    3.514622193279138e-08,
                    0.9689096212387085,
                    0.24741528928279877,
                    0.29689863324165344
                ],
                [
                    0,
                    0,
                    0,
                    1
                ]
            ]
        },
        {
            "file_path": "002.png",
            "transform_matrix": [
                [
                    -0.9820016622543335,
                    0.054253362119197845,
                    -0.1809130162000656,
                    -0.21709562838077545
                ],
                [
                    -0.188872829079628,
                    -0.2820781469345093,
                    0.9406163692474365,
                    1.128739595413208
                ],
                [
                    2.3745876376324304e-09,
                    0.9578562378883362,
                    0.28724804520606995,
                    0.34469762444496155
                ],
                [
                    0,
                    0,
                    0,
                    1
                ]
            ]
        },
        {
            "file_path": "003.png",
            "transform_matrix": [
                [
                    0.6866468787193298,
                    -0.022235121577978134,
                    0.7266510725021362,
                    0.8719812035560608
                ],
                [
                    0.7269911766052246,
                    0.021001188084483147,
                    -0.68632572889328,
                    -0.8235908150672913
                ],
                [
                    -9.060394035032004e-08,
                    0.9995322823524475,
                    0.030585097149014473,
                    0.03670215234160423
                ],
                [
                    0,
                    0,
                    0,
                    1
                ]
            ]
        },
        {
            "file_path": "004.png",
            "transform_matrix": [
                [
                    0.515174150466919,
                    0.021434325724840164,
                    -0.8568174839019775,
                    -1.0281810760498047
                ],
                [
                    -0.8570855259895325,
                    0.012883732095360756,
                    -0.5150130391120911,
                    -0.6180156469345093
                ],
                [
                    6.033970123553445e-08,
                    0.9996872544288635,
                    0.025008410215377808,
                    0.030010098591446877
                ],
                [
                    0,
                    0,
                    0,
                    1
                ]
            ]
        },
        {
            "file_path": "005.png",
            "transform_matrix": [
                [
                    0.7955871224403381,
                    -0.2739737331867218,
                    0.5403513312339783,
                    0.6484216451644897
                ],
                [
                    0.6058392524719238,
                    0.35978183150291443,
                    -0.7095885276794434,
                    -0.8515061736106873
                ],
                [
                    5.172852368673375e-09,
                    0.8919055461883545,
                    0.4522218108177185,
                    0.5426662564277649
                ],
                [
                    0,
                    0,
                    0,
                    1
                ]
            ]
        }
    ]
}