{
    "camera_angle_x": 0.8575560450553894,
    "aabb": [
        [
            -0.35,
            -0.35,
            -0.35
        ],
        [
            0.35,
            0.35,
            0.35
        ]
    ],
    "frames": [
        {
            "file_path": "000.png",
            "transform_matrix": [
                [
                    -0.4617309868335724,
                    -0.22134406864643097,
                    0.858959436416626,
                    1.030751347541809
                ],
                [
                    0.8870200514793396,
                    -0.11521889269351959,
                    0.4471242427825928,
                    0.5365491509437561
                ],
                [
                    5.2645113157723245e-08,
                    0.9683653116226196,
                    0.24953673779964447,
                    0.29944416880607605
                ],
                [
                    0,
                    0,
                    0,
                    1
                ]
            ]
        },
        {
            "file_path": "001.png",
            "transform_matrix": [
                [
                    0.9984309673309326,
                    -0.0023619988933205605,
                    0.055946458131074905,
                    0.06713574379682541
                ],
                [
                    0.05599629878997803,
                    0.04211512953042984,
                    -0.9975423812866211,
                    -1.1970508098602295
                ],
                [
                    1.0382832371647055e-09,
                    0.9991099834442139,
                    0.042181313037872314,
                    0.05061762407422066
                ],
                [
                    0,
                    0,
                    0,
                    1
                ]
            ]
        },
        {
            "file_path": "002.png",
            "transform_matrix": [
                [
                    -0.9553382396697998,
                    0.0003476853889878839,
                    -0.29551512002944946,
                    -0.3546181321144104
                ],
                [
                    -0.2955153286457062,
                    -0.001124112051911652,
                    0.9553374648094177,
                    1.1464048624038696
                ],
                [
                    -2.5693802641058028e-09,
                    0.9999994039535522,
                    0.0011764371301978827,
                    0.0014119686093181372
                ],
                [
                    0,
                    0,
                    0,
                    1
                ]
            ]
        },
        {
            "file_path": "003.png",
            "transform_matrix": [
                [
                    -0.7059121131896973,
                    0.10052138566970825,
                    -0.7011302709579468,
                    -0.8413563370704651
                ],
                [
                    -0.7082995176315308,
                    -0.10018260776996613,
                    0.6987670063972473,
                    0.838520348072052
                ],
                [
                    -1.4922900248848237e-08,
                    0.989878237247467,
                    0.1419193148612976,
                    0.1703031361103058
                ],
                [
                    0,
                    0,
                    0,
                    1
                ]
            ]
        },
        {
            "file_path": "004.png",
            "transform_matrix": [
                [
                    0.6222173571586609,
                    0.36418768763542175,
                    -0.6929739117622375,
                    -0.8315687775611877
                ],
                [
                    -0.7828444838523865,
                    0.28946223855018616,
                    -0.5507867932319641,
                    -0.6609441041946411
                ],
                [
                    1.6272437619591074e-08,
                    0.8851999640464783,
                    0.46521076560020447,
                    0.5582529902458191
                ],
                [
                    0,
                    0,
                    0,
                    1
                ]
            ]
        },
        {
            "file_path": "005.png",
            "transform_matrix": [
                [
                    -0.9840494394302368,
                    -0.06442032754421234,
                    0.1658213585615158,
                    0.19898565113544464
                ],
                [
                    0.1778952032327652,
                    -0.3563491106033325,
                    0.9172614812850952,
                    1.100713849067688
                ],
                [
                    1.1624393003728528e-08,
                    0.932129442691803,
                    0.3621252179145813,
                    0.4345501959323883
                ],
                [
                    0,
                    0,
                    0,
                    1
                ]
            ]
        }
    ]
}