{
    "camera_angle_x": 0.8575560450553894,
    "aabb": [
        [
            -0.35,
            -0.35,
            -0.35
        ],
        [
            0.35,
            0.35,
            0.35
        ]
    ],
    "frames": [
        {
            "file_path": "000.png",
            "transform_matrix": [
                [
                    -0.946264386177063,
                    0.029288414865732193,
                    -0.3220650851726532,
                    -0.38647809624671936
                ],
                [
                    -0.3233940899372101,
                    -0.08569907397031784,
                    0.9423757195472717,
                    1.130850911140442
                ],
                [
                    1.3455146330443313e-08,
                    0.9958904981613159,
                    0.09056565910577774,
                    0.10867889970541
                ],
                [
                    0,
                    0,
                    0,
                    1
                ]
            ]
        },
        {
            "file_path": "001.png",
            "transform_matrix": [
                [
                    0.41835108399391174,
                    -0.1287967562675476,
                    0.8991072177886963,
                    1.0789287090301514
                ],
                [
                    0.9082854390144348,
                    0.05932297185063362,
                    -0.4141237437725067,
                    -0.4969484508037567
                ],
                [
                    2.8503752247388547e-08,
                    0.9898951053619385,
                    0.14180201292037964,
                    0.17016251385211945
                ],
                [
                    0,
                    0,
                    0,
                    1
                ]
            ]
        },
        {
            "file_path": "002.png",
            "transform_matrix": [
                [
                    0.9769536256790161,
                    -0.06172843649983406,
                    0.20433104038238525,
                    0.24519722163677216
                ],
                [
                    0.2134515792131424,
                    0.2825268805027008,
                    -0.9352096319198608,
                    -1.1222515106201172
                ],
                [
                    1.0982343923160443e-08,
                    0.9572712182998657,
                    0.28919169306755066,
                    0.3470301032066345
                ],
                [
                    0,
                    0,
                    0,
                    1
                ]
            ]
        },
        {
            "file_path": "003.png",
            "transform_matrix": [
                [
                    -0.7690122723579407,
                    -0.2524683475494385,
                    0.5872647762298584,
                    0.7047176957130432
                ],
                [
                    0.6392340660095215,
                    -0.3037247955799103,
                    0.7064921259880066,
                    0.8477905988693237
                ],
                [
                    -4.582252088880523e-08,
                    0.9187006950378418,
                    0.3949544131755829,
                    0.47394540905952454
                ],
                [
                    0,
                    0,
                    0,
                    1
                ]
            ]
        },
        {
            "file_path": "004.png",
            "transform_matrix": [
                [
                    -0.04485449567437172,
                    -0.07415784895420074,
                    0.9962372779846191,
                    1.1954847574234009
                ],
                [
                    0.9989935755729675,
                    -0.0033296654000878334,
                    0.04473070800304413,
                    0.053676754236221313
                ],
                [
                    -3.243714985501356e-08,
                    0.9972410202026367,
                    0.07423252612352371,
                    0.08907915651798248
                ],
                [
                    0,
                    0,
                    0,
                    1
                ]
            ]
        },
        {
            "file_path": "005.png",
            "transform_matrix": [
                [
                    -0.9988467693328857,
                    0.019069841131567955,
                    -0.044065967202186584,
                    -0.05287916213274002
                ],
                [
                    -0.0480152927339077,
                    -0.396703839302063,
                    0.9166901111602783,
                    1.100028157234192
                ],
                [
                    -3.9794023631856135e-10,
                    0.9177486896514893,
                    0.3971617817878723,
                    0.4765942394733429
                ],
                [
                    0,
                    0,
                    0,
                    1
                ]
            ]
        }
    ]
}