{
    "camera_angle_x": 0.8575560450553894,
    "aabb": [
        [
            -0.35,
            -0.35,
            -0.35
        ],
        [
            0.35,
            0.35,
            0.35
        ]
    ],
    "frames": [
        {
            "file_path": "000.png",
            "transform_matrix": [
                [
                    -0.9661778807640076,
                    -0.09775463491678238,
                    0.23863041400909424,
                    0.28635650873184204
                ],
                [
                    0.25787678360939026,
                    -0.36625388264656067,
                    0.8940681219100952,
                    1.0728816986083984
                ],
                [
                    1.1566925195438671e-10,
                    0.9253659844398499,
                    0.37907496094703674,
                    0.4548898935317993
                ],
                [
                    0,
                    0,
                    0,
                    1
                ]
            ]
        },
        {
            "file_path": "001.png",
            "transform_matrix": [
                [
                    0.9769300818443298,
                    -0.027842797338962555,
                    0.21173661947250366,
                    0.25408393144607544
                ],
                [
                    0.21355940401554108,
                    0.12736718356609344,
                    -0.9685918092727661,
                    -1.1623101234436035
                ],
                [
                    -8.04853694802432e-09,
                    0.9914648532867432,
                    0.13037492334842682,
                    0.1564500331878662
                ],
                [
                    0,
                    0,
                    0,
                    1
                ]
            ]
        },
        {
            "file_path": "002.png",
            "transform_matrix": [
                [
                    0.9466476440429688,
                    -0.1204635500907898,
                    0.29890939593315125,
                    0.3586912751197815
                ],
                [
                    0.3222705125808716,
                    0.3538534343242645,
                    -0.8780258893966675,
                    -1.053631067276001
                ],
                [
                    3.530647774141471e-09,
                    0.9275107979774475,
                    0.37379637360572815,
                    0.4485556185245514
                ],
                [
                    0,
                    0,
                    0,
                    1
                ]
            ]
        },
        {
            "file_path": "003.png",
            "transform_matrix": [
                [
                    -0.6790971755981445,
                    -0.2934483587741852,
                    0.6728411316871643,
                    0.8074093461036682
                ],
                [
                    0.7340484261512756,
                    -0.27148064970970154,
                    0.6224718689918518,
                    0.7469661831855774
                ],
                [
                    -1.4938571268885426e-08,
                    0.9166167974472046,
                    0.3997669816017151,
                    0.47972047328948975
                ],
                [
                    0,
                    0,
                    0,
                    1
                ]
            ]
        },
        {
            "file_path": "004.png",
            "transform_matrix": [
                [
                    0.9795166850090027,
                    -0.06899487227201462,
                    0.18917381763458252,
                    0.22700853645801544
                ],
                [
                    0.20136292278766632,
                    0.3356208801269531,
                    -0.9202237129211426,
                    -1.1042683124542236
                ],
                [
                    1.5671975717168607e-08,
                    0.9394671320915222,
                    0.3426392674446106,
                    0.41116732358932495
                ],
                [
                    0,
                    0,
                    0,
                    1
                ]
            ]
        },
        {
            "file_path": "005.png",
            "transform_matrix": [
                [
                    -0.33414795994758606,
                    -0.40397465229034424,
                    0.851557195186615,
                    1.0218685865402222
                ],
                [
                    0.9425206780433655,
                    -0.14321942627429962,
                    0.3018990755081177,
                    0.36227890849113464
                ],
                [
                    -5.925758372882228e-08,
                    0.9034891724586487,
                    0.4286108911037445,
                    0.5143332481384277
                ],
                [
                    0,
                    0,
                    0,
                    1
                ]
            ]
        }
    ]
}