{
    "camera_angle_x": 0.8575560450553894,
    "aabb": [
        [
            -0.35,
            -0.35,
            -0.35
        ],
        [
            0.35,
            0.35,
            0.35
        ]
    ],
    "frames": [
        {
            "file_path": "000.png",
            "transform_matrix": [
                [
                    0.6219662427902222,
                    -0.31335440278053284,
                    0.7176121473312378,
                    0.86113440990448
                ],
                [
                    0.783044159412384,
                    0.24889497458934784,
                    -0.5699942708015442,
                    -0.6839929223060608
                ],
                [
                    -1.679180527958124e-08,
                    0.9164391160011292,
                    0.40017446875572205,
                    0.48020970821380615
                ],
                [
                    0,
                    0,
                    0,
                    1
                ]
            ]
        },
        {
            "file_path": "001.png",
            "transform_matrix": [
                [
                    -0.875186562538147,
                    0.03758182376623154,
                    -0.4823238253593445,
                    -0.5787885785102844
                ],
                [
                    -0.4837857484817505,
                    -0.06798701733350754,
                    0.8725417852401733,
                    1.0470502376556396
                ],
                [
                    -2.7833429783186148e-08,
                    0.9969781637191772,
                    0.07768279314041138,
                    0.09321953356266022
                ],
                [
                    0,
                    0,
                    0,
                    1
                ]
            ]
        },
        {
            "file_path": "002.png",
            "transform_matrix": [
                [
                    -0.928823709487915,
                    0.09412150830030441,
                    -0.3583681881427765,
                    -0.4300418198108673
                ],
                [
                    -0.37052208185195923,
                    -0.2359435260295868,
                    0.8983563184738159,
                    1.078027606010437
                ],
                [
                    8.911031912361977e-09,
                    0.9671979546546936,
                    0.2540239691734314,
                    0.3048288822174072
                ],
                [
                    0,
                    0,
                    0,
                    1
                ]
            ]
        },
        {
            "file_path": "003.png",
            "transform_matrix": [
                [
                    -0.9993588328361511,
                    -0.0165071003139019,
                    0.031773943454027176,
                    0.03812873363494873
                ],
                [
                    0.03580597788095474,
                    -0.46071967482566833,
                    0.8868231773376465,
                    1.0641878843307495
                ],
                [
                    5.282845272347458e-10,
                    0.8873922228813171,
                    0.4610152542591095,
                    0.553218424320221
                ],
                [
                    0,
                    0,
                    0,
                    1
                ]
            ]
        },
        {
            "file_path": "004.png",
            "transform_matrix": [
                [
                    -0.9832040071487427,
                    0.027646087110042572,
                    -0.18040481209754944,
                    -0.21648576855659485
                ],
                [
                    -0.1825108379125595,
                    -0.14893223345279694,
                    0.9718586206436157,
                    1.1662302017211914
                ],
                [
                    9.803322598145314e-09,
                    0.9884609580039978,
                    0.15147629380226135,
                    0.18177178502082825
                ],
                [
                    0,
                    0,
                    0,
                    1
                ]
            ]
        },
        {
            "file_path": "005.png",
            "transform_matrix": [
                [
                    0.5642849802970886,
                    -0.004805350210517645,
                    0.8255661129951477,
                    0.9906793832778931
                ],
                [
                    0.8255801200866699,
                    0.0032844962552189827,
                    -0.5642754435539246,
                    -0.6771305799484253
                ],
                [
                    -5.841954830998475e-08,
                    0.9999830722808838,
                    0.005820577032864094,
                    0.006984778679907322
                ],
                [
                    0,
                    0,
                    0,
                    1
                ]
            ]
        }
    ]
}