{
    "camera_angle_x": 0.8575560450553894,
    "aabb": [
        [
            -0.35,
            -0.35,
            -0.35
        ],
        [
            0.35,
            0.35,
            0.35
        ]
    ],
    "frames": [
        {
            "file_path": "000.png",
            "transform_matrix": [
                [
                    -0.9956188797950745,
                    -0.015272917225956917,
                    0.09224953502416611,
                    0.11069942265748978
                ],
                [
                    0.09350528568029404,
                    -0.16262187063694,
                    0.9822479486465454,
                    1.1786974668502808
                ],
                [
                    -6.559052856403014e-09,
                    0.9865702986717224,
                    0.1633373647928238,
                    0.19600504636764526
                ],
                [
                    0,
                    0,
                    0,
                    1
                ]
            ]
        },
        {
            "file_path": "001.png",
            "transform_matrix": [
                [
                    0.9992481470108032,
                    -0.008982204832136631,
                    0.03771551698446274,
                    0.04525860771536827
                ],
                [
                    0.03877035155892372,
                    0.23150277137756348,
                    -0.9720615744590759,
                    -1.166473627090454
                ],
                [
                    4.1051528842928064e-10,
                    0.9727929830551147,
                    0.23167696595191956,
                    0.2780124843120575
                ],
                [
                    0,
                    0,
                    0,
                    1
                ]
            ]
        },
        {
            "file_path": "002.png",
            "transform_matrix": [
                [
                    -0.8350586295127869,
                    -0.02564150094985962,
                    0.5495631098747253,
                    0.6594757437705994
                ],
                [
                    0.5501610040664673,
                    -0.03891981020569801,
                    0.8341511487960815,
                    1.0009814500808716
                ],
                [
                    -1.5906387318409543e-10,
                    0.9989132881164551,
                    0.046607259660959244,
                    0.05592881143093109
                ],
                [
                    0,
                    0,
                    0,
                    1
                ]
            ]
        },
        {
            "file_path": "003.png",
            "transform_matrix": [
                [
                    -0.520695686340332,
                    -0.37855181097984314,
                    0.7652284502983093,
                    0.9182741641998291
                ],
                [
                    0.8537423610687256,
                    -0.23087801039218903,
                    0.4667111933231354,
                    0.5600534677505493
                ],
                [
                    3.469354936669333e-08,
                    0.8963224291801453,
                    0.44340285658836365,
                    0.5320834517478943
                ],
                [
                    0,
                    0,
                    0,
                    1
                ]
            ]
        },
        {
            "file_path": "004.png",
            "transform_matrix": [
                [
                    -0.9423074722290039,
                    0.11217061430215836,
                    -0.3153958022594452,
                    -0.3784749507904053
                ],
                [
                    -0.334748774766922,
                    -0.31575673818588257,
                    0.8878293633460999,
                    1.0653952360153198
                ],
                [
                    2.2936550436725156e-08,
                    0.9421865344047546,
                    0.3350888788700104,
                    0.4021068215370178
                ],
                [
                    0,
                    0,
                    0,
                    1
                ]
            ]
        },
        {
            "file_path": "005.png",
            "transform_matrix": [
                [
                    0.25570884346961975,
                    0.2530927360057831,
                    -0.9330365061759949,
                    -1.1196438074111938
                ],
                [
                    -0.9667538404464722,
                    0.06694365292787552,
                    -0.2467905431985855,
                    -0.29614874720573425
                ],
                [
                    5.8161759852737305e-09,
                    0.9651231169700623,
                    0.2617964446544647,
                    0.3141557574272156
                ],
                [
                    0,
                    0,
                    0,
                    1
                ]
            ]
        }
    ]
}