{
    "camera_angle_x": 0.8575560450553894,
    "aabb": [
        [
            -0.35,
            -0.35,
            -0.35
        ],
        [
            0.35,
            0.35,
            0.35
        ]
    ],
    "frames": [
        {
            "file_path": "000.png",
            "transform_matrix": [
                [
                    0.8148335814476013,
                    0.22175699472427368,
                    -0.5356025695800781,
                    -0.6427229642868042
                ],
                [
                    -0.5796949863433838,
                    0.3117069602012634,
                    -0.7528563141822815,
                    -0.9034274816513062
                ],
                [
                    -3.679378579590775e-08,
                    0.9239386916160583,
                    0.3825407028198242,
                    0.45904913544654846
                ],
                [
                    0,
                    0,
                    0,
                    1
                ]
            ]
        },
        {
            "file_path": "001.png",
            "transform_matrix": [
                [
                    0.4678288400173187,
                    -0.3423547148704529,
                    0.8148186206817627,
                    0.9777824282646179
                ],
                [
                    0.8838191032409668,
                    0.18121744692325592,
                    -0.43130505084991455,
                    -0.5175661444664001
                ],
                [
                    -2.4358861594464543e-08,
                    0.9219292402267456,
                    0.3873583972454071,
                    0.4648300111293793
                ],
                [
                    0,
                    0,
                    0,
                    1
                ]
            ]
        },
        {
            "file_path": "002.png",
            "transform_matrix": [
                [
                    0.9100649356842041,
                    -0.18814320862293243,
                    0.36930203437805176,
                    0.4431624114513397
                ],
                [
                    0.4144657254219055,
                    0.4131161570549011,
                    -0.8108965754508972,
                    -0.9730758666992188
                ],
                [
                    2.1433388397440467e-08,
                    0.8910315632820129,
                    0.4539414346218109,
                    0.5447297692298889
                ],
                [
                    0,
                    0,
                    0,
                    1
                ]
            ]
        },
        {
            "file_path": "003.png",
            "transform_matrix": [
                [
                    0.6181020736694336,
                    -0.33651024103164673,
                    0.7104300856590271,
                    0.8525159955024719
                ],
                [
                    0.7860979437828064,
                    0.26459500193595886,
                    -0.5586052536964417,
                    -0.6703261137008667
                ],
                [
                    -3.439523865722549e-08,
                    0.9037426114082336,
                    0.4280765950679779,
                    0.5136920213699341
                ],
                [
                    0,
                    0,
                    0,
                    1
                ]
            ]
        },
        {
            "file_path": "004.png",
            "transform_matrix": [
                [
                    0.6875206232070923,
                    -0.1068338006734848,
                    0.7182632088661194,
                    0.861915647983551
                ],
                [
                    0.7261648774147034,
                    0.10114821046590805,
                    -0.6800395846366882,
                    -0.8160473704338074
                ],
                [
                    6.183039857887707e-08,
                    0.989118754863739,
                    0.1471203863620758,
                    0.17654483020305634
                ],
                [
                    0,
                    0,
                    0,
                    1
                ]
            ]
        },
        {
            "file_path": "005.png",
            "transform_matrix": [
                [
                    0.7992677688598633,
                    -0.21578149497509003,
                    0.5609005093574524,
                    0.673080563545227
                ],
                [
                    0.6009750366210938,
                    0.28697890043258667,
                    -0.745970606803894,
                    -0.8951647877693176
                ],
                [
                    1.3301885815053538e-08,
                    0.9333174824714661,
                    0.35905227065086365,
                    0.43086281418800354
                ],
                [
                    0,
                    0,
                    0,
                    1
                ]
            ]
        }
    ]
}