{
    "camera_angle_x": 0.8575560450553894,
    "aabb": [
        [
            -0.35,
            -0.35,
            -0.35
        ],
        [
            0.35,
            0.35,
            0.35
        ]
    ],
    "frames": [
        {
            "file_path": "000.png",
            "transform_matrix": [
                [
                    -0.9997102618217468,
                    -0.005761433858424425,
                    0.023376833647489548,
                    0.02805219776928425
                ],
                [
                    0.024076346307992935,
                    -0.23922918736934662,
                    0.9706646800041199,
                    1.1647975444793701
                ],
                [
                    -8.63349336466257e-10,
                    0.9709461331367493,
                    0.23929844796657562,
                    0.28715842962265015
                ],
                [
                    0,
                    0,
                    0,
                    1
                ]
            ]
        },
        {
            "file_path": "001.png",
            "transform_matrix": [
                [
                    0.48156365752220154,
                    0.10705357044935226,
                    -0.8698483109474182,
                    -1.0438179969787598
                ],
                [
                    -0.8764111399650574,
                    0.058822907507419586,
                    -0.4779575765132904,
                    -0.5735490918159485
                ],
                [
                    -1.805052107783922e-08,
                    0.9925116896629333,
                    0.12214988470077515,
                    0.14657998085021973
                ],
                [
                    0,
                    0,
                    0,
                    1
                ]
            ]
        },
        {
            "file_path": "002.png",
            "transform_matrix": [
                [
                    0.9698692560195923,
                    0.054638128727674484,
                    -0.23742008209228516,
                    -0.2849040925502777
                ],
                [
                    -0.24362598359584808,
                    0.2175130397081375,
                    -0.9451637864112854,
                    -1.1341965198516846
                ],
                [
                    -2.185100100859927e-09,
                    0.9745270013809204,
                    0.22427047789096832,
                    0.2691245973110199
                ],
                [
                    0,
                    0,
                    0,
                    1
                ]
            ]
        },
        {
            "file_path": "003.png",
            "transform_matrix": [
                [
                    -0.8926820158958435,
                    -0.07369299232959747,
                    0.44462141394615173,
                    0.5335456728935242
                ],
                [
                    0.45068708062171936,
                    -0.14596474170684814,
                    0.8806676268577576,
                    1.056801199913025
                ],
                [
                    8.996275724371117e-09,
                    0.9865412712097168,
                    0.16351254284381866,
                    0.19621501863002777
                ],
                [
                    0,
                    0,
                    0,
                    1
                ]
            ]
        },
        {
            "file_path": "004.png",
            "transform_matrix": [
                [
                    0.8945602178573608,
                    -0.10276070237159729,
                    0.43497392535209656,
                    0.5219687223434448
                ],
                [
                    0.44694751501083374,
                    0.20567429065704346,
                    -0.8705952167510986,
                    -1.044714331626892
                ],
                [
                    1.5052981083840677e-08,
                    0.973210334777832,
                    0.22991666197776794,
                    0.27590006589889526
                ],
                [
                    0,
                    0,
                    0,
                    1
                ]
            ]
        },
        {
            "file_path": "005.png",
            "transform_matrix": [
                [
                    0.6176674962043762,
                    -0.07657133042812347,
                    0.7827028632164001,
                    0.9392433762550354
                ],
                [
                    0.7864394187927246,
                    0.0601387582719326,
                    -0.6147329807281494,
                    -0.7376794815063477
                ],
                [
                    3.9749323832438677e-08,
                    0.9952489137649536,
                    0.0973644107580185,
                    0.11683759093284607
                ],
                [
                    0,
                    0,
                    0,
                    1
                ]
            ]
        }
    ]
}