{
    "camera_angle_x": 0.8575560450553894,
    "aabb": [
        [
            -0.35,
            -0.35,
            -0.35
        ],
        [
            0.35,
            0.35,
            0.35
        ]
    ],
    "frames": [
        {
            "file_path": "000.png",
            "transform_matrix": [
                [
                    0.4041936695575714,
                    -0.06548912078142166,
                    0.9123259782791138,
                    1.0947911739349365
                ],
                [
                    0.9146734476089478,
                    0.02893948182463646,
                    -0.4031563699245453,
                    -0.4837876558303833
                ],
                [
                    6.841044353222969e-08,
                    0.997433602809906,
                    0.07159828394651413,
                    0.08591814339160919
                ],
                [
                    0,
                    0,
                    0,
                    1
                ]
            ]
        },
        {
            "file_path": "001.png",
            "transform_matrix": [
                [
                    -0.016104813665151596,
                    0.015550747513771057,
                    -0.999749481678009,
                    -1.1996992826461792
                ],
                [
                    -0.9998704195022583,
                    -0.0002505486481823027,
                    0.01610274612903595,
                    0.01932341419160366
                ],
                [
                    4.45190515563354e-08,
                    0.9998791813850403,
                    0.015552643686532974,
                    0.018663333728909492
                ],
                [
                    0,
                    0,
                    0,
                    1
                ]
            ]
        },
        {
            "file_path": "002.png",
            "transform_matrix": [
                [
                    -0.8141716122627258,
                    -0.05673056095838547,
                    0.5778461694717407,
                    0.6934154033660889
                ],
                [
                    0.5806242823600769,
                    -0.07954958081245422,
                    0.8102760910987854,
                    0.9723313450813293
                ],
                [
                    6.824194542787154e-09,
                    0.9952152967453003,
                    0.0977061539888382,
                    0.11724728345870972
                ],
                [
                    0,
                    0,
                    0,
                    1
                ]
            ]
        },
        {
            "file_path": "003.png",
            "transform_matrix": [
                [
                    -0.022761400789022446,
                    -0.24512562155723572,
                    0.9692241549491882,
                    1.1630690097808838
                ],
                [
                    0.9997410178184509,
                    -0.00558085460215807,
                    0.02206655591726303,
                    0.026479819789528847
                ],
                [
                    -5.081128406914104e-08,
                    0.9694753289222717,
                    0.24518905580043793,
                    0.2942269742488861
                ],
                [
                    0,
                    0,
                    0,
                    1
                ]
            ]
        },
        {
            "file_path": "004.png",
            "transform_matrix": [
                [
                    0.9655939936637878,
                    0.1064913272857666,
                    -0.23725052177906036,
                    -0.2847006320953369
                ],
                [
                    -0.26005423069000244,
                    0.39540743827819824,
                    -0.8809226751327515,
                    -1.0571072101593018
                ],
                [
                    -5.8148845738514865e-09,
                    0.9123116731643677,
                    0.40949657559394836,
                    0.49139586091041565
                ],
                [
                    0,
                    0,
                    0,
                    1
                ]
            ]
        },
        {
            "file_path": "005.png",
            "transform_matrix": [
                [
                    0.883811354637146,
                    0.07884274423122406,
                    -0.4611521363258362,
                    -0.5533824563026428
                ],
                [
                    -0.4678434431552887,
                    0.14894302189350128,
                    -0.8711708784103394,
                    -1.0454049110412598
                ],
                [
                    -5.982418116445842e-08,
                    0.9856977462768555,
                    0.16852357983589172,
                    0.2022285759449005
                ],
                [
                    0,
                    0,
                    0,
                    1
                ]
            ]
        }
    ]
}