{
    "camera_angle_x": 0.8575560450553894,
    "aabb": [
        [
            -0.35,
            -0.35,
            -0.35
        ],
        [
            0.35,
            0.35,
            0.35
        ]
    ],
    "frames": [
        {
            "file_path": "000.png",
            "transform_matrix": [
                [
                    -0.9670664072036743,
                    -0.09013647586107254,
                    0.23802971839904785,
                    0.28563565015792847
                ],
                [
                    0.2545245289802551,
                    -0.34247374534606934,
                    0.9043943285942078,
                    1.0852731466293335
                ],
                [
                    3.907754120291429e-10,
                    0.9351937174797058,
                    0.3541366755962372,
                    0.4249641001224518
                ],
                [
                    0,
                    0,
                    0,
                    1
                ]
            ]
        },
        {
            "file_path": "001.png",
            "transform_matrix": [
                [
                    0.48894667625427246,
                    -0.21951255202293396,
                    0.8442424535751343,
                    1.0130910873413086
                ],
                [
                    0.8723136186599731,
                    0.123040571808815,
                    -0.47321227192878723,
                    -0.5678548812866211
                ],
                [
                    -1.3161525203031488e-08,
                    0.9678198099136353,
                    0.251644104719162,
                    0.30197274684906006
                ],
                [
                    0,
                    0,
                    0,
                    1
                ]
            ]
        },
        {
            "file_path": "002.png",
            "transform_matrix": [
                [
                    -0.945765495300293,
                    -0.11557121574878693,
                    0.3035971224308014,
                    0.36431655287742615
                ],
                [
                    0.3248506188392639,
                    -0.33647239208221436,
                    0.8838883638381958,
                    1.0606659650802612
                ],
                [
                    -1.605726929199136e-08,
                    0.9345746636390686,
                    0.355767160654068,
                    0.42692074179649353
                ],
                [
                    0,
                    0,
                    0,
                    1
                ]
            ]
        },
        {
            "file_path": "003.png",
            "transform_matrix": [
                [
                    -0.9835732579231262,
                    -0.08390659838914871,
                    0.1598225235939026,
                    0.19178703427314758
                ],
                [
                    0.18050916492938995,
                    -0.4571971893310547,
                    0.8708542585372925,
                    1.045025110244751
                ],
                [
                    -7.561097525865534e-09,
                    0.8853984475135803,
                    0.4648329019546509,
                    0.5577994585037231
                ],
                [
                    0,
                    0,
                    0,
                    1
                ]
            ]
        },
        {
            "file_path": "004.png",
            "transform_matrix": [
                [
                    0.3075236678123474,
                    0.04573329538106918,
                    -0.9504407644271851,
                    -1.140528917312622
                ],
                [
                    -0.951540470123291,
                    0.014780369587242603,
                    -0.30716827511787415,
                    -0.36860191822052
                ],
                [
                    5.6331078468474516e-08,
                    0.99884432554245,
                    0.048062387853860855,
                    0.057674746960401535
                ],
                [
                    0,
                    0,
                    0,
                    1
                ]
            ]
        },
        {
            "file_path": "005.png",
            "transform_matrix": [
                [
                    -0.901327908039093,
                    -0.10103484243154526,
                    0.4211887717247009,
                    0.5054264664649963
                ],
                [
                    0.4331374168395996,
                    -0.21024619042873383,
                    0.8764636516571045,
                    1.0517563819885254
                ],
                [
                    -3.852077057331371e-08,
                    0.9724137783050537,
                    0.23326271772384644,
                    0.27991533279418945
                ],
                [
                    0,
                    0,
                    0,
                    1
                ]
            ]
        }
    ]
}