{
    "camera_angle_x": 0.8575560450553894,
    "aabb": [
        [
            -0.35,
            -0.35,
            -0.35
        ],
        [
            0.35,
            0.35,
            0.35
        ]
    ],
    "frames": [
        {
            "file_path": "000.png",
            "transform_matrix": [
                [
                    0.1181459128856659,
                    -0.38271889090538025,
                    0.9162793755531311,
                    1.0995352268218994
                ],
                [
                    0.9929962754249573,
                    0.04553559795022011,
                    -0.1090182214975357,
                    -0.1308218240737915
                ],
                [
                    -3.485808619529962e-08,
                    0.9227420091629028,
                    0.38541823625564575,
                    0.4625019431114197
                ],
                [
                    0,
                    0,
                    0,
                    1
                ]
            ]
        },
        {
            "file_path": "001.png",
            "transform_matrix": [
                [
                    0.4813007116317749,
                    0.15673862397670746,
                    -0.8624283671379089,
                    -1.0349140167236328
                ],
                [
                    -0.8765555620193481,
                    0.08606221526861191,
                    -0.47354376316070557,
                    -0.5682525634765625
                ],
                [
                    -7.230705989513808e-08,
                    0.9838833212852478,
                    0.17881189286708832,
                    0.21457436680793762
                ],
                [
                    0,
                    0,
                    0,
                    1
                ]
            ]
        },
        {
            "file_path": "002.png",
            "transform_matrix": [
                [
                    -0.25062087178230286,
                    0.023981407284736633,
                    -0.9677882790565491,
                    -1.1613459587097168
                ],
                [
                    -0.9680853486061096,
                    -0.006208424456417561,
                    0.2505439221858978,
                    0.30065271258354187
                ],
                [
                    -1.4776890822076894e-08,
                    0.9996931552886963,
                    0.02477196976542473,
                    0.029726415872573853
                ],
                [
                    0,
                    0,
                    0,
                    1
                ]
            ]
        },
        {
            "file_path": "003.png",
            "transform_matrix": [
                [
                    0.5411781668663025,
                    0.3922126293182373,
                    -0.743838369846344,
                    -0.8926060199737549
                ],
                [
                    -0.8409079909324646,
                    0.25241389870643616,
                    -0.4787077009677887,
                    -0.5744492411613464
                ],
                [
                    -2.64912678460405e-08,
                    0.8845657110214233,
                    0.4664155840873718,
                    0.5596988201141357
                ],
                [
                    0,
                    0,
                    0,
                    1
                ]
            ]
        },
        {
            "file_path": "004.png",
            "transform_matrix": [
                [
                    0.6816437840461731,
                    0.27605384588241577,
                    -0.6776105761528015,
                    -0.813132643699646
                ],
                [
                    -0.7316842079162598,
                    0.25717416405677795,
                    -0.6312683820724487,
                    -0.75752192735672
                ],
                [
                    -7.013994007820656e-08,
                    0.9260970950126648,
                    0.3772853910923004,
                    0.45274263620376587
                ],
                [
                    0,
                    0,
                    0,
                    1
                ]
            ]
        },
        {
            "file_path": "005.png",
            "transform_matrix": [
                [
                    -0.9778504967689514,
                    0.0674881711602211,
                    -0.1981268674135208,
                    -0.23775222897529602
                ],
                [
                    -0.2093057781457901,
                    -0.3152964115142822,
                    0.925623893737793,
                    1.110748529434204
                ],
                [
                    -5.200067043631407e-09,
                    0.9465906620025635,
                    0.3224380910396576,
                    0.3869257867336273
                ],
                [
                    0,
                    0,
                    0,
                    1
                ]
            ]
        }
    ]
}