{
    "camera_angle_x": 0.8575560450553894,
    "aabb": [
        [
            -0.35,
            -0.35,
            -0.35
        ],
        [
            0.35,
            0.35,
            0.35
        ]
    ],
    "frames": [
        {
            "file_path": "000.png",
            "transform_matrix": [
                [
                    -0.937028169631958,
                    -0.12775467336177826,
                    0.32504919171333313,
                    0.3900590240955353
                ],
                [
                    0.3492538332939148,
                    -0.34275850653648376,
                    0.8720885515213013,
                    1.0465062856674194
                ],
                [
                    -8.870411960515412e-09,
                    0.9306961894035339,
                    0.3657931387424469,
                    0.4389517903327942
                ],
                [
                    0,
                    0,
                    0,
                    1
                ]
            ]
        },
        {
            "file_path": "001.png",
            "transform_matrix": [
                [
                    -0.8683016300201416,
                    -0.08184437453746796,
                    0.4892382323741913,
                    0.5870858430862427
                ],
                [
                    0.4960368573665619,
                    -0.14326676726341248,
                    0.856400728225708,
                    1.0276808738708496
                ],
                [
                    -3.443132357006107e-08,
                    0.9862942099571228,
                    0.1649964451789856,
                    0.1979960948228836
                ],
                [
                    0,
                    0,
                    0,
                    1
                ]
            ]
        },
        {
            "file_path": "002.png",
            "transform_matrix": [
                [
                    0.9015898704528809,
                    -0.14914867281913757,
                    0.40606701374053955,
                    0.4872804284095764
                ],
                [
                    0.43259188532829285,
                    0.31084930896759033,
                    -0.8463078737258911,
                    -1.0155694484710693
                ],
                [
                    2.7239497768505316e-08,
                    0.9386838674545288,
                    0.3447790741920471,
                    0.41373494267463684
                ],
                [
                    0,
                    0,
                    0,
                    1
                ]
            ]
        },
        {
            "file_path": "003.png",
            "transform_matrix": [
                [
                    0.7374131679534912,
                    -0.08363467454910278,
                    0.6702440977096558,
                    0.8042928576469421
                ],
                [
                    0.6754419803619385,
                    0.0913081169128418,
                    -0.7317383885383606,
                    -0.8780860304832458
                ],
                [
                    -4.883742121819523e-08,
                    0.9923044443130493,
                    0.1238221600651741,
                    0.1485867202281952
                ],
                [
                    0,
                    0,
                    0,
                    1
                ]
            ]
        },
        {
            "file_path": "004.png",
            "transform_matrix": [
                [
                    -0.04176715016365051,
                    0.11978110671043396,
                    -0.9919213652610779,
                    -1.1903057098388672
                ],
                [
                    -0.9991273880004883,
                    -0.005007300525903702,
                    0.04146591201424599,
                    0.04975901544094086
                ],
                [
                    -1.3387897013217298e-08,
                    0.9927877187728882,
                    0.11988572031259537,
                    0.14386282861232758
                ],
                [
                    0,
                    0,
                    0,
                    1
                ]
            ]
        },
        {
            "file_path": "005.png",
            "transform_matrix": [
                [
                    -0.05447993054986,
                    0.40328532457351685,
                    -0.913451075553894,
                    -1.0961413383483887
                ],
                [
                    -0.9985148906707764,
                    -0.022003598511219025,
                    0.049838777631521225,
                    0.05980658903717995
                ],
                [
                    4.360913408163469e-08,
                    0.9148097038269043,
                    0.4038851261138916,
                    0.4846622049808502
                ],
                [
                    0,
                    0,
                    0,
                    1
                ]
            ]
        }
    ]
}