{
    "camera_angle_x": 0.8575560450553894,
    "aabb": [
        [
            -0.35,
            -0.35,
            -0.35
        ],
        [
            0.35,
            0.35,
            0.35
        ]
    ],
    "frames": [
        {
            "file_path": "000.png",
            "transform_matrix": [
                [
                    -0.14206022024154663,
                    -0.1781066656112671,
                    0.9737027287483215,
                    1.168443202972412
                ],
                [
                    0.989858090877533,
                    -0.02556118555366993,
                    0.13974162936210632,
                    0.1676899492740631
                ],
                [
                    3.84437335299026e-08,
                    0.9836791753768921,
                    0.17993149161338806,
                    0.21591785550117493
                ],
                [
                    0,
                    0,
                    0,
                    1
                ]
            ]
        },
        {
            "file_path": "001.png",
            "transform_matrix": [
                [
                    0.8426370024681091,
                    -0.15704753994941711,
                    0.5150718092918396,
                    0.6180862188339233
                ],
                [
                    0.5384820103645325,
                    0.2457539290189743,
                    -0.8060038089752197,
                    -0.9672046303749084
                ],
                [
                    -1.2096405654915543e-08,
                    0.9565255641937256,
                    0.29164862632751465,
                    0.34997832775115967
                ],
                [
                    0,
                    0,
                    0,
                    1
                ]
            ]
        },
        {
            "file_path": "002.png",
            "transform_matrix": [
                [
                    0.9839524030685425,
                    -0.007671379018574953,
                    0.17826609313488007,
                    0.21391932666301727
                ],
                [
                    0.17843107879161835,
                    0.04230353608727455,
                    -0.9830425977706909,
                    -1.179651141166687
                ],
                [
                    4.6261385833190616e-09,
                    0.9990753531455994,
                    0.04299347847700119,
                    0.0515921413898468
                ],
                [
                    0,
                    0,
                    0,
                    1
                ]
            ]
        },
        {
            "file_path": "003.png",
            "transform_matrix": [
                [
                    0.7680940628051758,
                    -0.0033379425294697285,
                    0.6403283476829529,
                    0.7683939337730408
                ],
                [
                    0.6403370499610901,
                    0.004003806039690971,
                    -0.7680838108062744,
                    -0.9217004776000977
                ],
                [
                    -4.253933383324693e-08,
                    0.9999865889549255,
                    0.0052126673981547356,
                    0.006255309097468853
                ],
                [
                    0,
                    0,
                    0,
                    1
                ]
            ]
        },
        {
            "file_path": "004.png",
            "transform_matrix": [
                [
                    0.4287974238395691,
                    0.2158368080854416,
                    -0.8772384524345398,
                    -1.0526862144470215
                ],
                [
                    -0.9034006595611572,
                    0.1024465262889862,
                    -0.41637954115867615,
                    -0.49965545535087585
                ],
                [
                    -2.7482869313644187e-09,
                    0.9710402488708496,
                    0.23891592025756836,
                    0.2866990864276886
                ],
                [
                    0,
                    0,
                    0,
                    1
                ]
            ]
        },
        {
            "file_path": "005.png",
            "transform_matrix": [
                [
                    0.40339815616607666,
                    0.2477152794599533,
                    -0.880855917930603,
                    -1.0570271015167236
                ],
                [
                    -0.9150245785713196,
                    0.10920777171850204,
                    -0.38833460211753845,
                    -0.4660015106201172
                ],
                [
                    -4.9843542626604176e-08,
                    0.9626582264900208,
                    0.2707197368144989,
                    0.3248637616634369
                ],
                [
                    0,
                    0,
                    0,
                    1
                ]
            ]
        }
    ]
}