{
    "camera_angle_x": 0.8575560450553894,
    "aabb": [
        [
            -0.35,
            -0.35,
            -0.35
        ],
        [
            0.35,
            0.35,
            0.35
        ]
    ],
    "frames": [
        {
            "file_path": "000.png",
            "transform_matrix": [
                [
                    -0.9256213307380676,
                    -0.09322573244571686,
                    0.36678948998451233,
                    0.44014739990234375
                ],
                [
                    0.37845155596733093,
                    -0.22801277041435242,
                    0.8970980048179626,
                    1.0765174627304077
                ],
                [
                    2.494558160037741e-08,
                    0.969184935092926,
                    0.24633464217185974,
                    0.2956017553806305
                ],
                [
                    0,
                    0,
                    0,
                    1
                ]
            ]
        },
        {
            "file_path": "001.png",
            "transform_matrix": [
                [
                    -0.5152736902236938,
                    0.15124911069869995,
                    -0.8435736894607544,
                    -1.0122884511947632
                ],
                [
                    -0.8570255637168884,
                    -0.09093622863292694,
                    0.5071859955787659,
                    0.608623206615448
                ],
                [
                    -2.5686137661296016e-08,
                    0.984303891658783,
                    0.17648151516914368,
                    0.21177780628204346
                ],
                [
                    0,
                    0,
                    0,
                    1
                ]
            ]
        },
        {
            "file_path": "002.png",
            "transform_matrix": [
                [
                    0.8706766963005066,
                    0.040431033819913864,
                    -0.490191251039505,
                    -0.5882295370101929
                ],
                [
                    -0.49185580015182495,
                    0.07157052308320999,
                    -0.8677300810813904,
                    -1.041276216506958
                ],
                [
                    1.9619179170149437e-08,
                    0.9966157674789429,
                    0.0822010263800621,
                    0.09864116460084915
                ],
                [
                    0,
                    0,
                    0,
                    1
                ]
            ]
        },
        {
            "file_path": "003.png",
            "transform_matrix": [
                [
                    0.7366834878921509,
                    0.328318327665329,
                    -0.5911892056465149,
                    -0.7094269394874573
                ],
                [
                    -0.6762378215789795,
                    0.3576650321483612,
                    -0.6440329551696777,
                    -0.772839367389679
                ],
                [
                    1.1753515494206113e-08,
                    0.8742328882217407,
                    0.485507071018219,
                    0.5826085805892944
                ],
                [
                    0,
                    0,
                    0,
                    1
                ]
            ]
        },
        {
            "file_path": "004.png",
            "transform_matrix": [
                [
                    0.09645606577396393,
                    -0.08611712604761124,
                    0.9916048049926758,
                    1.1899257898330688
                ],
                [
                    0.9953373074531555,
                    0.008345387876033783,
                    -0.09609439969062805,
                    -0.11531320959329605
                ],
                [
                    7.656232980934874e-09,
                    0.9962500929832458,
                    0.08652050793170929,
                    0.10382463037967682
                ],
                [
                    0,
                    0,
                    0,
                    1
                ]
            ]
        },
        {
            "file_path": "005.png",
            "transform_matrix": [
                [
                    0.35879194736480713,
                    -0.3465001881122589,
                    0.8667213916778564,
                    1.0400657653808594
                ],
                [
                    0.9334176182746887,
                    0.13318954408168793,
                    -0.33315494656562805,
                    -0.39978596568107605
                ],
                [
                    -1.607708455253487e-08,
                    0.9285463094711304,
                    0.37121668457984924,
                    0.44546008110046387
                ],
                [
                    0,
                    0,
                    0,
                    1
                ]
            ]
        }
    ]
}