{
    "camera_angle_x": 0.8575560450553894,
    "aabb": [
        [
            -0.35,
            -0.35,
            -0.35
        ],
        [
            0.35,
            0.35,
            0.35
        ]
    ],
    "frames": [
        {
            "file_path": "000.png",
            "transform_matrix": [
                [
                    0.4055997133255005,
                    0.3370719850063324,
                    -0.8496301770210266,
                    -1.0195561647415161
                ],
                [
                    -0.914050817489624,
                    0.14957186579704285,
                    -0.37701377272605896,
                    -0.4524165689945221
                ],
                [
                    1.3462662096230815e-08,
                    0.9295217990875244,
                    0.3687672019004822,
                    0.44252070784568787
                ],
                [
                    0,
                    0,
                    0,
                    1
                ]
            ]
        },
        {
            "file_path": "001.png",
            "transform_matrix": [
                [
                    -0.9986298084259033,
                    -0.017686208710074425,
                    0.049252938479185104,
                    0.059103529900312424
                ],
                [
                    0.05233214795589447,
                    -0.33749762177467346,
                    0.9398705959320068,
                    1.1278448104858398
                ],
                [
                    4.434435041389406e-10,
                    0.941160261631012,
                    0.3379606604576111,
                    0.40555283427238464
                ],
                [
                    0,
                    0,
                    0,
                    1
                ]
            ]
        },
        {
            "file_path": "002.png",
            "transform_matrix": [
                [
                    0.35822927951812744,
                    -0.3118925094604492,
                    0.879997193813324,
                    1.0559965372085571
                ],
                [
                    0.9336337447166443,
                    0.11967108398675919,
                    -0.3376494348049164,
                    -0.4051792025566101
                ],
                [
                    -2.689606048988935e-08,
                    0.9425508975982666,
                    0.33406293392181396,
                    0.40087559819221497
                ],
                [
                    0,
                    0,
                    0,
                    1
                ]
            ]
        },
        {
            "file_path": "003.png",
            "transform_matrix": [
                [
                    0.3525702953338623,
                    0.09005708992481232,
                    -0.9314418435096741,
                    -1.1177302598953247
                ],
                [
                    -0.9357853531837463,
                    0.03393033891916275,
                    -0.35093382000923157,
                    -0.4211205542087555
                ],
                [
                    5.966363403331343e-08,
                    0.9953584671020508,
                    0.0962369292974472,
                    0.1154843270778656
                ],
                [
                    0,
                    0,
                    0,
                    1
                ]
            ]
        },
        {
            "file_path": "004.png",
            "transform_matrix": [
                [
                    -0.634627103805542,
                    -0.3389727771282196,
                    0.694511353969574,
                    0.8334136605262756
                ],
                [
                    0.7728186249732971,
                    -0.27835941314697266,
                    0.5703223347663879,
                    0.6843867301940918
                ],
                [
                    -7.11956005261527e-09,
                    0.8986732363700867,
                    0.4386187791824341,
                    0.5263426899909973
                ],
                [
                    0,
                    0,
                    0,
                    1
                ]
            ]
        },
        {
            "file_path": "005.png",
            "transform_matrix": [
                [
                    -0.17523853480815887,
                    -0.20590662956237793,
                    0.9627532958984375,
                    1.155303955078125
                ],
                [
                    0.9845259785652161,
                    -0.036650002002716064,
                    0.17136314511299133,
                    0.2056356817483902
                ],
                [
                    1.1386261888901572e-07,
                    0.9778850674629211,
                    0.20914293825626373,
                    0.2509714961051941
                ],
                [
                    0,
                    0,
                    0,
                    1
                ]
            ]
        }
    ]
}