{
    "camera_angle_x": 0.8575560450553894,
    "aabb": [
        [
            -0.35,
            -0.35,
            -0.35
        ],
        [
            0.35,
            0.35,
            0.35
        ]
    ],
    "frames": [
        {
            "file_path": "000.png",
            "transform_matrix": [
                [
                    -0.3289189040660858,
                    0.4192986488342285,
                    -0.8461683988571167,
                    -1.0154021978378296
                ],
                [
                    -0.9443581700325012,
                    -0.14604130387306213,
                    0.29471948742866516,
                    0.35366344451904297
                ],
                [
                    -4.454925317531888e-08,
                    0.8960248827934265,
                    0.4440038502216339,
                    0.5328046083450317
                ],
                [
                    0,
                    0,
                    0,
                    1
                ]
            ]
        },
        {
            "file_path": "001.png",
            "transform_matrix": [
                [
                    0.9989230632781982,
                    0.0017506644362583756,
                    -0.04636387526988983,
                    -0.05563664808869362
                ],
                [
                    -0.04639691486954689,
                    0.037691522389650345,
                    -0.9982118010520935,
                    -1.1978541612625122
                ],
                [
                    -6.638526617308571e-09,
                    0.9992879629135132,
                    0.03773215785622597,
                    0.04527876898646355
                ],
                [
                    0,
                    0,
                    0,
                    1
                ]
            ]
        },
        {
            "file_path": "002.png",
            "transform_matrix": [
                [
                    0.7752478122711182,
                    0.09005614370107651,
                    -0.6252045631408691,
                    -0.7502455115318298
                ],
                [
                    -0.6316571831703186,
                    0.11052809655666351,
                    -0.7673282623291016,
                    -0.9207940101623535
                ],
                [
                    3.263410164322522e-08,
                    0.9897845387458801,
                    0.14257128536701202,
                    0.1710854172706604
                ],
                [
                    0,
                    0,
                    0,
                    1
                ]
            ]
        },
        {
            "file_path": "003.png",
            "transform_matrix": [
                [
                    0.9708882570266724,
                    0.024079084396362305,
                    -0.2383194863796234,
                    -0.2859833538532257
                ],
                [
                    -0.23953284323215485,
                    0.09759867191314697,
                    -0.9659703373908997,
                    -1.159164309501648
                ],
                [
                    4.9661306178450104e-09,
                    0.994934618473053,
                    0.1005251333117485,
                    0.12063036113977432
                ],
                [
                    0,
                    0,
                    0,
                    1
                ]
            ]
        },
        {
            "file_path": "004.png",
            "transform_matrix": [
                [
                    0.9097383618354797,
                    -0.19304242730140686,
                    0.36757412552833557,
                    0.4410889446735382
                ],
                [
                    0.4151820242404938,
                    0.422990620136261,
                    -0.8054209351539612,
                    -0.9665051102638245
                ],
                [
                    -1.3760447892252614e-08,
                    0.885332465171814,
                    0.4649585485458374,
                    0.5579503178596497
                ],
                [
                    0,
                    0,
                    0,
                    1
                ]
            ]
        },
        {
            "file_path": "005.png",
            "transform_matrix": [
                [
                    0.1878253072500229,
                    -0.10390693694353104,
                    0.9766908884048462,
                    1.1720290184020996
                ],
                [
                    0.9822025299072266,
                    0.019869906827807426,
                    -0.18677140772342682,
                    -0.2241257131099701
                ],
                [
                    5.806064962143864e-09,
                    0.9943885803222656,
                    0.1057896539568901,
                    0.12694762647151947
                ],
                [
                    0,
                    0,
                    0,
                    1
                ]
            ]
        }
    ]
}