{
    "camera_angle_x": 0.8575560450553894,
    "aabb": [
        [
            -0.35,
            -0.35,
            -0.35
        ],
        [
            0.35,
            0.35,
            0.35
        ]
    ],
    "frames": [
        {
            "file_path": "000.png",
            "transform_matrix": [
                [
                    0.17438094317913055,
                    0.3090936839580536,
                    -0.9349077343940735,
                    -1.1218892335891724
                ],
                [
                    -0.9846782684326172,
                    0.054738715291023254,
                    -0.16556687653064728,
                    -0.19868022203445435
                ],
                [
                    7.234575605252758e-09,
                    0.9494550228118896,
                    0.31390318274497986,
                    0.3766838610172272
                ],
                [
                    0,
                    0,
                    0,
                    1
                ]
            ]
        },
        {
            "file_path": "001.png",
            "transform_matrix": [
                [
                    -0.5742695331573486,
                    0.13417096436023712,
                    -0.8075970411300659,
                    -0.9691163301467896
                ],
                [
                    -0.8186665177345276,
                    -0.09411687403917313,
                    0.5665045380592346,
                    0.6798054575920105
                ],
                [
                    3.723717156844941e-08,
                    0.9864788055419922,
                    0.163889542222023,
                    0.19666777551174164
                ],
                [
                    0,
                    0,
                    0,
                    1
                ]
            ]
        },
        {
            "file_path": "002.png",
            "transform_matrix": [
                [
                    -0.9911857843399048,
                    -0.04710755497217178,
                    0.12382113188505173,
                    0.14858536422252655
                ],
                [
                    0.13247941434383392,
                    -0.3524497449398041,
                    0.9264061450958252,
                    1.111687421798706
                ],
                [
                    -3.26399751671147e-09,
                    0.934644341468811,
                    0.35558393597602844,
                    0.42670077085494995
                ],
                [
                    0,
                    0,
                    0,
                    1
                ]
            ]
        },
        {
            "file_path": "003.png",
            "transform_matrix": [
                [
                    0.23853610455989838,
                    0.4456481337547302,
                    -0.8628431558609009,
                    -1.0354118347167969
                ],
                [
                    -0.9711336493492126,
                    0.1094629243016243,
                    -0.21193714439868927,
                    -0.25432461500167847
                ],
                [
                    -2.967011170085243e-08,
                    0.8884906768798828,
                    0.4588947296142578,
                    0.5506736040115356
                ],
                [
                    0,
                    0,
                    0,
                    1
                ]
            ]
        },
        {
            "file_path": "004.png",
            "transform_matrix": [
                [
                    -0.9003832936286926,
                    -0.20621804893016815,
                    0.38312438130378723,
                    0.4597492516040802
                ],
                [
                    0.43509790301322937,
                    -0.426743745803833,
                    0.792830228805542,
                    0.9513962268829346
                ],
                [
                    6.660372697808725e-09,
                    0.8805475831031799,
                    0.4739578068256378,
                    0.5687494874000549
                ],
                [
                    0,
                    0,
                    0,
                    1
                ]
            ]
        },
        {
            "file_path": "005.png",
            "transform_matrix": [
                [
                    -0.9960928559303284,
                    -0.024062369018793106,
                    0.08497181534767151,
                    0.10196617990732193
                ],
                [
                    0.08831311762332916,
                    -0.27140191197395325,
                    0.9584059119224548,
                    1.1500871181488037
                ],
                [
                    -6.6721597136165656e-09,
                    0.9621652960777283,
                    0.27246642112731934,
                    0.3269598186016083
                ],
                [
                    0,
                    0,
                    0,
                    1
                ]
            ]
        }
    ]
}