{
    "camera_angle_x": 0.8575560450553894,
    "aabb": [
        [
            -0.35,
            -0.35,
            -0.35
        ],
        [
            0.35,
            0.35,
            0.35
        ]
    ],
    "frames": [
        {
            "file_path": "000.png",
            "transform_matrix": [
                [
                    0.7777386903762817,
                    -0.19272714853286743,
                    0.5983132719993591,
                    0.7179759740829468
                ],
                [
                    0.6285877227783203,
                    0.23845726251602173,
                    -0.74028080701828,
                    -0.8883369565010071
                ],
                [
                    1.7082314229810436e-08,
                    0.951837420463562,
                    0.306603342294693,
                    0.36792412400245667
                ],
                [
                    0,
                    0,
                    0,
                    1
                ]
            ]
        },
        {
            "file_path": "001.png",
            "transform_matrix": [
                [
                    0.2879074513912201,
                    -0.2426544576883316,
                    0.9264061450958252,
                    1.111687183380127
                ],
                [
                    0.9576583504676819,
                    0.07295066863298416,
                    -0.27851203083992004,
                    -0.3342145085334778
                ],
                [
                    1.2205055099911988e-07,
                    0.9673661589622498,
                    0.25338298082351685,
                    0.30405980348587036
                ],
                [
                    0,
                    0,
                    0,
                    1
                ]
            ]
        },
        {
            "file_path": "002.png",
            "transform_matrix": [
                [
                    0.924818217754364,
                    -0.05260639637708664,
                    0.3767543435096741,
                    0.45210519433021545
                ],
                [
                    0.3804093599319458,
                    0.12789195775985718,
                    -0.9159326553344727,
                    -1.0991190671920776
                ],
                [
                    3.882869137328271e-09,
                    0.9903920888900757,
                    0.13828876614570618,
                    0.1659468710422516
                ],
                [
                    0,
                    0,
                    0,
                    1
                ]
            ]
        },
        {
            "file_path": "003.png",
            "transform_matrix": [
                [
                    0.03543628379702568,
                    -0.23259051144123077,
                    0.971929132938385,
                    1.1663148403167725
                ],
                [
                    0.999372124671936,
                    0.00824726838618517,
                    -0.034463342279195786,
                    -0.0413559153676033
                ],
                [
                    -7.71209300864939e-08,
                    0.9725399613380432,
                    0.2327365279197693,
                    0.27928388118743896
                ],
                [
                    0,
                    0,
                    0,
                    1
                ]
            ]
        },
        {
            "file_path": "004.png",
            "transform_matrix": [
                [
                    -0.2503981292247772,
                    0.3404817581176758,
                    -0.9062962532043457,
                    -1.0875555276870728
                ],
                [
                    -0.9681429266929626,
                    -0.0880613699555397,
                    0.23440226912498474,
                    0.2812826633453369
                ],
                [
                    -1.316323761102467e-08,
                    0.9361182451248169,
                    0.35168543457984924,
                    0.42202261090278625
                ],
                [
                    0,
                    0,
                    0,
                    1
                ]
            ]
        },
        {
            "file_path": "005.png",
            "transform_matrix": [
                [
                    0.8451846241950989,
                    -0.18000485002994537,
                    0.5032505989074707,
                    0.6039007306098938
                ],
                [
                    0.5344744324684143,
                    0.28464841842651367,
                    -0.795809268951416,
                    -0.9549711346626282
                ],
                [
                    2.9659192435360637e-08,
                    0.9415803551673889,
                    0.33678847551345825,
                    0.4041461646556854
                ],
                [
                    0,
                    0,
                    0,
                    1
                ]
            ]
        }
    ]
}