{
    "camera_angle_x": 0.8575560450553894,
    "aabb": [
        [
            -0.35,
            -0.35,
            -0.35
        ],
        [
            0.35,
            0.35,
            0.35
        ]
    ],
    "frames": [
        {
            "file_path": "000.png",
            "transform_matrix": [
                [
                    0.4762956500053406,
                    -0.1002582237124443,
                    0.8735507130622864,
                    1.0482608079910278
                ],
                [
                    0.8792852759361267,
                    0.054308198392391205,
                    -0.47318944334983826,
                    -0.5678273439407349
                ],
                [
                    7.607222585193085e-08,
                    0.9934782981872559,
                    0.11402227729558945,
                    0.13682697713375092
                ],
                [
                    0,
                    0,
                    0,
                    1
                ]
            ]
        },
        {
            "file_path": "001.png",
            "transform_matrix": [
                [
                    -0.016756277531385422,
                    -0.36248812079429626,
                    0.9318378567695618,
                    1.1182054281234741
                ],
                [
                    0.9998596906661987,
                    -0.006074863951653242,
                    0.015616253949701786,
                    0.018739547580480576
                ],
                [
                    1.7396565965555055e-08,
                    0.9319686889648438,
                    0.3625389337539673,
                    0.4350467324256897
                ],
                [
                    0,
                    0,
                    0,
                    1
                ]
            ]
        },
        {
            "file_path": "002.png",
            "transform_matrix": [
                [
                    0.9413882493972778,
                    0.129390686750412,
                    -0.3115224242210388,
                    -0.37382692098617554
                ],
                [
                    -0.33732500672340393,
                    0.36109647154808044,
                    -0.8693798184394836,
                    -1.0432558059692383
                ],
                [
                    2.104845897576979e-08,
                    0.9235082268714905,
                    0.38357868790626526,
                    0.4602944850921631
                ],
                [
                    0,
                    0,
                    0,
                    1
                ]
            ]
        },
        {
            "file_path": "003.png",
            "transform_matrix": [
                [
                    0.03749958798289299,
                    0.4761583209037781,
                    -0.8785596489906311,
                    -1.0542715787887573
                ],
                [
                    -0.9992966651916504,
                    0.01786832883954048,
                    -0.032968807965517044,
                    -0.03956260532140732
                ],
                [
                    2.9728706607556887e-08,
                    0.8791780471801758,
                    0.4764934778213501,
                    0.5717923641204834
                ],
                [
                    0,
                    0,
                    0,
                    1
                ]
            ]
        },
        {
            "file_path": "004.png",
            "transform_matrix": [
                [
                    0.3058103322982788,
                    -0.041096653789281845,
                    0.9512051343917847,
                    1.1414461135864258
                ],
                [
                    0.9520924687385559,
                    0.013200148940086365,
                    -0.30552536249160767,
                    -0.36663055419921875
                ],
                [
                    -1.6866664509507245e-08,
                    0.999068021774292,
                    0.04316452890634537,
                    0.05179750919342041
                ],
                [
                    0,
                    0,
                    0,
                    1
                ]
            ]
        },
        {
            "file_path": "005.png",
            "transform_matrix": [
                [
                    0.5405659079551697,
                    0.38641223311424255,
                    -0.7473112940788269,
                    -0.8967734575271606
                ],
                [
                    -0.841301679611206,
                    0.2482832819223404,
                    -0.48017388582229614,
                    -0.5762085914611816
                ],
                [
                    -1.2686166428466095e-07,
                    0.8882798552513123,
                    0.459302693605423,
                    0.5511634349822998
                ],
                [
                    0,
                    0,
                    0,
                    1
                ]
            ]
        }
    ]
}