{
    "camera_angle_x": 0.8575560450553894,
    "aabb": [
        [
            -0.35,
            -0.35,
            -0.35
        ],
        [
            0.35,
            0.35,
            0.35
        ]
    ],
    "frames": [
        {
            "file_path": "000.png",
            "transform_matrix": [
                [
                    -0.11438550800085068,
                    -0.43015623092651367,
                    0.8954784870147705,
                    1.0745741128921509
                ],
                [
                    0.9934365153312683,
                    -0.04952871426939964,
                    0.10310646891593933,
                    0.12372781336307526
                ],
                [
                    -4.664582320401678e-08,
                    0.9013948440551758,
                    0.4329981803894043,
                    0.5195978283882141
                ],
                [
                    0,
                    0,
                    0,
                    1
                ]
            ]
        },
        {
            "file_path": "001.png",
            "transform_matrix": [
                [
                    0.40184932947158813,
                    0.38259750604629517,
                    -0.8319473266601562,
                    -0.998336672782898
                ],
                [
                    -0.9157058596611023,
                    0.1678994745016098,
                    -0.3650927245616913,
                    -0.438111275434494
                ],
                [
                    7.0685537423287315e-09,
                    0.9085312485694885,
                    0.41781699657440186,
                    0.5013805031776428
                ],
                [
                    0,
                    0,
                    0,
                    1
                ]
            ]
        },
        {
            "file_path": "002.png",
            "transform_matrix": [
                [
                    0.7542195320129395,
                    -0.2793807089328766,
                    0.5942217707633972,
                    0.7130659222602844
                ],
                [
                    0.6566224694252014,
                    0.32090631127357483,
                    -0.6825440526008606,
                    -0.8190527558326721
                ],
                [
                    -7.827814840766223e-09,
                    0.9049673676490784,
                    0.4254813492298126,
                    0.5105777978897095
                ],
                [
                    0,
                    0,
                    0,
                    1
                ]
            ]
        },
        {
            "file_path": "003.png",
            "transform_matrix": [
                [
                    -0.9480324983596802,
                    -0.14622057974338531,
                    0.28258487582206726,
                    0.3391019105911255
                ],
                [
                    0.31817397475242615,
                    -0.43567952513694763,
                    0.8419910073280334,
                    1.0103892087936401
                ],
                [
                    1.667833515739403e-08,
                    0.8881458640098572,
                    0.45956170558929443,
                    0.5514740943908691
                ],
                [
                    0,
                    0,
                    0,
                    1
                ]
            ]
        },
        {
            "file_path": "004.png",
            "transform_matrix": [
                [
                    -0.4356570541858673,
                    0.11413143575191498,
                    -0.8928478360176086,
                    -1.0714173316955566
                ],
                [
                    -0.9001128673553467,
                    -0.05523993819952011,
                    0.43214064836502075,
                    0.518568754196167
                ],
                [
                    5.507962796968968e-08,
                    0.9919288158416748,
                    0.126796692609787,
                    0.15215621888637543
                ],
                [
                    0,
                    0,
                    0,
                    1
                ]
            ]
        },
        {
            "file_path": "005.png",
            "transform_matrix": [
                [
                    -0.40853336453437805,
                    0.28102433681488037,
                    -0.8684044480323792,
                    -1.0420851707458496
                ],
                [
                    -0.9127436280250549,
                    -0.12578324973583221,
                    0.38868752121925354,
                    0.46642497181892395
                ],
                [
                    5.3038384351111745e-08,
                    0.9514222145080566,
                    0.30788952112197876,
                    0.36946767568588257
                ],
                [
                    0,
                    0,
                    0,
                    1
                ]
            ]
        }
    ]
}