{
    "camera_angle_x": 0.8575560450553894,
    "aabb": [
        [
            -0.35,
            -0.35,
            -0.35
        ],
        [
            0.35,
            0.35,
            0.35
        ]
    ],
    "frames": [
        {
            "file_path": "000.png",
            "transform_matrix": [
                [
                    -0.9061298370361328,
                    -0.05589911714196205,
                    0.41929030418395996,
                    0.5031483173370361
                ],
                [
                    0.4230000972747803,
                    -0.11974437534809113,
                    0.8981828093528748,
                    1.0778193473815918
                ],
                [
                    -6.717332468042514e-09,
                    0.9912299513816833,
                    0.1321491003036499,
                    0.15857917070388794
                ],
                [
                    0,
                    0,
                    0,
                    1
                ]
            ]
        },
        {
            "file_path": "001.png",
            "transform_matrix": [
                [
                    -0.8409789204597473,
                    0.006976187229156494,
                    -0.5410228371620178,
                    -0.649227499961853
                ],
                [
                    -0.5410678386688232,
                    -0.01084312703460455,
                    0.8409090638160706,
                    1.0090909004211426
                ],
                [
                    -5.027573024563026e-08,
                    0.9999168515205383,
                    0.012893466278910637,
                    0.01547195017337799
                ],
                [
                    0,
                    0,
                    0,
                    1
                ]
            ]
        },
        {
            "file_path": "002.png",
            "transform_matrix": [
                [
                    -0.9618693590164185,
                    0.11092626303434372,
                    -0.25000524520874023,
                    -0.30000630021095276
                ],
                [
                    -0.27350914478302,
                    -0.39010241627693176,
                    0.8792114853858948,
                    1.0550538301467896
                ],
                [
                    -6.795350948607393e-09,
                    0.9140653610229492,
                    0.405566930770874,
                    0.4866803288459778
                ],
                [
                    0,
                    0,
                    0,
                    1
                ]
            ]
        },
        {
            "file_path": "003.png",
            "transform_matrix": [
                [
                    -0.9545350670814514,
                    0.13025341928005219,
                    -0.26813632249832153,
                    -0.3217636048793793
                ],
                [
                    -0.2980990409851074,
                    -0.4170810282230377,
                    0.8585922122001648,
                    1.0303106307983398
                ],
                [
                    1.4369210710185598e-08,
                    0.8994874358177185,
                    0.43694671988487244,
                    0.5243360996246338
                ],
                [
                    0,
                    0,
                    0,
                    1
                ]
            ]
        },
        {
            "file_path": "004.png",
            "transform_matrix": [
                [
                    -0.9772309064865112,
                    -0.05510852485895157,
                    0.20489735901355743,
                    0.24587683379650116
                ],
                [
                    0.21217888593673706,
                    -0.2538129389286041,
                    0.9436944127082825,
                    1.132433295249939
                ],
                [
                    -1.188958798081785e-08,
                    0.9656822085380554,
                    0.2597266435623169,
                    0.31167206168174744
                ],
                [
                    0,
                    0,
                    0,
                    1
                ]
            ]
        },
        {
            "file_path": "005.png",
            "transform_matrix": [
                [
                    0.9047315120697021,
                    -0.06831026077270508,
                    0.42046958208084106,
                    0.5045634508132935
                ],
                [
                    0.4259823262691498,
                    0.14508207142353058,
                    -0.8930231928825378,
                    -1.0716277360916138
                ],
                [
                    1.4030291595190647e-08,
                    0.9870588183403015,
                    0.16035927832126617,
                    0.19243134558200836
                ],
                [
                    0,
                    0,
                    0,
                    1
                ]
            ]
        }
    ]
}