{
    "camera_angle_x": 0.8575560450553894,
    "aabb": [
        [
            -0.35,
            -0.35,
            -0.35
        ],
        [
            0.35,
            0.35,
            0.35
        ]
    ],
    "frames": [
        {
            "file_path": "000.png",
            "transform_matrix": [
                [
                    -0.9214982986450195,
                    0.13653801381587982,
                    -0.3635909855365753,
                    -0.43630915880203247
                ],
                [
                    -0.38838258385658264,
                    -0.32395777106285095,
                    0.8626763224601746,
                    1.0352115631103516
                ],
                [
                    5.878856512708808e-09,
                    0.9361671209335327,
                    0.35155540704727173,
                    0.42186668515205383
                ],
                [
                    0,
                    0,
                    0,
                    1
                ]
            ]
        },
        {
            "file_path": "001.png",
            "transform_matrix": [
                [
                    -0.9863874912261963,
                    -0.0797816663980484,
                    0.14378754794597626,
                    0.17254507541656494
                ],
                [
                    0.1644383668899536,
                    -0.47857236862182617,
                    0.8625130653381348,
                    1.0350157022476196
                ],
                [
                    1.1196043203653971e-08,
                    0.874416172504425,
                    0.4851767420768738,
                    0.5822120904922485
                ],
                [
                    0,
                    0,
                    0,
                    1
                ]
            ]
        },
        {
            "file_path": "002.png",
            "transform_matrix": [
                [
                    0.8746159672737122,
                    0.09643090516328812,
                    -0.4751294255256653,
                    -0.5701552033424377
                ],
                [
                    -0.4848163425922394,
                    0.1739625483751297,
                    -0.857140839099884,
                    -1.0285688638687134
                ],
                [
                    -6.254673223793361e-08,
                    0.9800195693969727,
                    0.1989016830921173,
                    0.23868229985237122
                ],
                [
                    0,
                    0,
                    0,
                    1
                ]
            ]
        },
        {
            "file_path": "003.png",
            "transform_matrix": [
                [
                    0.925487220287323,
                    -0.11951813101768494,
                    0.3594284951686859,
                    0.4313141703605652
                ],
                [
                    0.378778874874115,
                    0.2920238673686981,
                    -0.878207802772522,
                    -1.053849220275879
                ],
                [
                    -2.5827658234334194e-08,
                    0.9489140510559082,
                    0.3155352771282196,
                    0.3786424994468689
                ],
                [
                    0,
                    0,
                    0,
                    1
                ]
            ]
        },
        {
            "file_path": "004.png",
            "transform_matrix": [
                [
                    -0.9855101704597473,
                    0.07949843257665634,
                    -0.14983271062374115,
                    -0.17979927361011505
                ],
                [
                    -0.16961675882339478,
                    -0.4619031846523285,
                    0.8705605864524841,
                    1.0446727275848389
                ],
                [
                    -4.494928873555182e-09,
                    0.8833603858947754,
                    0.46869444847106934,
                    0.5624333024024963
                ],
                [
                    0,
                    0,
                    0,
                    1
                ]
            ]
        },
        {
            "file_path": "005.png",
            "transform_matrix": [
                [
                    0.7418911457061768,
                    -0.20437803864479065,
                    0.6386134624481201,
                    0.7663361430168152
                ],
                [
                    0.6705203056335449,
                    0.22613221406936646,
                    -0.706588089466095,
                    -0.8479057550430298
                ],
                [
                    1.10129185770802e-08,
                    0.9524147510528564,
                    0.30480512976646423,
                    0.3657661974430084
                ],
                [
                    0,
                    0,
                    0,
                    1
                ]
            ]
        }
    ]
}