{
    "camera_angle_x": 0.8575560450553894,
    "aabb": [
        [
            -0.35,
            -0.35,
            -0.35
        ],
        [
            0.35,
            0.35,
            0.35
        ]
    ],
    "frames": [
        {
            "file_path": "000.png",
            "transform_matrix": [
                [
                    -0.0969572365283966,
                    -0.3202331066131592,
                    0.9423640370368958,
                    1.130836844444275
                ],
                [
                    0.9952884912490845,
                    -0.031195903196930885,
                    0.09180156141519547,
                    0.11016186326742172
                ],
                [
                    2.9261631340204985e-08,
                    0.9468249678611755,
                    0.3217490613460541,
                    0.3860988914966583
                ],
                [
                    0,
                    0,
                    0,
                    1
                ]
            ]
        },
        {
            "file_path": "001.png",
            "transform_matrix": [
                [
                    0.7033902406692505,
                    -0.08935528993606567,
                    0.7051650881767273,
                    0.8461981415748596
                ],
                [
                    0.7108038663864136,
                    0.08842328935861588,
                    -0.6978102922439575,
                    -0.8373723030090332
                ],
                [
                    3.293149930527761e-08,
                    0.9920669794082642,
                    0.1257101595401764,
                    0.15085220336914062
                ],
                [
                    0,
                    0,
                    0,
                    1
                ]
            ]
        },
        {
            "file_path": "002.png",
            "transform_matrix": [
                [
                    -0.9908559322357178,
                    -0.04619387909770012,
                    0.12677083909511566,
                    0.1521250307559967
                ],
                [
                    0.13492487370967865,
                    -0.339236855506897,
                    0.9309746623039246,
                    1.1171696186065674
                ],
                [
                    5.392440272089516e-09,
                    0.9395661950111389,
                    0.34236741065979004,
                    0.41084086894989014
                ],
                [
                    0,
                    0,
                    0,
                    1
                ]
            ]
        },
        {
            "file_path": "003.png",
            "transform_matrix": [
                [
                    -0.2834157645702362,
                    0.3217526078224182,
                    -0.9034106731414795,
                    -1.0840927362442017
                ],
                [
                    -0.9589971899986267,
                    -0.0950886607170105,
                    0.26698803901672363,
                    0.32038572430610657
                ],
                [
                    3.5452394797630404e-08,
                    0.9420368671417236,
                    0.33550941944122314,
                    0.40261131525039673
                ],
                [
                    0,
                    0,
                    0,
                    1
                ]
            ]
        },
        {
            "file_path": "004.png",
            "transform_matrix": [
                [
                    0.973669707775116,
                    0.04489870369434357,
                    -0.22349804639816284,
                    -0.2681976556777954
                ],
                [
                    -0.22796331346035004,
                    0.19176991283893585,
                    -0.9545978307723999,
                    -1.1455174684524536
                ],
                [
                    4.190401803327859e-09,
                    0.9804123640060425,
                    0.1969558149576187,
                    0.23634697496891022
                ],
                [
                    0,
                    0,
                    0,
                    1
                ]
            ]
        },
        {
            "file_path": "005.png",
            "transform_matrix": [
                [
                    0.8603547811508179,
                    -0.13487155735492706,
                    0.4915274977684021,
                    0.5898329615592957
                ],
                [
                    0.5096955895423889,
                    0.2276601642370224,
                    -0.8296874165534973,
                    -0.9956249594688416
                ],
                [
                    8.021721953355154e-09,
                    0.9643549919128418,
                    0.26461195945739746,
                    0.317534476518631
                ],
                [
                    0,
                    0,
                    0,
                    1
                ]
            ]
        }
    ]
}