{
    "camera_angle_x": 0.8575560450553894,
    "aabb": [
        [
            -0.35,
            -0.35,
            -0.35
        ],
        [
            0.35,
            0.35,
            0.35
        ]
    ],
    "frames": [
        {
            "file_path": "000.png",
            "transform_matrix": [
                [
                    -0.012574270367622375,
                    -0.05263810232281685,
                    0.9985344409942627,
                    1.1982414722442627
                ],
                [
                    0.9999208450317383,
                    -0.000661735946778208,
                    0.012556911446154118,
                    0.015068301931023598
                ],
                [
                    -1.374582581092909e-07,
                    0.9986133575439453,
                    0.0526423305273056,
                    0.06317082047462463
                ],
                [
                    0,
                    0,
                    0,
                    1
                ]
            ]
        },
        {
            "file_path": "001.png",
            "transform_matrix": [
                [
                    0.42670997977256775,
                    0.26205286383628845,
                    -0.865590512752533,
                    -1.0387085676193237
                ],
                [
                    -0.9043885469436646,
                    0.12364205718040466,
                    -0.40840432047843933,
                    -0.4900851249694824
                ],
                [
                    -6.954897457944753e-08,
                    0.9571003317832947,
                    0.2897568643093109,
                    0.34770843386650085
                ],
                [
                    0,
                    0,
                    0,
                    1
                ]
            ]
        },
        {
            "file_path": "002.png",
            "transform_matrix": [
                [
                    -0.8617836833000183,
                    0.20119516551494598,
                    -0.46567073464393616,
                    -0.5588048696517944
                ],
                [
                    -0.5072757601737976,
                    -0.34179964661598206,
                    0.7911031246185303,
                    0.949323832988739
                ],
                [
                    7.374048038855108e-09,
                    0.9179832935333252,
                    0.39661890268325806,
                    0.4759427309036255
                ],
                [
                    0,
                    0,
                    0,
                    1
                ]
            ]
        },
        {
            "file_path": "003.png",
            "transform_matrix": [
                [
                    -0.96160489320755,
                    0.09542882442474365,
                    -0.2573123872280121,
                    -0.3087748885154724
                ],
                [
                    -0.27443820238113403,
                    -0.3343733847141266,
                    0.9015976786613464,
                    1.0819171667099
                ],
                [
                    1.1875717298437394e-08,
                    0.9375969171524048,
                    0.34772416949272156,
                    0.41726920008659363
                ],
                [
                    0,
                    0,
                    0,
                    1
                ]
            ]
        },
        {
            "file_path": "004.png",
            "transform_matrix": [
                [
                    0.8404590487480164,
                    0.02879343554377556,
                    -0.541109561920166,
                    -0.6493315100669861
                ],
                [
                    -0.5418750643730164,
                    0.04465916007757187,
                    -0.8392717242240906,
                    -1.0071260929107666
                ],
                [
                    5.0942858820235415e-09,
                    0.9985873103141785,
                    0.05313663184642792,
                    0.0637640431523323
                ],
                [
                    0,
                    0,
                    0,
                    1
                ]
            ]
        },
        {
            "file_path": "005.png",
            "transform_matrix": [
                [
                    0.46116870641708374,
                    -0.24122780561447144,
                    0.8538926243782043,
                    1.0246710777282715
                ],
                [
                    0.8873124718666077,
                    0.12537485361099243,
                    -0.44379922747612,
                    -0.5325590968132019
                ],
                [
                    2.740081583851861e-08,
                    0.9623358845710754,
                    0.2718633711338043,
                    0.32623615860939026
                ],
                [
                    0,
                    0,
                    0,
                    1
                ]
            ]
        }
    ]
}