{
    "camera_angle_x": 0.8575560450553894,
    "aabb": [
        [
            -0.35,
            -0.35,
            -0.35
        ],
        [
            0.35,
            0.35,
            0.35
        ]
    ],
    "frames": [
        {
            "file_path": "000.png",
            "transform_matrix": [
                [
                    0.9447775483131409,
                    0.16156163811683655,
                    -0.2851197421550751,
                    -0.342143714427948
                ],
                [
                    -0.32771241664886475,
                    0.46577367186546326,
                    -0.8219850659370422,
                    -0.9863820672035217
                ],
                [
                    -2.3739623600249615e-09,
                    0.8700302839279175,
                    0.49299824237823486,
                    0.5915979743003845
                ],
                [
                    0,
                    0,
                    0,
                    1
                ]
            ]
        },
        {
            "file_path": "001.png",
            "transform_matrix": [
                [
                    0.459842711687088,
                    0.06263009458780289,
                    -0.8857890963554382,
                    -1.0629467964172363
                ],
                [
                    -0.88800048828125,
                    0.032432179898023605,
                    -0.45869770646095276,
                    -0.5504372119903564
                ],
                [
                    -9.142362955572025e-08,
                    0.9975098371505737,
                    0.07052917778491974,
                    0.08463530987501144
                ],
                [
                    0,
                    0,
                    0,
                    1
                ]
            ]
        },
        {
            "file_path": "002.png",
            "transform_matrix": [
                [
                    -0.7003297805786133,
                    0.3510640859603882,
                    -0.6215240359306335,
                    -0.7458288073539734
                ],
                [
                    -0.7138193845748901,
                    -0.34442970156669617,
                    0.609778642654419,
                    0.7317343950271606
                ],
                [
                    1.1673336075546104e-08,
                    0.8707020282745361,
                    0.4918108284473419,
                    0.590173065662384
                ],
                [
                    0,
                    0,
                    0,
                    1
                ]
            ]
        },
        {
            "file_path": "003.png",
            "transform_matrix": [
                [
                    -0.20152311027050018,
                    0.4329201579093933,
                    -0.8786174058914185,
                    -1.0543409585952759
                ],
                [
                    -0.9794837236404419,
                    -0.08907084912061691,
                    0.18077042698860168,
                    0.2169245034456253
                ],
                [
                    -3.513946111866062e-08,
                    0.8970208764076233,
                    0.44198811054229736,
                    0.5303857326507568
                ],
                [
                    0,
                    0,
                    0,
                    1
                ]
            ]
        },
        {
            "file_path": "004.png",
            "transform_matrix": [
                [
                    0.03181787207722664,
                    0.06367147713899612,
                    -0.9974635243415833,
                    -1.1969563961029053
                ],
                [
                    -0.9994936585426331,
                    0.002026796108111739,
                    -0.03175320476293564,
                    -0.038103990256786346
                ],
                [
                    -1.658758321809728e-07,
                    0.9979687929153442,
                    0.06370377540588379,
                    0.07644447684288025
                ],
                [
                    0,
                    0,
                    0,
                    1
                ]
            ]
        },
        {
            "file_path": "005.png",
            "transform_matrix": [
                [
                    0.35006436705589294,
                    0.4225553870201111,
                    -0.8360036015510559,
                    -1.0032042264938354
                ],
                [
                    -0.9367256760597229,
                    0.15791328251361847,
                    -0.31242355704307556,
                    -0.3749082684516907
                ],
                [
                    -1.2668758131439972e-07,
                    0.892474353313446,
                    0.45109823346138,
                    0.5413179993629456
                ],
                [
                    0,
                    0,
                    0,
                    1
                ]
            ]
        }
    ]
}