{
    "camera_angle_x": 0.8575560450553894,
    "aabb": [
        [
            -0.35,
            -0.35,
            -0.35
        ],
        [
            0.35,
            0.35,
            0.35
        ]
    ],
    "frames": [
        {
            "file_path": "000.png",
            "transform_matrix": [
                [
                    -0.47044533491134644,
                    -0.18867287039756775,
                    0.8620232343673706,
                    1.0344277620315552
                ],
                [
                    0.882429301738739,
                    -0.10058637708425522,
                    0.45956623554229736,
                    0.5514794588088989
                ],
                [
                    2.630740070230786e-08,
                    0.9768751859664917,
                    0.21381066739559174,
                    0.2565728724002838
                ],
                [
                    0,
                    0,
                    0,
                    1
                ]
            ]
        },
        {
            "file_path": "001.png",
            "transform_matrix": [
                [
                    0.6710520386695862,
                    -0.1850723922252655,
                    0.7179397344589233,
                    0.8615275621414185
                ],
                [
                    0.7414103150367737,
                    0.1675093173980713,
                    -0.649808943271637,
                    -0.7797706127166748
                ],
                [
                    -2.121142017585953e-08,
                    0.9683434963226318,
                    0.24962198734283447,
                    0.29954656958580017
                ],
                [
                    0,
                    0,
                    0,
                    1
                ]
            ]
        },
        {
            "file_path": "002.png",
            "transform_matrix": [
                [
                    0.9325141906738281,
                    0.1606627106666565,
                    -0.32342657446861267,
                    -0.3881119191646576
                ],
                [
                    -0.36113330721855164,
                    0.41486141085624695,
                    -0.8351483941078186,
                    -1.0021780729293823
                ],
                [
                    5.954793103057909e-09,
                    0.8955878019332886,
                    0.4448848068714142,
                    0.5338618159294128
                ],
                [
                    0,
                    0,
                    0,
                    1
                ]
            ]
        },
        {
            "file_path": "003.png",
            "transform_matrix": [
                [
                    0.9957575798034668,
                    0.004385737702250481,
                    -0.09191092103719711,
                    -0.11029309034347534
                ],
                [
                    -0.09201549738645554,
                    0.04746071249246597,
                    -0.9946259260177612,
                    -1.1935510635375977
                ],
                [
                    -4.591644842122378e-09,
                    0.9988635182380676,
                    0.047662921249866486,
                    0.05719572305679321
                ],
                [
                    0,
                    0,
                    0,
                    1
                ]
            ]
        },
        {
            "file_path": "004.png",
            "transform_matrix": [
                [
                    -0.9797651767730713,
                    -0.07825080305337906,
                    0.18422076106071472,
                    0.22106491029262543
                ],
                [
                    0.20015114545822144,
                    -0.38304761052131653,
                    0.9017839431762695,
                    1.0821406841278076
                ],
                [
                    -4.417405108370076e-09,
                    0.9204083681106567,
                    0.3909584879875183,
                    0.46915027499198914
                ],
                [
                    0,
                    0,
                    0,
                    1
                ]
            ]
        },
        {
            "file_path": "005.png",
            "transform_matrix": [
                [
                    -0.2577930688858032,
                    0.060634877532720566,
                    -0.9642957448959351,
                    -1.15715491771698
                ],
                [
                    -0.9662002325057983,
                    -0.016178112477064133,
                    0.25728487968444824,
                    0.3087419271469116
                ],
                [
                    -3.939511827866227e-09,
                    0.9980289340019226,
                    0.06275597959756851,
                    0.0753072053194046
                ],
                [
                    0,
                    0,
                    0,
                    1
                ]
            ]
        }
    ]
}