{
    "camera_angle_x": 0.8575560450553894,
    "aabb": [
        [
            -0.35,
            -0.35,
            -0.35
        ],
        [
            0.35,
            0.35,
            0.35
        ]
    ],
    "frames": [
        {
            "file_path": "000.png",
            "transform_matrix": [
                [
                    0.5443130731582642,
                    -0.41581934690475464,
                    0.7285723090171814,
                    0.8742867112159729
                ],
                [
                    0.8388822078704834,
                    0.2698064148426056,
                    -0.4727380573749542,
                    -0.5672855973243713
                ],
                [
                    7.452047157130437e-08,
                    0.8685038089752197,
                    0.4956825375556946,
                    0.594819188117981
                ],
                [
                    0,
                    0,
                    0,
                    1
                ]
            ]
        },
        {
            "file_path": "001.png",
            "transform_matrix": [
                [
                    -0.7306877970695496,
                    0.323259174823761,
                    -0.6013309359550476,
                    -0.7215971946716309
                ],
                [
                    -0.6827117800712585,
                    -0.34597548842430115,
                    0.6435880661010742,
                    0.7723056674003601
                ],
                [
                    -3.180114305223469e-08,
                    0.8807976245880127,
                    0.47349292039871216,
                    0.5681914687156677
                ],
                [
                    0,
                    0,
                    0,
                    1
                ]
            ]
        },
        {
            "file_path": "002.png",
            "transform_matrix": [
                [
                    -0.9517733454704285,
                    -0.05060235783457756,
                    0.30260032415390015,
                    0.3631204068660736
                ],
                [
                    0.3068021535873413,
                    -0.15698057413101196,
                    0.9387382864952087,
                    1.1264859437942505
                ],
                [
                    2.8709523647307833e-09,
                    0.9863044619560242,
                    0.16493482887744904,
                    0.19792179763317108
                ],
                [
                    0,
                    0,
                    0,
                    1
                ]
            ]
        },
        {
            "file_path": "003.png",
            "transform_matrix": [
                [
                    0.8418861627578735,
                    0.24800607562065125,
                    -0.4792918562889099,
                    -0.5751503109931946
                ],
                [
                    -0.5396551489830017,
                    0.3869006037712097,
                    -0.7477166652679443,
                    -0.8972601294517517
                ],
                [
                    2.3106437652131717e-08,
                    0.8881446719169617,
                    0.4595640301704407,
                    0.5514767169952393
                ],
                [
                    0,
                    0,
                    0,
                    1
                ]
            ]
        },
        {
            "file_path": "004.png",
            "transform_matrix": [
                [
                    0.7244214415550232,
                    0.17537304759025574,
                    -0.6666767597198486,
                    -0.8000122308731079
                ],
                [
                    -0.6893573999404907,
                    0.1842934489250183,
                    -0.7005870938301086,
                    -0.8407045602798462
                ],
                [
                    4.431168321161749e-08,
                    0.9670988321304321,
                    0.2544008195400238,
                    0.3052808940410614
                ],
                [
                    0,
                    0,
                    0,
                    1
                ]
            ]
        },
        {
            "file_path": "005.png",
            "transform_matrix": [
                [
                    -0.9943162202835083,
                    -0.03754609450697899,
                    0.09962847828865051,
                    0.11955416947603226
                ],
                [
                    0.10646850615739822,
                    -0.35064542293548584,
                    0.9304366707801819,
                    1.1165239810943604
                ],
                [
                    -8.124247941054819e-10,
                    0.9357554316520691,
                    0.3526497483253479,
                    0.42317983508110046
                ],
                [
                    0,
                    0,
                    0,
                    1
                ]
            ]
        }
    ]
}