{
    "camera_angle_x": 0.8575560450553894,
    "aabb": [
        [
            -0.35,
            -0.35,
            -0.35
        ],
        [
            0.35,
            0.35,
            0.35
        ]
    ],
    "frames": [
        {
            "file_path": "000.png",
            "transform_matrix": [
                [
                    -0.7813056707382202,
                    0.010412211529910564,
                    -0.6240620017051697,
                    -0.7488743662834167
                ],
                [
                    -0.6241488456726074,
                    -0.013034000061452389,
                    0.7811968922615051,
                    0.9374361634254456
                ],
                [
                    2.4348183913502908e-08,
                    0.999860942363739,
                    0.016682131215929985,
                    0.020018845796585083
                ],
                [
                    0,
                    0,
                    0,
                    1
                ]
            ]
        },
        {
            "file_path": "001.png",
            "transform_matrix": [
                [
                    -0.0717499628663063,
                    -0.33840009570121765,
                    0.9382630586624146,
                    1.12591552734375
                ],
                [
                    0.9974227547645569,
                    -0.02434290386736393,
                    0.0674942284822464,
                    0.0809931680560112
                ],
                [
                    -1.0345665657496284e-07,
                    0.9406875371932983,
                    0.33927440643310547,
                    0.4071293771266937
                ],
                [
                    0,
                    0,
                    0,
                    1
                ]
            ]
        },
        {
            "file_path": "002.png",
            "transform_matrix": [
                [
                    0.18542855978012085,
                    -0.41208261251449585,
                    0.8920786380767822,
                    1.070494294166565
                ],
                [
                    0.9826578497886658,
                    0.07776030898094177,
                    -0.16833628714084625,
                    -0.2020036280155182
                ],
                [
                    5.5209525839927664e-08,
                    0.9078223705291748,
                    0.4193550944328308,
                    0.5032262206077576
                ],
                [
                    0,
                    0,
                    0,
                    1
                ]
            ]
        },
        {
            "file_path": "003.png",
            "transform_matrix": [
                [
                    0.5029688477516174,
                    -0.08768738061189651,
                    0.859844982624054,
                    1.0318138599395752
                ],
                [
                    0.8643046021461487,
                    0.051028162240982056,
                    -0.5003737211227417,
                    -0.600448489189148
                ],
                [
                    7.699722459619807e-08,
                    0.9948403239250183,
                    0.10145413130521774,
                    0.121745266020298
                ],
                [
                    0,
                    0,
                    0,
                    1
                ]
            ]
        },
        {
            "file_path": "004.png",
            "transform_matrix": [
                [
                    -0.7806880474090576,
                    0.051080651581287384,
                    -0.6228298544883728,
                    -0.7473958730697632
                ],
                [
                    -0.6249210238456726,
                    -0.06381309032440186,
                    0.778075635433197,
                    0.9336907267570496
                ],
                [
                    -6.475892888602175e-08,
                    0.9966537952423096,
                    0.08173941820859909,
                    0.09808725863695145
                ],
                [
                    0,
                    0,
                    0,
                    1
                ]
            ]
        },
        {
            "file_path": "005.png",
            "transform_matrix": [
                [
                    0.9551161527633667,
                    -0.12685123085975647,
                    0.2676973342895508,
                    0.32123681902885437
                ],
                [
                    0.2962315082550049,
                    0.4089965224266052,
                    -0.8631157875061035,
                    -1.0357389450073242
                ],
                [
                    -2.289812783828893e-09,
                    0.9036762118339539,
                    0.42821651697158813,
                    0.5138598680496216
                ],
                [
                    0,
                    0,
                    0,
                    1
                ]
            ]
        }
    ]
}