{
    "camera_angle_x": 0.8575560450553894,
    "aabb": [
        [
            -0.35,
            -0.35,
            -0.35
        ],
        [
            0.35,
            0.35,
            0.35
        ]
    ],
    "frames": [
        {
            "file_path": "000.png",
            "transform_matrix": [
                [
                    0.7501981258392334,
                    0.18032149970531464,
                    -0.6361501216888428,
                    -0.7633801102638245
                ],
                [
                    -0.6612131595611572,
                    0.2045888602733612,
                    -0.7217621803283691,
                    -0.8661145567893982
                ],
                [
                    1.1307569991458877e-08,
                    0.9620954394340515,
                    0.2727130949497223,
                    0.3272557854652405
                ],
                [
                    0,
                    0,
                    0,
                    1
                ]
            ]
        },
        {
            "file_path": "001.png",
            "transform_matrix": [
                [
                    0.7703222632408142,
                    -0.007649255450814962,
                    0.6376088857650757,
                    0.7651306986808777
                ],
                [
                    0.6376547813415527,
                    0.00924069806933403,
                    -0.7702668905258179,
                    -0.9243202209472656
                ],
                [
                    -7.837959614676038e-09,
                    0.9999280571937561,
                    0.011995891109108925,
                    0.014395033940672874
                ],
                [
                    0,
                    0,
                    0,
                    1
                ]
            ]
        },
        {
            "file_path": "002.png",
            "transform_matrix": [
                [
                    -0.8292025327682495,
                    -0.2216295748949051,
                    0.513131320476532,
                    0.6157575249671936
                ],
                [
                    0.5589484572410583,
                    -0.32878848910331726,
                    0.7612324953079224,
                    0.9134789705276489
                ],
                [
                    -1.1966148960596001e-08,
                    0.91802978515625,
                    0.39651158452033997,
                    0.47581395506858826
                ],
                [
                    0,
                    0,
                    0,
                    1
                ]
            ]
        },
        {
            "file_path": "003.png",
            "transform_matrix": [
                [
                    -0.5061013698577881,
                    0.28676560521125793,
                    -0.8134045004844666,
                    -0.9760854244232178
                ],
                [
                    -0.8624740242958069,
                    -0.1682746857404709,
                    0.4773072898387909,
                    0.5727687478065491
                ],
                [
                    -6.698563481677411e-08,
                    0.9431061148643494,
                    0.3324919044971466,
                    0.39899033308029175
                ],
                [
                    0,
                    0,
                    0,
                    1
                ]
            ]
        },
        {
            "file_path": "004.png",
            "transform_matrix": [
                [
                    -0.9464244842529297,
                    -0.05746469646692276,
                    0.3177719712257385,
                    0.3813264071941376
                ],
                [
                    0.32292601466178894,
                    -0.1684163510799408,
                    0.9313189387321472,
                    1.1175826787948608
                ],
                [
                    -5.6329128028664854e-09,
                    0.9840396642684937,
                    0.177949920296669,
                    0.21354016661643982
                ],
                [
                    0,
                    0,
                    0,
                    1
                ]
            ]
        },
        {
            "file_path": "005.png",
            "transform_matrix": [
                [
                    0.09965162724256516,
                    -0.11143967509269714,
                    0.9887622594833374,
                    1.1865147352218628
                ],
                [
                    0.9950224161148071,
                    0.011160699650645256,
                    -0.0990246832370758,
                    -0.11882957071065903
                ],
                [
                    -1.4815086046837678e-08,
                    0.9937085509300232,
                    0.11199714243412018,
                    0.13439658284187317
                ],
                [
                    0,
                    0,
                    0,
                    1
                ]
            ]
        }
    ]
}