{
    "camera_angle_x": 0.8575560450553894,
    "aabb": [
        [
            -0.35,
            -0.35,
            -0.35
        ],
        [
            0.35,
            0.35,
            0.35
        ]
    ],
    "frames": [
        {
            "file_path": "000.png",
            "transform_matrix": [
                [
                    -0.9141619801521301,
                    -0.10522930324077606,
                    0.3914523720741272,
                    0.46974289417266846
                ],
                [
                    0.4053494334220886,
                    -0.23731793463230133,
                    0.8828206062316895,
                    1.0593847036361694
                ],
                [
                    3.403540205226818e-08,
                    0.9657158851623535,
                    0.2596014738082886,
                    0.31152182817459106
                ],
                [
                    0,
                    0,
                    0,
                    1
                ]
            ]
        },
        {
            "file_path": "001.png",
            "transform_matrix": [
                [
                    0.3256302773952484,
                    -0.14412352442741394,
                    0.9344482421875,
                    1.1213377714157104
                ],
                [
                    0.9454972743988037,
                    0.04963618889451027,
                    -0.3218250870704651,
                    -0.38619011640548706
                ],
                [
                    2.639634288925663e-08,
                    0.988314151763916,
                    0.15243136882781982,
                    0.1829177737236023
                ],
                [
                    0,
                    0,
                    0,
                    1
                ]
            ]
        },
        {
            "file_path": "002.png",
            "transform_matrix": [
                [
                    -0.8618287444114685,
                    -0.21863187849521637,
                    0.4576585590839386,
                    0.5491903424263
                ],
                [
                    0.5071994066238403,
                    -0.37149736285209656,
                    0.7776493430137634,
                    0.9331791996955872
                ],
                [
                    2.9607925000618707e-09,
                    0.9023246765136719,
                    0.43105700612068176,
                    0.5172685384750366
                ],
                [
                    0,
                    0,
                    0,
                    1
                ]
            ]
        },
        {
            "file_path": "003.png",
            "transform_matrix": [
                [
                    -0.7416104078292847,
                    -0.1801120936870575,
                    0.6461998224258423,
                    0.7754396796226501
                ],
                [
                    0.6708312630653381,
                    -0.1991157978773117,
                    0.7143799662590027,
                    0.8572558760643005
                ],
                [
                    1.4782635560095514e-08,
                    0.9632823467254639,
                    0.2684907913208008,
                    0.3221890926361084
                ],
                [
                    0,
                    0,
                    0,
                    1
                ]
            ]
        },
        {
            "file_path": "004.png",
            "transform_matrix": [
                [
                    0.46945223212242126,
                    -0.34481048583984375,
                    0.8128470778465271,
                    0.9754164814949036
                ],
                [
                    0.8829578757286072,
                    0.183329239487648,
                    -0.4321756958961487,
                    -0.5186108350753784
                ],
                [
                    3.0624576652371616e-08,
                    0.9205955862998962,
                    0.3905174136161804,
                    0.46862098574638367
                ],
                [
                    0,
                    0,
                    0,
                    1
                ]
            ]
        },
        {
            "file_path": "005.png",
            "transform_matrix": [
                [
                    -0.11780644953250885,
                    -0.12449955940246582,
                    0.9852012991905212,
                    1.1822415590286255
                ],
                [
                    0.9930366277694702,
                    -0.014769676141440868,
                    0.11687689274549484,
                    0.1402522772550583
                ],
                [
                    -5.721366136413053e-08,
                    0.9921097755432129,
                    0.1253725290298462,
                    0.15044714510440826
                ],
                [
                    0,
                    0,
                    0,
                    1
                ]
            ]
        }
    ]
}