{
    "camera_angle_x": 0.8575560450553894,
    "aabb": [
        [
            -0.35,
            -0.35,
            -0.35
        ],
        [
            0.35,
            0.35,
            0.35
        ]
    ],
    "frames": [
        {
            "file_path": "000.png",
            "transform_matrix": [
                [
                    -0.9116377830505371,
                    0.028886551037430763,
                    -0.4099786579608917,
                    -0.4919743835926056
                ],
                [
                    -0.4109950363636017,
                    -0.06407400965690613,
                    0.9093831777572632,
                    1.0912598371505737
                ],
                [
                    8.864232015071138e-09,
                    0.9975271224975586,
                    0.07028431445360184,
                    0.08434128016233444
                ],
                [
                    0,
                    0,
                    0,
                    1
                ]
            ]
        },
        {
            "file_path": "001.png",
            "transform_matrix": [
                [
                    0.3328634202480316,
                    0.13684463500976562,
                    -0.9329928159713745,
                    -1.1195913553237915
                ],
                [
                    -0.9429751038551331,
                    0.04830501601099968,
                    -0.3293398320674896,
                    -0.39520779252052307
                ],
                [
                    -8.347815594333952e-08,
                    0.9894141554832458,
                    0.14512000977993011,
                    0.17414414882659912
                ],
                [
                    0,
                    0,
                    0,
                    1
                ]
            ]
        },
        {
            "file_path": "002.png",
            "transform_matrix": [
                [
                    -0.06067902594804764,
                    0.06415574252605438,
                    -0.9960934519767761,
                    -1.1953121423721313
                ],
                [
                    -0.9981573224067688,
                    -0.003900118637830019,
                    0.06055353954434395,
                    0.0726642981171608
                ],
                [
                    -7.792454681521122e-09,
                    0.9979323148727417,
                    0.06427416205406189,
                    0.07712902128696442
                ],
                [
                    0,
                    0,
                    0,
                    1
                ]
            ]
        },
        {
            "file_path": "003.png",
            "transform_matrix": [
                [
                    0.9842483997344971,
                    -0.032813385128974915,
                    0.17371916770935059,
                    0.20846301317214966
                ],
                [
                    0.1767910271883011,
                    0.1826818585395813,
                    -0.9671465158462524,
                    -1.1605757474899292
                ],
                [
                    2.936125564900749e-09,
                    0.9826244115829468,
                    0.18560543656349182,
                    0.22272659838199615
                ],
                [
                    0,
                    0,
                    0,
                    1
                ]
            ]
        },
        {
            "file_path": "004.png",
            "transform_matrix": [
                [
                    -0.9703581929206848,
                    -0.11962951719760895,
                    0.2099854201078415,
                    0.25198251008987427
                ],
                [
                    0.24167147278785706,
                    -0.48033589124679565,
                    0.843132495880127,
                    1.0117590427398682
                ],
                [
                    -5.236890920912174e-09,
                    0.8688879609107971,
                    0.49500879645347595,
                    0.594010591506958
                ],
                [
                    0,
                    0,
                    0,
                    1
                ]
            ]
        },
        {
            "file_path": "005.png",
            "transform_matrix": [
                [
                    0.5951586365699768,
                    0.1671563982963562,
                    -0.7860311269760132,
                    -0.9432373642921448
                ],
                [
                    -0.803608238697052,
                    0.12379737943410873,
                    -0.5821408629417419,
                    -0.6985690593719482
                ],
                [
                    1.3057906755875592e-08,
                    0.9781272411346436,
                    0.2080073356628418,
                    0.2496088296175003
                ],
                [
                    0,
                    0,
                    0,
                    1
                ]
            ]
        }
    ]
}