{
    "camera_angle_x": 0.8575560450553894,
    "aabb": [
        [
            -0.35,
            -0.35,
            -0.35
        ],
        [
            0.35,
            0.35,
            0.35
        ]
    ],
    "frames": [
        {
            "file_path": "000.png",
            "transform_matrix": [
                [
                    -0.5627793073654175,
                    0.3986225724220276,
                    -0.7241405844688416,
                    -0.8689687848091125
                ],
                [
                    -0.8266072869300842,
                    -0.27139440178871155,
                    0.4930168390274048,
                    0.5916202068328857
                ],
                [
                    -5.147257198245825e-08,
                    0.8760395050048828,
                    0.48223936557769775,
                    0.5786872506141663
                ],
                [
                    0,
                    0,
                    0,
                    1
                ]
            ]
        },
        {
            "file_path": "001.png",
            "transform_matrix": [
                [
                    0.24755620956420898,
                    -0.3242306709289551,
                    0.9130117893218994,
                    1.0956140756607056
                ],
                [
                    0.9688736200332642,
                    0.08284380286931992,
                    -0.2332831174135208,
                    -0.27993983030319214
                ],
                [
                    8.598293277373159e-08,
                    0.9423436522483826,
                    0.33464694023132324,
                    0.4015764594078064
                ],
                [
                    0,
                    0,
                    0,
                    1
                ]
            ]
        },
        {
            "file_path": "002.png",
            "transform_matrix": [
                [
                    -0.999638557434082,
                    0.01273649837821722,
                    -0.023683251813054085,
                    -0.028419898822903633
                ],
                [
                    -0.026890793815255165,
                    -0.47346675395965576,
                    0.8804012537002563,
                    1.0564813613891602
                ],
                [
                    -5.400697666857468e-10,
                    0.8807197213172913,
                    0.4736378490924835,
                    0.5683655738830566
                ],
                [
                    0,
                    0,
                    0,
                    1
                ]
            ]
        },
        {
            "file_path": "003.png",
            "transform_matrix": [
                [
                    -0.9910215735435486,
                    -0.01695018634200096,
                    0.13262467086315155,
                    0.15914958715438843
                ],
                [
                    0.13370345532894135,
                    -0.12563633918762207,
                    0.9830254912376404,
                    1.1796305179595947
                ],
                [
                    -1.7336800051115375e-10,
                    0.991931676864624,
                    0.126774400472641,
                    0.15212932229042053
                ],
                [
                    0,
                    0,
                    0,
                    1
                ]
            ]
        },
        {
            "file_path": "004.png",
            "transform_matrix": [
                [
                    -0.9804781675338745,
                    -0.03034193627536297,
                    0.1942734718322754,
                    0.23312819004058838
                ],
                [
                    0.1966286301612854,
                    -0.15129858255386353,
                    0.9687342643737793,
                    1.1624810695648193
                ],
                [
                    1.9291272579380347e-08,
                    0.9880223870277405,
                    0.1543109267950058,
                    0.18517307937145233
                ],
                [
                    0,
                    0,
                    0,
                    1
                ]
            ]
        },
        {
            "file_path": "005.png",
            "transform_matrix": [
                [
                    0.6580491662025452,
                    -0.3246016204357147,
                    0.6794152855873108,
                    0.8152983784675598
                ],
                [
                    0.7529749870300293,
                    0.2836798131465912,
                    -0.593762993812561,
                    -0.7125155925750732
                ],
                [
                    1.3522376107744094e-08,
                    0.90230792760849,
                    0.43109214305877686,
                    0.5173105597496033
                ],
                [
                    0,
                    0,
                    0,
                    1
                ]
            ]
        }
    ]
}