{
    "camera_angle_x": 0.8575560450553894,
    "aabb": [
        [
            -0.35,
            -0.35,
            -0.35
        ],
        [
            0.35,
            0.35,
            0.35
        ]
    ],
    "frames": [
        {
            "file_path": "000.png",
            "transform_matrix": [
                [
                    0.9641595482826233,
                    0.01994895562529564,
                    -0.2645721733570099,
                    -0.31748661398887634
                ],
                [
                    -0.2653231918811798,
                    0.07249252498149872,
                    -0.9614304900169373,
                    -1.1537165641784668
                ],
                [
                    -3.1163898128738765e-09,
                    0.9971694946289062,
                    0.07518728077411652,
                    0.09022483229637146
                ],
                [
                    0,
                    0,
                    0,
                    1
                ]
            ]
        },
        {
            "file_path": "001.png",
            "transform_matrix": [
                [
                    -0.7996501326560974,
                    0.17423000931739807,
                    -0.5746334791183472,
                    -0.6895601749420166
                ],
                [
                    -0.600466251373291,
                    -0.23202480375766754,
                    0.76524817943573,
                    0.9182978272438049
                ],
                [
                    -1.2861413267728494e-08,
                    0.9569787979125977,
                    0.29015788435935974,
                    0.34818947315216064
                ],
                [
                    0,
                    0,
                    0,
                    1
                ]
            ]
        },
        {
            "file_path": "002.png",
            "transform_matrix": [
                [
                    -0.26624795794487,
                    -0.23418466746807098,
                    0.9350239038467407,
                    1.1220287084579468
                ],
                [
                    0.963904619216919,
                    -0.06468608230352402,
                    0.2582705318927765,
                    0.3099246919155121
                ],
                [
                    -6.963393417436237e-09,
                    0.9700378179550171,
                    0.24295414984226227,
                    0.2915450930595398
                ],
                [
                    0,
                    0,
                    0,
                    1
                ]
            ]
        },
        {
            "file_path": "003.png",
            "transform_matrix": [
                [
                    0.9639539122581482,
                    -0.07524024695158005,
                    0.25520917773246765,
                    0.30625101923942566
                ],
                [
                    0.2660692036151886,
                    0.27259117364883423,
                    -0.9246087074279785,
                    -1.1095304489135742
                ],
                [
                    9.005635348557917e-09,
                    0.9591835141181946,
                    0.28278446197509766,
                    0.339341402053833
                ],
                [
                    0,
                    0,
                    0,
                    1
                ]
            ]
        },
        {
            "file_path": "004.png",
            "transform_matrix": [
                [
                    0.8706231117248535,
                    -0.02695317752659321,
                    0.4912117123603821,
                    0.5894540548324585
                ],
                [
                    0.4919506311416626,
                    0.04770001024007797,
                    -0.8693154454231262,
                    -1.0431785583496094
                ],
                [
                    5.426417648557447e-11,
                    0.9984980225563049,
                    0.054788362234830856,
                    0.06574595719575882
                ],
                [
                    0,
                    0,
                    0,
                    1
                ]
            ]
        },
        {
            "file_path": "005.png",
            "transform_matrix": [
                [
                    -0.2192116230726242,
                    0.28823715448379517,
                    -0.9321298599243164,
                    -1.1185556650161743
                ],
                [
                    -0.9756776094436646,
                    -0.06476014852523804,
                    0.20942731201648712,
                    0.2513127028942108
                ],
                [
                    4.9424802028852355e-08,
                    0.9553669095039368,
                    0.29542240500450134,
                    0.35450708866119385
                ],
                [
                    0,
                    0,
                    0,
                    1
                ]
            ]
        }
    ]
}