{
    "camera_angle_x": 0.8575560450553894,
    "aabb": [
        [
            -0.35,
            -0.35,
            -0.35
        ],
        [
            0.35,
            0.35,
            0.35
        ]
    ],
    "frames": [
        {
            "file_path": "000.png",
            "transform_matrix": [
                [
                    -0.9340847730636597,
                    -0.12780748307704926,
                    0.3333931267261505,
                    0.4000717103481293
                ],
                [
                    0.35705143213272095,
                    -0.33435800671577454,
                    0.8721920847892761,
                    1.0466305017471313
                ],
                [
                    -1.5884797477383472e-08,
                    0.9337397813796997,
                    0.3579525053501129,
                    0.4295431077480316
                ],
                [
                    0,
                    0,
                    0,
                    1
                ]
            ]
        },
        {
            "file_path": "001.png",
            "transform_matrix": [
                [
                    0.9481731057167053,
                    -0.14587002992630005,
                    0.2822936475276947,
                    0.3387523889541626
                ],
                [
                    0.31775426864624023,
                    0.43527349829673767,
                    -0.8423593640327454,
                    -1.0108311176300049
                ],
                [
                    8.332703416158438e-09,
                    0.88840252161026,
                    0.4590654671192169,
                    0.5508787035942078
                ],
                [
                    0,
                    0,
                    0,
                    1
                ]
            ]
        },
        {
            "file_path": "002.png",
            "transform_matrix": [
                [
                    -0.3500789999961853,
                    0.11571183055639267,
                    -0.9295458793640137,
                    -1.115455150604248
                ],
                [
                    -0.9367202520370483,
                    -0.04324480891227722,
                    0.34739771485328674,
                    0.41687723994255066
                ],
                [
                    1.9217566205043113e-08,
                    0.9923410415649414,
                    0.12352866679430008,
                    0.14823447167873383
                ],
                [
                    0,
                    0,
                    0,
                    1
                ]
            ]
        },
        {
            "file_path": "003.png",
            "transform_matrix": [
                [
                    0.22866493463516235,
                    -0.4418945610523224,
                    0.8674339652061462,
                    1.0409207344055176
                ],
                [
                    0.9735052585601807,
                    0.10379574447870255,
                    -0.2037501484155655,
                    -0.24450020492076874
                ],
                [
                    2.7015413905928654e-08,
                    0.8910419940948486,
                    0.45392102003097534,
                    0.544705331325531
                ],
                [
                    0,
                    0,
                    0,
                    1
                ]
            ]
        },
        {
            "file_path": "004.png",
            "transform_matrix": [
                [
                    0.9876317381858826,
                    0.028988761827349663,
                    -0.15408828854560852,
                    -0.18490594625473022
                ],
                [
                    -0.15679141879081726,
                    0.18260055780410767,
                    -0.9706047177314758,
                    -1.164725661277771
                ],
                [
                    -1.2554183470570024e-08,
                    0.9827597737312317,
                    0.18488730490207672,
                    0.2218649536371231
                ],
                [
                    0,
                    0,
                    0,
                    1
                ]
            ]
        },
        {
            "file_path": "005.png",
            "transform_matrix": [
                [
                    0.4316835403442383,
                    0.015069345943629742,
                    -0.9018992781639099,
                    -1.082279086112976
                ],
                [
                    -0.9020251631736755,
                    0.007211719639599323,
                    -0.43162333965301514,
                    -0.5179479718208313
                ],
                [
                    8.637488946305893e-09,
                    0.9998604655265808,
                    0.016706081107258797,
                    0.020047377794981003
                ],
                [
                    0,
                    0,
                    0,
                    1
                ]
            ]
        }
    ]
}