{
    "camera_angle_x": 0.8575560450553894,
    "aabb": [
        [
            -0.35,
            -0.35,
            -0.35
        ],
        [
            0.35,
            0.35,
            0.35
        ]
    ],
    "frames": [
        {
            "file_path": "000.png",
            "transform_matrix": [
                [
                    -0.8367459774017334,
                    0.20486150681972504,
                    -0.5078266859054565,
                    -0.609391987323761
                ],
                [
                    -0.5475912094116211,
                    -0.31303828954696655,
                    0.7759838104248047,
                    0.9311805963516235
                ],
                [
                    2.5278914961290866e-08,
                    0.92738276720047,
                    0.37411388754844666,
                    0.4489368498325348
                ],
                [
                    0,
                    0,
                    0,
                    1
                ]
            ]
        },
        {
            "file_path": "001.png",
            "transform_matrix": [
                [
                    0.6575427055358887,
                    -0.0514364130795002,
                    0.7516594529151917,
                    0.9019913077354431
                ],
                [
                    0.7534173130989075,
                    0.04489083215594292,
                    -0.6560086011886597,
                    -0.7872103452682495
                ],
                [
                    5.280283943420727e-08,
                    0.9976668953895569,
                    0.06827069818973541,
                    0.08192496746778488
                ],
                [
                    0,
                    0,
                    0,
                    1
                ]
            ]
        },
        {
            "file_path": "002.png",
            "transform_matrix": [
                [
                    -0.984813392162323,
                    -0.07560275495052338,
                    0.1562911421060562,
                    0.18754936754703522
                ],
                [
                    0.17361652851104736,
                    -0.42884519696235657,
                    0.8865377902984619,
                    1.0638452768325806
                ],
                [
                    4.049804047667749e-09,
                    0.9002089500427246,
                    0.4354582726955414,
                    0.5225499272346497
                ],
                [
                    0,
                    0,
                    0,
                    1
                ]
            ]
        },
        {
            "file_path": "003.png",
            "transform_matrix": [
                [
                    0.5025584101676941,
                    -0.03163556754589081,
                    0.8639642596244812,
                    1.0367571115493774
                ],
                [
                    0.8645432591438293,
                    0.018389800563454628,
                    -0.5022217631340027,
                    -0.6026662588119507
                ],
                [
                    -3.5759327943196695e-08,
                    0.9993302822113037,
                    0.0365922786295414,
                    0.04391063377261162
                ],
                [
                    0,
                    0,
                    0,
                    1
                ]
            ]
        },
        {
            "file_path": "004.png",
            "transform_matrix": [
                [
                    -0.20032909512519836,
                    0.025511296465992928,
                    -0.9793965220451355,
                    -1.1752758026123047
                ],
                [
                    -0.9797286987304688,
                    -0.005216385703533888,
                    0.20026111602783203,
                    0.24031345546245575
                ],
                [
                    5.8329668206624774e-08,
                    0.9996609687805176,
                    0.026039084419608116,
                    0.03124692104756832
                ],
                [
                    0,
                    0,
                    0,
                    1
                ]
            ]
        },
        {
            "file_path": "005.png",
            "transform_matrix": [
                [
                    -0.621521532535553,
                    -0.11411283165216446,
                    0.775041401386261,
                    0.9300497770309448
                ],
                [
                    0.7833970785140991,
                    -0.09053338319063187,
                    0.6148924827575684,
                    0.7378709316253662
                ],
                [
                    2.069665328008341e-09,
                    0.9893341064453125,
                    0.14566411077976227,
                    0.17479687929153442
                ],
                [
                    0,
                    0,
                    0,
                    1
                ]
            ]
        }
    ]
}