{
    "camera_angle_x": 0.8575560450553894,
    "aabb": [
        [
            -0.35,
            -0.35,
            -0.35
        ],
        [
            0.35,
            0.35,
            0.35
        ]
    ],
    "frames": [
        {
            "file_path": "000.png",
            "transform_matrix": [
                [
                    -0.9608623385429382,
                    0.08354099839925766,
                    -0.26413002610206604,
                    -0.3169560432434082
                ],
                [
                    -0.2770266532897949,
                    -0.2897605895996094,
                    0.916130542755127,
                    1.0993566513061523
                ],
                [
                    5.437544636777147e-09,
                    0.9534462690353394,
                    0.30156299471855164,
                    0.3618755638599396
                ],
                [
                    0,
                    0,
                    0,
                    1
                ]
            ]
        },
        {
            "file_path": "001.png",
            "transform_matrix": [
                [
                    0.4850042462348938,
                    0.37044137716293335,
                    -0.7921768426895142,
                    -0.9506121873855591
                ],
                [
                    -0.8745118379592896,
                    0.20544669032096863,
                    -0.43934133648872375,
                    -0.5272095799446106
                ],
                [
                    -3.133877868322088e-08,
                    0.9058504104614258,
                    0.4235978126525879,
                    0.5083175301551819
                ],
                [
                    0,
                    0,
                    0,
                    1
                ]
            ]
        },
        {
            "file_path": "002.png",
            "transform_matrix": [
                [
                    0.9673119783401489,
                    0.011262440122663975,
                    -0.25333908200263977,
                    -0.3040069043636322
                ],
                [
                    -0.25358930230140686,
                    0.04296032339334488,
                    -0.9663575887680054,
                    -1.1596291065216064
                ],
                [
                    -5.1308051141063515e-09,
                    0.999013364315033,
                    0.04441206902265549,
                    0.05329456180334091
                ],
                [
                    0,
                    0,
                    0,
                    1
                ]
            ]
        },
        {
            "file_path": "003.png",
            "transform_matrix": [
                [
                    0.9228697419166565,
                    0.0776066705584526,
                    -0.3772116005420685,
                    -0.4526539444923401
                ],
                [
                    -0.3851121962070465,
                    0.18597395718097687,
                    -0.9039371013641357,
                    -1.0847245454788208
                ],
                [
                    -1.0356909996289687e-08,
                    0.979485034942627,
                    0.2015170156955719,
                    0.2418205291032791
                ],
                [
                    0,
                    0,
                    0,
                    1
                ]
            ]
        },
        {
            "file_path": "004.png",
            "transform_matrix": [
                [
                    -0.7358758449554443,
                    -0.02795558050274849,
                    0.6765392422676086,
                    0.8118471503257751
                ],
                [
                    0.6771165728569031,
                    -0.030381541699171066,
                    0.7352483868598938,
                    0.8822980523109436
                ],
                [
                    -1.9153581831687916e-08,
                    0.9991474151611328,
                    0.041286151856184006,
                    0.04954339191317558
                ],
                [
                    0,
                    0,
                    0,
                    1
                ]
            ]
        },
        {
            "file_path": "005.png",
            "transform_matrix": [
                [
                    0.010786637663841248,
                    0.4553518295288086,
                    -0.8902462720870972,
                    -1.0682954788208008
                ],
                [
                    -0.999941885471344,
                    0.004911951255053282,
                    -0.009603376500308514,
                    -0.011524081230163574
                ],
                [
                    -2.6617541948326107e-08,
                    0.890298068523407,
                    0.45537829399108887,
                    0.5464540123939514
                ],
                [
                    0,
                    0,
                    0,
                    1
                ]
            ]
        }
    ]
}