{
    "camera_angle_x": 0.8575560450553894,
    "aabb": [
        [
            -0.35,
            -0.35,
            -0.35
        ],
        [
            0.35,
            0.35,
            0.35
        ]
    ],
    "frames": [
        {
            "file_path": "000.png",
            "transform_matrix": [
                [
                    -0.36571165919303894,
                    0.03493146225810051,
                    -0.9300726652145386,
                    -1.1160870790481567
                ],
                [
                    -0.9307284355163574,
                    -0.01372566632926464,
                    0.365453839302063,
                    0.4385446012020111
                ],
                [
                    1.0783469406305812e-07,
                    0.9992955923080444,
                    0.037531133741140366,
                    0.04503772407770157
                ],
                [
                    0,
                    0,
                    0,
                    1
                ]
            ]
        },
        {
            "file_path": "001.png",
            "transform_matrix": [
                [
                    -0.10000751912593842,
                    -0.4237246811389923,
                    0.9002532958984375,
                    1.0803039073944092
                ],
                [
                    0.9949867129325867,
                    -0.04258916527032852,
                    0.09048569947481155,
                    0.10858280956745148
                ],
                [
                    -2.3248411196163943e-08,
                    0.9047892689704895,
                    0.42585960030555725,
                    0.5110316872596741
                ],
                [
                    0,
                    0,
                    0,
                    1
                ]
            ]
        },
        {
            "file_path": "002.png",
            "transform_matrix": [
                [
                    0.796225368976593,
                    0.14065946638584137,
                    -0.5884217023849487,
                    -0.7061061263084412
                ],
                [
                    -0.6050001382827759,
                    0.1851184070110321,
                    -0.7744068503379822,
                    -0.9292882680892944
                ],
                [
                    3.3829550716291124e-08,
                    0.972597599029541,
                    0.23249496519565582,
                    0.2789939343929291
                ],
                [
                    0,
                    0,
                    0,
                    1
                ]
            ]
        },
        {
            "file_path": "003.png",
            "transform_matrix": [
                [
                    -0.4047154188156128,
                    0.12053807079792023,
                    -0.9064635634422302,
                    -1.0877562761306763
                ],
                [
                    -0.9144428372383118,
                    -0.053347907960414886,
                    0.4011838734149933,
                    0.48142069578170776
                ],
                [
                    6.76110971653543e-08,
                    0.9912742972373962,
                    0.13181576132774353,
                    0.15817910432815552
                ],
                [
                    0,
                    0,
                    0,
                    1
                ]
            ]
        },
        {
            "file_path": "004.png",
            "transform_matrix": [
                [
                    0.5780200362205505,
                    0.23397547006607056,
                    -0.7817597389221191,
                    -0.9381117224693298
                ],
                [
                    -0.8160225749015808,
                    0.16573375463485718,
                    -0.5537503957748413,
                    -0.6645004749298096
                ],
                [
                    -2.4807448539831967e-08,
                    0.9580124020576477,
                    0.2867266833782196,
                    0.344072163105011
                ],
                [
                    0,
                    0,
                    0,
                    1
                ]
            ]
        },
        {
            "file_path": "005.png",
            "transform_matrix": [
                [
                    -0.9575412273406982,
                    0.06697278469800949,
                    -0.28040972352027893,
                    -0.3364917039871216
                ],
                [
                    -0.2882966697216034,
                    -0.22244176268577576,
                    0.9313457012176514,
                    1.1176148653030396
                ],
                [
                    -8.514026816897058e-09,
                    0.9726430177688599,
                    0.23230506479740143,
                    0.27876603603363037
                ],
                [
                    0,
                    0,
                    0,
                    1
                ]
            ]
        }
    ]
}