{
    "camera_angle_x": 0.8575560450553894,
    "aabb": [
        [
            -0.35,
            -0.35,
            -0.35
        ],
        [
            0.35,
            0.35,
            0.35
        ]
    ],
    "frames": [
        {
            "file_path": "000.png",
            "transform_matrix": [
                [
                    0.6954195499420166,
                    0.2301693707704544,
                    -0.680745005607605,
                    -0.816893994808197
                ],
                [
                    -0.7186039686203003,
                    0.22274337708950043,
                    -0.6587820053100586,
                    -0.7905384302139282
                ],
                [
                    3.1482823459327847e-08,
                    0.9473159313201904,
                    0.3203006982803345,
                    0.3843609690666199
                ],
                [
                    0,
                    0,
                    0,
                    1
                ]
            ]
        },
        {
            "file_path": "001.png",
            "transform_matrix": [
                [
                    0.9555991888046265,
                    0.01495180744677782,
                    -0.29429012537002563,
                    -0.3531481623649597
                ],
                [
                    -0.2946697175502777,
                    0.04848775640130043,
                    -0.9543683528900146,
                    -1.1452419757843018
                ],
                [
                    -3.014589822214475e-08,
                    0.9987119436264038,
                    0.05074070021510124,
                    0.06088909134268761
                ],
                [
                    0,
                    0,
                    0,
                    1
                ]
            ]
        },
        {
            "file_path": "002.png",
            "transform_matrix": [
                [
                    0.9870122075080872,
                    -0.006641928106546402,
                    0.1605079472064972,
                    0.1926094889640808
                ],
                [
                    0.16064532101154327,
                    0.04080811142921448,
                    -0.986168384552002,
                    -1.1834019422531128
                ],
                [
                    4.803589526147789e-09,
                    0.9991450905799866,
                    0.04134509712457657,
                    0.04961445555090904
                ],
                [
                    0,
                    0,
                    0,
                    1
                ]
            ]
        },
        {
            "file_path": "003.png",
            "transform_matrix": [
                [
                    0.35975635051727295,
                    -0.2592950463294983,
                    0.8962932229042053,
                    1.0755518674850464
                ],
                [
                    0.933046281337738,
                    0.09997685998678207,
                    -0.3455854058265686,
                    -0.414702445268631
                ],
                [
                    -2.3789819891817388e-08,
                    0.9606095552444458,
                    0.2779015600681305,
                    0.3334818482398987
                ],
                [
                    0,
                    0,
                    0,
                    1
                ]
            ]
        },
        {
            "file_path": "004.png",
            "transform_matrix": [
                [
                    0.9528038501739502,
                    -0.11264517158269882,
                    0.281914621591568,
                    0.3382975459098816
                ],
                [
                    0.30358654260635376,
                    0.3535359501838684,
                    -0.8847867250442505,
                    -1.0617440938949585
                ],
                [
                    -5.1952548929534714e-09,
                    0.9286137223243713,
                    0.3710479736328125,
                    0.44525766372680664
                ],
                [
                    0,
                    0,
                    0,
                    1
                ]
            ]
        },
        {
            "file_path": "005.png",
            "transform_matrix": [
                [
                    0.9637311697006226,
                    0.026797203347086906,
                    -0.2655261754989624,
                    -0.3186314105987549
                ],
                [
                    -0.2668749690055847,
                    0.09676924347877502,
                    -0.9588605761528015,
                    -1.150632619857788
                ],
                [
                    -1.0931211491538306e-09,
                    0.9949460625648499,
                    0.10041103512048721,
                    0.12049347907304764
                ],
                [
                    0,
                    0,
                    0,
                    1
                ]
            ]
        }
    ]
}