{
    "camera_angle_x": 0.8575560450553894,
    "aabb": [
        [
            -0.35,
            -0.35,
            -0.35
        ],
        [
            0.35,
            0.35,
            0.35
        ]
    ],
    "frames": [
        {
            "file_path": "000.png",
            "transform_matrix": [
                [
                    0.9866400957107544,
                    -0.03189462050795555,
                    0.1597626507282257,
                    0.19171519577503204
                ],
                [
                    0.16291522979736328,
                    0.19315877556800842,
                    -0.9675476551055908,
                    -1.1610571146011353
                ],
                [
                    -8.094390935298179e-09,
                    0.9806490540504456,
                    0.19577430188655853,
                    0.23492927849292755
                ],
                [
                    0,
                    0,
                    0,
                    1
                ]
            ]
        },
        {
            "file_path": "001.png",
            "transform_matrix": [
                [
                    -0.9889508485794067,
                    0.06086839362978935,
                    -0.13517186045646667,
                    -0.16220621764659882
                ],
                [
                    -0.14824436604976654,
                    -0.40605828166007996,
                    0.9017429947853088,
                    1.0820915699005127
                ],
                [
                    4.177407753047646e-09,
                    0.9118179082870483,
                    0.4105949401855469,
                    0.492713987827301
                ],
                [
                    0,
                    0,
                    0,
                    1
                ]
            ]
        },
        {
            "file_path": "002.png",
            "transform_matrix": [
                [
                    0.910092294216156,
                    -0.1825542151927948,
                    0.3720296323299408,
                    0.44643548130989075
                ],
                [
                    0.4144057035446167,
                    0.4009142220020294,
                    -0.8170287609100342,
                    -0.9804343581199646
                ],
                [
                    -3.084270894238017e-10,
                    0.897742748260498,
                    0.44052040576934814,
                    0.5286245942115784
                ],
                [
                    0,
                    0,
                    0,
                    1
                ]
            ]
        },
        {
            "file_path": "003.png",
            "transform_matrix": [
                [
                    0.4513533115386963,
                    0.16221944987773895,
                    -0.8774765729904175,
                    -1.0529718399047852
                ],
                [
                    -0.8923453688621521,
                    0.08205137401819229,
                    -0.443832665681839,
                    -0.5325992107391357
                ],
                [
                    -7.799220469451029e-08,
                    0.9833374619483948,
                    0.18178988993167877,
                    0.21814800798892975
                ],
                [
                    0,
                    0,
                    0,
                    1
                ]
            ]
        },
        {
            "file_path": "004.png",
            "transform_matrix": [
                [
                    -0.942162275314331,
                    0.0027999209705740213,
                    -0.3351459205150604,
                    -0.40217503905296326
                ],
                [
                    -0.3351576328277588,
                    -0.007870908826589584,
                    0.9421293139457703,
                    1.1305550336837769
                ],
                [
                    1.9718575217098078e-08,
                    0.9999651908874512,
                    0.00835388246923685,
                    0.010024853982031345
                ],
                [
                    0,
                    0,
                    0,
                    1
                ]
            ]
        },
        {
            "file_path": "005.png",
            "transform_matrix": [
                [
                    -0.9902964234352112,
                    0.015403911471366882,
                    -0.13811668753623962,
                    -0.1657400131225586
                ],
                [
                    -0.13897302746772766,
                    -0.10976548492908478,
                    0.9841942191123962,
                    1.1810330152511597
                ],
                [
                    1.1622949713796515e-08,
                    0.9938382506370544,
                    0.1108408272266388,
                    0.13300925493240356
                ],
                [
                    0,
                    0,
                    0,
                    1
                ]
            ]
        }
    ]
}