{
    "camera_angle_x": 0.8575560450553894,
    "aabb": [
        [
            -0.35,
            -0.35,
            -0.35
        ],
        [
            0.35,
            0.35,
            0.35
        ]
    ],
    "frames": [
        {
            "file_path": "000.png",
            "transform_matrix": [
                [
                    0.996420681476593,
                    0.0063322740606963634,
                    -0.08429525047540665,
                    -0.10115429013967514
                ],
                [
                    -0.08453276008367538,
                    0.07464085519313812,
                    -0.9936212301254272,
                    -1.192345380783081
                ],
                [
                    -6.142584219048786e-09,
                    0.9971904158592224,
                    0.07490897923707962,
                    0.08989100158214569
                ],
                [
                    0,
                    0,
                    0,
                    1
                ]
            ]
        },
        {
            "file_path": "001.png",
            "transform_matrix": [
                [
                    -0.6765532493591309,
                    0.03910331055521965,
                    -0.7353547811508179,
                    -0.8824257254600525
                ],
                [
                    -0.7363937497138977,
                    -0.035925738513469696,
                    0.6755987405776978,
                    0.8107185959815979
                ],
                [
                    -2.158638778837485e-08,
                    0.9985891580581665,
                    0.05310111492872238,
                    0.06372136622667313
                ],
                [
                    0,
                    0,
                    0,
                    1
                ]
            ]
        },
        {
            "file_path": "002.png",
            "transform_matrix": [
                [
                    -0.427165687084198,
                    0.09703928977251053,
                    -0.8989509344100952,
                    -1.078741192817688
                ],
                [
                    -0.9041733145713806,
                    -0.045845046639442444,
                    0.42469844222068787,
                    0.5096381902694702
                ],
                [
                    -3.1910253994738014e-08,
                    0.9942240715026855,
                    0.10732381045818329,
                    0.128788560628891
                ],
                [
                    0,
                    0,
                    0,
                    1
                ]
            ]
        },
        {
            "file_path": "003.png",
            "transform_matrix": [
                [
                    0.9816083908081055,
                    -0.049016717821359634,
                    0.18450559675693512,
                    0.2214067280292511
                ],
                [
                    0.1909056156873703,
                    0.2520366311073303,
                    -0.948700487613678,
                    -1.1384406089782715
                ],
                [
                    5.386468160395452e-09,
                    0.9664755463600159,
                    0.25675883889198303,
                    0.30811065435409546
                ],
                [
                    0,
                    0,
                    0,
                    1
                ]
            ]
        },
        {
            "file_path": "004.png",
            "transform_matrix": [
                [
                    -0.8450184464454651,
                    -0.15380947291851044,
                    0.5121393203735352,
                    0.614567220211029
                ],
                [
                    0.5347373485565186,
                    -0.24305738508701324,
                    0.809307873249054,
                    0.9711694121360779
                ],
                [
                    -3.4267095827544836e-09,
                    0.9577400088310242,
                    0.2876355051994324,
                    0.34516265988349915
                ],
                [
                    0,
                    0,
                    0,
                    1
                ]
            ]
        },
        {
            "file_path": "005.png",
            "transform_matrix": [
                [
                    0.956547200679779,
                    -0.1149638369679451,
                    0.2679566740989685,
                    0.3215480148792267
                ],
                [
                    0.29157754778862,
                    0.3771495521068573,
                    -0.8790567517280579,
                    -1.0548681020736694
                ],
                [
                    -8.058323786030996e-09,
                    0.9189894199371338,
                    0.39428219199180603,
                    0.4731386601924896
                ],
                [
                    0,
                    0,
                    0,
                    1
                ]
            ]
        }
    ]
}