{
    "camera_angle_x": 0.8575560450553894,
    "aabb": [
        [
            -0.35,
            -0.35,
            -0.35
        ],
        [
            0.35,
            0.35,
            0.35
        ]
    ],
    "frames": [
        {
            "file_path": "000.png",
            "transform_matrix": [
                [
                    0.45363369584083557,
                    -0.02397174760699272,
                    0.8908658027648926,
                    1.069038987159729
                ],
                [
                    0.8911882638931274,
                    0.012202082201838493,
                    -0.4534696042537689,
                    -0.5441635251045227
                ],
                [
                    -6.495874060874485e-09,
                    0.9996381998062134,
                    0.026898585259914398,
                    0.032278358936309814
                ],
                [
                    0,
                    0,
                    0,
                    1
                ]
            ]
        },
        {
            "file_path": "001.png",
            "transform_matrix": [
                [
                    -0.9780171513557434,
                    -0.05237431079149246,
                    0.2018406093120575,
                    0.24220873415470123
                ],
                [
                    0.20852506160736084,
                    -0.24564427137374878,
                    0.9466659426689148,
                    1.135999083518982
                ],
                [
                    7.446473992978042e-12,
                    0.9679442048072815,
                    0.2511654794216156,
                    0.30139872431755066
                ],
                [
                    0,
                    0,
                    0,
                    1
                ]
            ]
        },
        {
            "file_path": "002.png",
            "transform_matrix": [
                [
                    0.5365235209465027,
                    0.20899969339370728,
                    -0.8175950050354004,
                    -0.9811139702796936
                ],
                [
                    -0.8438853621482849,
                    0.13287730515003204,
                    -0.5198087692260742,
                    -0.6237705945968628
                ],
                [
                    -4.421152510758475e-08,
                    0.9688460826873779,
                    0.24766357243061066,
                    0.2971963584423065
                ],
                [
                    0,
                    0,
                    0,
                    1
                ]
            ]
        },
        {
            "file_path": "003.png",
            "transform_matrix": [
                [
                    -0.9896951913833618,
                    -0.02667061798274517,
                    0.1406840831041336,
                    0.16882090270519257
                ],
                [
                    0.14318986237049103,
                    -0.1843411922454834,
                    0.9723759293556213,
                    1.1668511629104614
                ],
                [
                    8.005936358301824e-09,
                    0.9825003743171692,
                    0.18626058101654053,
                    0.2235126495361328
                ],
                [
                    0,
                    0,
                    0,
                    1
                ]
            ]
        },
        {
            "file_path": "004.png",
            "transform_matrix": [
                [
                    0.3318210244178772,
                    0.04571334645152092,
                    -0.9422341585159302,
                    -1.1306809186935425
                ],
                [
                    -0.943342387676239,
                    0.016079572960734367,
                    -0.33143123984336853,
                    -0.39771753549575806
                ],
                [
                    -6.116390949273409e-08,
                    0.9988252520561218,
                    0.04845884069800377,
                    0.05815071240067482
                ],
                [
                    0,
                    0,
                    0,
                    1
                ]
            ]
        },
        {
            "file_path": "005.png",
            "transform_matrix": [
                [
                    -0.4994908571243286,
                    0.050983067601919174,
                    -0.8648178577423096,
                    -1.0377813577651978
                ],
                [
                    -0.8663192987442017,
                    -0.02939513884484768,
                    0.4986250698566437,
                    0.5983500480651855
                ],
                [
                    7.301588311747764e-08,
                    0.9982669353485107,
                    0.05885007604956627,
                    0.07062032073736191
                ],
                [
                    0,
                    0,
                    0,
                    1
                ]
            ]
        }
    ]
}