{
    "camera_angle_x": 0.8575560450553894,
    "aabb": [
        [
            -0.35,
            -0.35,
            -0.35
        ],
        [
            0.35,
            0.35,
            0.35
        ]
    ],
    "frames": [
        {
            "file_path": "000.png",
            "transform_matrix": [
                [
                    0.37144023180007935,
                    0.33958348631858826,
                    -0.8641268610954285,
                    -1.036952257156372
                ],
                [
                    -0.9284568428993225,
                    0.13585442304611206,
                    -0.34570425748825073,
                    -0.4148450791835785
                ],
                [
                    7.025047765729653e-10,
                    0.9307129979133606,
                    0.36575040221214294,
                    0.43890056014060974
                ],
                [
                    0,
                    0,
                    0,
                    1
                ]
            ]
        },
        {
            "file_path": "001.png",
            "transform_matrix": [
                [
                    0.05423165485262871,
                    -0.2611211836338043,
                    0.9637816548347473,
                    1.1565377712249756
                ],
                [
                    0.9985285401344299,
                    0.014181839302182198,
                    -0.05234465375542641,
                    -0.06281346827745438
                ],
                [
                    -8.114071192721894e-08,
                    0.9652020335197449,
                    0.2615058124065399,
                    0.3138071596622467
                ],
                [
                    0,
                    0,
                    0,
                    1
                ]
            ]
        },
        {
            "file_path": "002.png",
            "transform_matrix": [
                [
                    0.8839790225028992,
                    0.0671171098947525,
                    -0.46268391609191895,
                    -0.5552207231521606
                ],
                [
                    -0.4675266146659851,
                    0.1269020289182663,
                    -0.874822735786438,
                    -1.0497872829437256
                ],
                [
                    -2.0836683489733332e-08,
                    0.9896419644355774,
                    0.14355775713920593,
                    0.17226934432983398
                ],
                [
                    0,
                    0,
                    0,
                    1
                ]
            ]
        },
        {
            "file_path": "003.png",
            "transform_matrix": [
                [
                    -0.533896267414093,
                    0.14237040281295776,
                    -0.8334780335426331,
                    -1.000173568725586
                ],
                [
                    -0.8455500602722168,
                    -0.0898953452706337,
                    0.5262737274169922,
                    0.6315284967422485
                ],
                [
                    4.385151441965718e-08,
                    0.9857228994369507,
                    0.16837601363658905,
                    0.20205138623714447
                ],
                [
                    0,
                    0,
                    0,
                    1
                ]
            ]
        },
        {
            "file_path": "004.png",
            "transform_matrix": [
                [
                    0.2175380438566208,
                    0.10819773375988007,
                    -0.9700363874435425,
                    -1.1640435457229614
                ],
                [
                    -0.9760518670082092,
                    0.024114536121487617,
                    -0.21619738638401031,
                    -0.25943705439567566
                ],
                [
                    -3.215997068650722e-08,
                    0.9938369393348694,
                    0.11085237562656403,
                    0.1330229490995407
                ],
                [
                    0,
                    0,
                    0,
                    1
                ]
            ]
        },
        {
            "file_path": "005.png",
            "transform_matrix": [
                [
                    -0.6034842133522034,
                    0.30787554383277893,
                    -0.7355406284332275,
                    -0.8826485872268677
                ],
                [
                    -0.7973752617835999,
                    -0.23301205039024353,
                    0.556685209274292,
                    0.6680221557617188
                ],
                [
                    4.5935323100820824e-08,
                    0.9224523901939392,
                    0.3861110806465149,
                    0.4633336067199707
                ],
                [
                    0,
                    0,
                    0,
                    1
                ]
            ]
        }
    ]
}