{
    "camera_angle_x": 0.8575560450553894,
    "aabb": [
        [
            -0.35,
            -0.35,
            -0.35
        ],
        [
            0.35,
            0.35,
            0.35
        ]
    ],
    "frames": [
        {
            "file_path": "000.png",
            "transform_matrix": [
                [
                    0.8275356292724609,
                    -0.18507689237594604,
                    0.5300295948982239,
                    0.6360354423522949
                ],
                [
                    0.5614132285118103,
                    0.27280738949775696,
                    -0.7812755107879639,
                    -0.937530517578125
                ],
                [
                    2.948917732226164e-08,
                    0.9440988898277283,
                    0.3296624422073364,
                    0.3955950438976288
                ],
                [
                    0,
                    0,
                    0,
                    1
                ]
            ]
        },
        {
            "file_path": "001.png",
            "transform_matrix": [
                [
                    0.2669048607349396,
                    -0.062427401542663574,
                    0.9616988897323608,
                    1.1540385484695435
                ],
                [
                    0.9637230038642883,
                    0.01728915236890316,
                    -0.26634442806243896,
                    -0.3196134567260742
                ],
                [
                    1.0806791550521666e-07,
                    0.9978998899459839,
                    0.0647771805524826,
                    0.0777328610420227
                ],
                [
                    0,
                    0,
                    0,
                    1
                ]
            ]
        },
        {
            "file_path": "002.png",
            "transform_matrix": [
                [
                    -0.4545987546443939,
                    0.03868279606103897,
                    -0.889856219291687,
                    -1.0678273439407349
                ],
                [
                    -0.8906965851783752,
                    -0.019743284210562706,
                    0.4541696608066559,
                    0.5450036525726318
                ],
                [
                    7.259256307179385e-09,
                    0.9990566372871399,
                    0.043429672718048096,
                    0.05211593210697174
                ],
                [
                    0,
                    0,
                    0,
                    1
                ]
            ]
        },
        {
            "file_path": "003.png",
            "transform_matrix": [
                [
                    -0.4917548596858978,
                    -0.30028608441352844,
                    0.8173159956932068,
                    0.9807792901992798
                ],
                [
                    0.8707337379455566,
                    -0.1695893406867981,
                    0.46158668398857117,
                    0.5539039969444275
                ],
                [
                    1.159059515032368e-08,
                    0.9386520981788635,
                    0.3448655605316162,
                    0.4138386845588684
                ],
                [
                    0,
                    0,
                    0,
                    1
                ]
            ]
        },
        {
            "file_path": "004.png",
            "transform_matrix": [
                [
                    -0.8927692770957947,
                    -0.022895775735378265,
                    0.4499320685863495,
                    0.5399184823036194
                ],
                [
                    0.4505142271518707,
                    -0.045371875166893005,
                    0.8916155695915222,
                    1.0699387788772583
                ],
                [
                    2.6859147794766614e-08,
                    0.9987077713012695,
                    0.05082147195935249,
                    0.06098569557070732
                ],
                [
                    0,
                    0,
                    0,
                    1
                ]
            ]
        },
        {
            "file_path": "005.png",
            "transform_matrix": [
                [
                    -0.17877237498760223,
                    0.44117271900177,
                    -0.879435658454895,
                    -1.0553228855133057
                ],
                [
                    -0.9838904738426208,
                    -0.08016081154346466,
                    0.15979300439357758,
                    0.1917516142129898
                ],
                [
                    4.491747418455816e-08,
                    0.8938349485397339,
                    0.4483961760997772,
                    0.5380753874778748
                ],
                [
                    0,
                    0,
                    0,
                    1
                ]
            ]
        }
    ]
}