{
    "camera_angle_x": 0.8575560450553894,
    "aabb": [
        [
            -0.35,
            -0.35,
            -0.35
        ],
        [
            0.35,
            0.35,
            0.35
        ]
    ],
    "frames": [
        {
            "file_path": "000.png",
            "transform_matrix": [
                [
                    -0.9113495945930481,
                    -0.16284097731113434,
                    0.3780551850795746,
                    0.453666090965271
                ],
                [
                    0.4116344451904297,
                    -0.36052653193473816,
                    0.837005615234375,
                    1.0044065713882446
                ],
                [
                    1.626101742147057e-08,
                    0.9184248447418213,
                    0.3955959677696228,
                    0.47471538186073303
                ],
                [
                    0,
                    0,
                    0,
                    1
                ]
            ]
        },
        {
            "file_path": "001.png",
            "transform_matrix": [
                [
                    -0.7255971431732178,
                    -0.07821223139762878,
                    0.683660626411438,
                    0.8203927874565125
                ],
                [
                    0.6881199479103088,
                    -0.08247195929288864,
                    0.7208949327468872,
                    0.8650738596916199
                ],
                [
                    -1.2720587250214521e-08,
                    0.99351966381073,
                    0.11366068571805954,
                    0.13639290630817413
                ],
                [
                    0,
                    0,
                    0,
                    1
                ]
            ]
        },
        {
            "file_path": "002.png",
            "transform_matrix": [
                [
                    -0.12954822182655334,
                    -0.18039126694202423,
                    0.9750263690948486,
                    1.1700316667556763
                ],
                [
                    0.9915732145309448,
                    -0.02356797643005848,
                    0.12738631665706635,
                    0.15286368131637573
                ],
                [
                    -5.326467800159662e-08,
                    0.9833126068115234,
                    0.1819242388010025,
                    0.21830907464027405
                ],
                [
                    0,
                    0,
                    0,
                    1
                ]
            ]
        },
        {
            "file_path": "003.png",
            "transform_matrix": [
                [
                    -0.21168456971645355,
                    -0.42634060978889465,
                    0.87944495677948,
                    1.0553339719772339
                ],
                [
                    0.9773380756378174,
                    -0.0923423171043396,
                    0.19048161804676056,
                    0.22857798635959625
                ],
                [
                    -8.926073746806651e-08,
                    0.8998370170593262,
                    0.4362263083457947,
                    0.5234717130661011
                ],
                [
                    0,
                    0,
                    0,
                    1
                ]
            ]
        },
        {
            "file_path": "004.png",
            "transform_matrix": [
                [
                    0.9305512309074402,
                    0.06539955735206604,
                    -0.36027392745018005,
                    -0.4323287606239319
                ],
                [
                    -0.3661617338657379,
                    0.16620424389839172,
                    -0.9155882000923157,
                    -1.0987058877944946
                ],
                [
                    3.0483207069664786e-09,
                    0.9839202761650085,
                    0.17860838770866394,
                    0.2143300175666809
                ],
                [
                    0,
                    0,
                    0,
                    1
                ]
            ]
        },
        {
            "file_path": "005.png",
            "transform_matrix": [
                [
                    -0.3801337778568268,
                    0.25304365158081055,
                    -0.8896446228027344,
                    -1.0675734281539917
                ],
                [
                    -0.9249317049980164,
                    -0.10399740934371948,
                    0.3656311631202698,
                    0.43875744938850403
                ],
                [
                    1.632169954746132e-08,
                    0.9618490934371948,
                    0.27358078956604004,
                    0.3282972574234009
                ],
                [
                    0,
                    0,
                    0,
                    1
                ]
            ]
        }
    ]
}