{
    "camera_angle_x": 0.8575560450553894,
    "aabb": [
        [
            -0.35,
            -0.35,
            -0.35
        ],
        [
            0.35,
            0.35,
            0.35
        ]
    ],
    "frames": [
        {
            "file_path": "000.png",
            "transform_matrix": [
                [
                    0.6904222965240479,
                    0.001391964964568615,
                    -0.7234052419662476,
                    -0.8680862784385681
                ],
                [
                    -0.7234066128730774,
                    0.0013284282758831978,
                    -0.6904210448265076,
                    -0.828505277633667
                ],
                [
                    -1.2477968880375556e-08,
                    0.9999982118606567,
                    0.0019241172121837735,
                    0.002308957278728485
                ],
                [
                    0,
                    0,
                    0,
                    1
                ]
            ]
        },
        {
            "file_path": "001.png",
            "transform_matrix": [
                [
                    0.9550155997276306,
                    -0.14792625606060028,
                    0.257027268409729,
                    0.3084326982498169
                ],
                [
                    0.2965555489063263,
                    0.4763757288455963,
                    -0.8277204036712646,
                    -0.993264377117157
                ],
                [
                    2.0782950471698314e-08,
                    0.8667087554931641,
                    0.49881458282470703,
                    0.5985776782035828
                ],
                [
                    0,
                    0,
                    0,
                    1
                ]
            ]
        },
        {
            "file_path": "002.png",
            "transform_matrix": [
                [
                    -0.5177228450775146,
                    0.3080746531486511,
                    -0.7981560826301575,
                    -0.957787275314331
                ],
                [
                    -0.8555484414100647,
                    -0.18642698228359222,
                    0.48299267888069153,
                    0.5795912146568298
                ],
                [
                    -6.17555728776864e-10,
                    0.9329174757003784,
                    0.3600902557373047,
                    0.43210849165916443
                ],
                [
                    0,
                    0,
                    0,
                    1
                ]
            ]
        },
        {
            "file_path": "003.png",
            "transform_matrix": [
                [
                    0.9264818429946899,
                    -0.04968707263469696,
                    0.37304508686065674,
                    0.447654128074646
                ],
                [
                    0.37633955478668213,
                    0.12232080101966858,
                    -0.9183715581893921,
                    -1.1020458936691284
                ],
                [
                    -1.895079648761566e-09,
                    0.9912461638450623,
                    0.13202720880508423,
                    0.15843266248703003
                ],
                [
                    0,
                    0,
                    0,
                    1
                ]
            ]
        },
        {
            "file_path": "004.png",
            "transform_matrix": [
                [
                    -0.6959912776947021,
                    0.18380679190158844,
                    -0.6941261887550354,
                    -0.832951545715332
                ],
                [
                    -0.7180502414703369,
                    -0.17816010117530823,
                    0.672802209854126,
                    0.8073626756668091
                ],
                [
                    5.655500956436299e-09,
                    0.966681957244873,
                    0.25598040223121643,
                    0.307176411151886
                ],
                [
                    0,
                    0,
                    0,
                    1
                ]
            ]
        },
        {
            "file_path": "005.png",
            "transform_matrix": [
                [
                    -0.8168540000915527,
                    -0.15290799736976624,
                    0.5562092065811157,
                    0.6674510836601257
                ],
                [
                    0.5768444538116455,
                    -0.21652893722057343,
                    0.787632942199707,
                    0.9451595544815063
                ],
                [
                    -1.5100241057552921e-09,
                    0.9642273187637329,
                    0.2650766670703888,
                    0.31809207797050476
                ],
                [
                    0,
                    0,
                    0,
                    1
                ]
            ]
        }
    ]
}