{
    "camera_angle_x": 0.8575560450553894,
    "aabb": [
        [
            -0.35,
            -0.35,
            -0.35
        ],
        [
            0.35,
            0.35,
            0.35
        ]
    ],
    "frames": [
        {
            "file_path": "000.png",
            "transform_matrix": [
                [
                    -0.12705907225608826,
                    0.37291544675827026,
                    -0.9191247224807739,
                    -1.102949619293213
                ],
                [
                    -0.9918952584266663,
                    -0.04776940122246742,
                    0.11773731559515,
                    0.14128485321998596
                ],
                [
                    1.1657089515892949e-07,
                    0.9266349673271179,
                    0.3759624660015106,
                    0.45115503668785095
                ],
                [
                    0,
                    0,
                    0,
                    1
                ]
            ]
        },
        {
            "file_path": "001.png",
            "transform_matrix": [
                [
                    0.9149032235145569,
                    -0.052664149552583694,
                    0.40022313594818115,
                    0.480267733335495
                ],
                [
                    0.4036732316017151,
                    0.11936038732528687,
                    -0.9070838689804077,
                    -1.0885006189346313
                ],
                [
                    -9.606338835510542e-09,
                    0.9914532899856567,
                    0.13046230375766754,
                    0.1565549373626709
                ],
                [
                    0,
                    0,
                    0,
                    1
                ]
            ]
        },
        {
            "file_path": "002.png",
            "transform_matrix": [
                [
                    0.999999463558197,
                    -0.00024257694894913584,
                    0.0010131014278158545,
                    0.0012157217133790255
                ],
                [
                    0.001041737967170775,
                    0.23285773396492004,
                    -0.9725103378295898,
                    -1.167012333869934
                ],
                [
                    -1.8262599765783705e-11,
                    0.9725108742713928,
                    0.2328578680753708,
                    0.2794295847415924
                ],
                [
                    0,
                    0,
                    0,
                    1
                ]
            ]
        },
        {
            "file_path": "003.png",
            "transform_matrix": [
                [
                    0.9914318919181824,
                    0.012038913555443287,
                    -0.13006868958473206,
                    -0.15608243644237518
                ],
                [
                    -0.13062463700771332,
                    0.091374471783638,
                    -0.9872122406959534,
                    -1.184654712677002
                ],
                [
                    -6.674572006204471e-10,
                    0.9957438707351685,
                    0.09216414391994476,
                    0.11059700697660446
                ],
                [
                    0,
                    0,
                    0,
                    1
                ]
            ]
        },
        {
            "file_path": "004.png",
            "transform_matrix": [
                [
                    -0.0719197615981102,
                    -0.39697736501693726,
                    0.9150063395500183,
                    1.0980075597763062
                ],
                [
                    0.9974104762077332,
                    -0.02862466499209404,
                    0.06597785651683807,
                    0.0791734829545021
                ],
                [
                    4.888313753781404e-09,
                    0.9173819422721863,
                    0.39800798892974854,
                    0.47760966420173645
                ],
                [
                    0,
                    0,
                    0,
                    1
                ]
            ]
        },
        {
            "file_path": "005.png",
            "transform_matrix": [
                [
                    -0.7121956944465637,
                    0.060279447585344315,
                    -0.6993882060050964,
                    -0.8392658829689026
                ],
                [
                    -0.7019811272621155,
                    -0.061156559735536575,
                    0.7095649838447571,
                    0.8514780402183533
                ],
                [
                    4.650858898003207e-08,
                    0.9963063597679138,
                    0.08587037771940231,
                    0.10304456204175949
                ],
                [
                    0,
                    0,
                    0,
                    1
                ]
            ]
        }
    ]
}