{
    "camera_angle_x": 0.8575560450553894,
    "aabb": [
        [
            -0.35,
            -0.35,
            -0.35
        ],
        [
            0.35,
            0.35,
            0.35
        ]
    ],
    "frames": [
        {
            "file_path": "000.png",
            "transform_matrix": [
                [
                    0.9914601445198059,
                    0.06306237727403641,
                    -0.11414889991283417,
                    -0.13697867095470428
                ],
                [
                    -0.13041025400161743,
                    0.47943952679634094,
                    -0.8678311705589294,
                    -1.0413973331451416
                ],
                [
                    3.061807696269625e-09,
                    0.8753061890602112,
                    0.4835691452026367,
                    0.5802831649780273
                ],
                [
                    0,
                    0,
                    0,
                    1
                ]
            ]
        },
        {
            "file_path": "001.png",
            "transform_matrix": [
                [
                    -0.9844855070114136,
                    0.08756629377603531,
                    -0.15205495059490204,
                    -0.18246597051620483
                ],
                [
                    -0.17546670138835907,
                    -0.4913054406642914,
                    0.8531298637390137,
                    1.0237559080123901
                ],
                [
                    5.92819393574473e-09,
                    0.8665744662284851,
                    0.4990478456020355,
                    0.5988574624061584
                ],
                [
                    0,
                    0,
                    0,
                    1
                ]
            ]
        },
        {
            "file_path": "002.png",
            "transform_matrix": [
                [
                    -0.8887743949890137,
                    -0.1625148504972458,
                    0.4285662770271301,
                    0.5142796039581299
                ],
                [
                    0.4583449959754944,
                    -0.3151318430900574,
                    0.8310306072235107,
                    0.9972367882728577
                ],
                [
                    4.998911151687935e-08,
                    0.9350298643112183,
                    0.3545689284801483,
                    0.4254826307296753
                ],
                [
                    0,
                    0,
                    0,
                    1
                ]
            ]
        },
        {
            "file_path": "003.png",
            "transform_matrix": [
                [
                    -0.9728453755378723,
                    0.03132661432027817,
                    -0.22932621836662292,
                    -0.2751914858818054
                ],
                [
                    -0.2314559817314148,
                    -0.13167066872119904,
                    0.9638936519622803,
                    1.156672477722168
                ],
                [
                    -1.388106429800473e-08,
                    0.9907984137535095,
                    0.1353459507226944,
                    0.16241514682769775
                ],
                [
                    0,
                    0,
                    0,
                    1
                ]
            ]
        },
        {
            "file_path": "004.png",
            "transform_matrix": [
                [
                    -0.5072757601737976,
                    0.32377204298973083,
                    -0.798650860786438,
                    -0.9583809971809387
                ],
                [
                    -0.8617839217185974,
                    -0.19058345258235931,
                    0.4701133966445923,
                    0.5641360282897949
                ],
                [
                    3.3161953183480364e-09,
                    0.9267414808273315,
                    0.3756997585296631,
                    0.4508398771286011
                ],
                [
                    0,
                    0,
                    0,
                    1
                ]
            ]
        },
        {
            "file_path": "005.png",
            "transform_matrix": [
                [
                    0.45374247431755066,
                    -0.03806161507964134,
                    0.8903196454048157,
                    1.0683835744857788
                ],
                [
                    0.8911328911781311,
                    0.019379960373044014,
                    -0.4533284604549408,
                    -0.5439941883087158
                ],
                [
                    2.524377507029385e-08,
                    0.9990874528884888,
                    0.04271145164966583,
                    0.05125372111797333
                ],
                [
                    0,
                    0,
                    0,
                    1
                ]
            ]
        }
    ]
}