{
    "camera_angle_x": 0.8575560450553894,
    "aabb": [
        [
            -0.35,
            -0.35,
            -0.35
        ],
        [
            0.35,
            0.35,
            0.35
        ]
    ],
    "frames": [
        {
            "file_path": "000.png",
            "transform_matrix": [
                [
                    -0.13643932342529297,
                    -0.22310464084148407,
                    0.965198814868927,
                    1.1582385301589966
                ],
                [
                    0.9906485080718994,
                    -0.030727680772542953,
                    0.13293413817882538,
                    0.1595209240913391
                ],
                [
                    3.811557292010548e-08,
                    0.9743101596832275,
                    0.22521065175533295,
                    0.27025291323661804
                ],
                [
                    0,
                    0,
                    0,
                    1
                ]
            ]
        },
        {
            "file_path": "001.png",
            "transform_matrix": [
                [
                    0.8022176623344421,
                    0.1557454764842987,
                    -0.5763595104217529,
                    -0.6916313767433167
                ],
                [
                    -0.5970317721366882,
                    0.2092713713645935,
                    -0.7744410037994385,
                    -0.929328978061676
                ],
                [
                    -3.102628554074727e-08,
                    0.9653751254081726,
                    0.2608661353588104,
                    0.313039630651474
                ],
                [
                    0,
                    0,
                    0,
                    1
                ]
            ]
        },
        {
            "file_path": "002.png",
            "transform_matrix": [
                [
                    -0.9415143132209778,
                    0.1677507609128952,
                    -0.2922511696815491,
                    -0.35070139169692993
                ],
                [
                    -0.3369733989238739,
                    -0.46870097517967224,
                    0.8165589570999146,
                    0.979870617389679
                ],
                [
                    -1.1819082601505215e-08,
                    0.8672826886177063,
                    0.4978160560131073,
                    0.5973793864250183
                ],
                [
                    0,
                    0,
                    0,
                    1
                ]
            ]
        },
        {
            "file_path": "003.png",
            "transform_matrix": [
                [
                    -0.7201423645019531,
                    0.23588576912879944,
                    -0.6524974703788757,
                    -0.7829970121383667
                ],
                [
                    -0.6938263773918152,
                    -0.24483263492584229,
                    0.6772459149360657,
                    0.8126950860023499
                ],
                [
                    2.3573285545808176e-08,
                    0.9404333829879761,
                    0.33997806906700134,
                    0.4079737663269043
                ],
                [
                    0,
                    0,
                    0,
                    1
                ]
            ]
        },
        {
            "file_path": "004.png",
            "transform_matrix": [
                [
                    -0.6691938638687134,
                    -0.16449512541294098,
                    0.7246524691581726,
                    0.8695828318595886
                ],
                [
                    0.7430880665779114,
                    -0.1481374055147171,
                    0.6525915265083313,
                    0.7831097841262817
                ],
                [
                    -5.419523319005748e-08,
                    0.9751906991004944,
                    0.22136682271957397,
                    0.2656404376029968
                ],
                [
                    0,
                    0,
                    0,
                    1
                ]
            ]
        },
        {
            "file_path": "005.png",
            "transform_matrix": [
                [
                    0.9993777275085449,
                    0.0085902726277709,
                    -0.03421129658818245,
                    -0.04105355590581894
                ],
                [
                    -0.03527329862117767,
                    0.24338312447071075,
                    -0.9692886471748352,
                    -1.1631463766098022
                ],
                [
                    -6.507581140624552e-10,
                    0.9698922038078308,
                    0.24353466928005219,
                    0.29224178194999695
                ],
                [
                    0,
                    0,
                    0,
                    1
                ]
            ]
        }
    ]
}