{
    "camera_angle_x": 0.8575560450553894,
    "aabb": [
        [
            -0.35,
            -0.35,
            -0.35
        ],
        [
            0.35,
            0.35,
            0.35
        ]
    ],
    "frames": [
        {
            "file_path": "000.png",
            "transform_matrix": [
                [
                    -0.4148016571998596,
                    0.3140207827091217,
                    -0.8540086150169373,
                    -1.0248103141784668
                ],
                [
                    -0.9099119901657104,
                    -0.14315265417099,
                    0.38931697607040405,
                    0.46718040108680725
                ],
                [
                    7.375678023890941e-08,
                    0.9385619163513184,
                    0.34511107206344604,
                    0.4141334593296051
                ],
                [
                    0,
                    0,
                    0,
                    1
                ]
            ]
        },
        {
            "file_path": "001.png",
            "transform_matrix": [
                [
                    0.34557971358299255,
                    0.21542063355445862,
                    -0.9133283495903015,
                    -1.095993995666504
                ],
                [
                    -0.9383894801139832,
                    0.07933259755373001,
                    -0.33635058999061584,
                    -0.4036206901073456
                ],
                [
                    -7.159899695352578e-08,
                    0.9732936024665833,
                    0.2295641154050827,
                    0.27547717094421387
                ],
                [
                    0,
                    0,
                    0,
                    1
                ]
            ]
        },
        {
            "file_path": "002.png",
            "transform_matrix": [
                [
                    0.8517398834228516,
                    0.11029506474733353,
                    -0.5122247338294983,
                    -0.6146696209907532
                ],
                [
                    -0.5239648818969727,
                    0.1792919784784317,
                    -0.8326555490493774,
                    -0.999186635017395
                ],
                [
                    8.449802635368542e-09,
                    0.977593719959259,
                    0.21050086617469788,
                    0.2526012361049652
                ],
                [
                    0,
                    0,
                    0,
                    1
                ]
            ]
        },
        {
            "file_path": "003.png",
            "transform_matrix": [
                [
                    -0.7901183366775513,
                    0.09937734156847,
                    -0.6048446893692017,
                    -0.7258137464523315
                ],
                [
                    -0.6129542589187622,
                    -0.1281006634235382,
                    0.7796648144721985,
                    0.9355977177619934
                ],
                [
                    -3.848963814334638e-09,
                    0.9867696166038513,
                    0.1621285080909729,
                    0.1945541948080063
                ],
                [
                    0,
                    0,
                    0,
                    1
                ]
            ]
        },
        {
            "file_path": "004.png",
            "transform_matrix": [
                [
                    -0.9506603479385376,
                    0.08874375373125076,
                    -0.29727035760879517,
                    -0.35672444105148315
                ],
                [
                    -0.3102339804172516,
                    -0.2719404101371765,
                    0.9109354615211487,
                    1.0931224822998047
                ],
                [
                    2.4102543960680123e-08,
                    0.9582135081291199,
                    0.28605416417121887,
                    0.3432651460170746
                ],
                [
                    0,
                    0,
                    0,
                    1
                ]
            ]
        },
        {
            "file_path": "005.png",
            "transform_matrix": [
                [
                    0.04290200397372246,
                    -0.02165297418832779,
                    0.9988447427749634,
                    1.1986136436462402
                ],
                [
                    0.9990794062614441,
                    0.0009296047501266003,
                    -0.04289207234978676,
                    -0.05147050321102142
                ],
                [
                    6.596582124984707e-08,
                    0.9997652769088745,
                    0.02167278155684471,
                    0.02600761130452156
                ],
                [
                    0,
                    0,
                    0,
                    1
                ]
            ]
        }
    ]
}