{
    "camera_angle_x": 0.8575560450553894,
    "aabb": [
        [
            -0.35,
            -0.35,
            -0.35
        ],
        [
            0.35,
            0.35,
            0.35
        ]
    ],
    "frames": [
        {
            "file_path": "000.png",
            "transform_matrix": [
                [
                    -0.9270942211151123,
                    -0.024130122736096382,
                    0.3740505576133728,
                    0.448860764503479
                ],
                [
                    0.3748280704021454,
                    -0.059683144092559814,
                    0.9251711964607239,
                    1.1102055311203003
                ],
                [
                    4.057320168726619e-08,
                    0.9979256391525269,
                    0.06437665969133377,
                    0.07725167274475098
                ],
                [
                    0,
                    0,
                    0,
                    1
                ]
            ]
        },
        {
            "file_path": "001.png",
            "transform_matrix": [
                [
                    -0.9894559979438782,
                    -0.06496533006429672,
                    0.12944737076759338,
                    0.15533685684204102
                ],
                [
                    0.14483478665351868,
                    -0.44381844997406006,
                    0.884334921836853,
                    1.0612019300460815
                ],
                [
                    5.325173191295107e-09,
                    0.8937588930130005,
                    0.4485478401184082,
                    0.538257360458374
                ],
                [
                    0,
                    0,
                    0,
                    1
                ]
            ]
        },
        {
            "file_path": "002.png",
            "transform_matrix": [
                [
                    -0.9132888913154602,
                    0.012841419316828251,
                    -0.4071100652217865,
                    -0.48853209614753723
                ],
                [
                    -0.4073125422000885,
                    -0.02879348397254944,
                    0.912834882736206,
                    1.0954018831253052
                ],
                [
                    -7.740563745528561e-09,
                    0.999502956867218,
                    0.03152717277407646,
                    0.03783266991376877
                ],
                [
                    0,
                    0,
                    0,
                    1
                ]
            ]
        },
        {
            "file_path": "003.png",
            "transform_matrix": [
                [
                    0.4396931529045105,
                    0.006931052543222904,
                    -0.8981214165687561,
                    -1.0777455568313599
                ],
                [
                    -0.8981481194496155,
                    0.003392943413928151,
                    -0.43968018889427185,
                    -0.5276162028312683
                ],
                [
                    -5.8881511222352856e-08,
                    0.9999703764915466,
                    0.007716895081102848,
                    0.009260661900043488
                ],
                [
                    0,
                    0,
                    0,
                    1
                ]
            ]
        },
        {
            "file_path": "004.png",
            "transform_matrix": [
                [
                    0.8436868190765381,
                    0.230727419257164,
                    -0.4847240447998047,
                    -0.5816688537597656
                ],
                [
                    -0.5368356704711914,
                    0.3626094460487366,
                    -0.7617886066436768,
                    -0.914146363735199
                ],
                [
                    -5.149001225390748e-10,
                    0.9029281735420227,
                    0.42979153990745544,
                    0.5157498121261597
                ],
                [
                    0,
                    0,
                    0,
                    1
                ]
            ]
        },
        {
            "file_path": "005.png",
            "transform_matrix": [
                [
                    -0.0660993754863739,
                    0.1433458924293518,
                    -0.9874628782272339,
                    -1.1849554777145386
                ],
                [
                    -0.9978131055831909,
                    -0.00949590839445591,
                    0.06541366130113602,
                    0.07849638909101486
                ],
                [
                    -7.783022226703906e-09,
                    0.9896271824836731,
                    0.14365999400615692,
                    0.17239215970039368
                ],
                [
                    0,
                    0,
                    0,
                    1
                ]
            ]
        }
    ]
}