{
    "camera_angle_x": 0.8575560450553894,
    "aabb": [
        [
            -0.35,
            -0.35,
            -0.35
        ],
        [
            0.35,
            0.35,
            0.35
        ]
    ],
    "frames": [
        {
            "file_path": "000.png",
            "transform_matrix": [
                [
                    0.06381996721029282,
                    -0.4628138244152069,
                    0.8841551542282104,
                    1.0609862804412842
                ],
                [
                    0.9979614019393921,
                    0.029597129672765732,
                    -0.05654197558760643,
                    -0.06785031408071518
                ],
                [
                    -7.654811895463354e-09,
                    0.8859612345695496,
                    0.46375927329063416,
                    0.5565111041069031
                ],
                [
                    0,
                    0,
                    0,
                    1
                ]
            ]
        },
        {
            "file_path": "001.png",
            "transform_matrix": [
                [
                    0.6445609927177429,
                    0.09727832674980164,
                    -0.7583390474319458,
                    -0.9100068807601929
                ],
                [
                    -0.764552891254425,
                    0.08201102912425995,
                    -0.6393223404884338,
                    -0.7671868205070496
                ],
                [
                    -2.8714168820442865e-08,
                    0.9918725490570068,
                    0.1272355318069458,
                    0.15268269181251526
                ],
                [
                    0,
                    0,
                    0,
                    1
                ]
            ]
        },
        {
            "file_path": "002.png",
            "transform_matrix": [
                [
                    -0.06343069672584534,
                    -0.4456486999988556,
                    0.8929579854011536,
                    1.0715495347976685
                ],
                [
                    0.9979863166809082,
                    -0.028324870392680168,
                    0.056755177676677704,
                    0.06810620427131653
                ],
                [
                    -1.3569277257374779e-08,
                    0.8947597742080688,
                    0.44654786586761475,
                    0.5358574390411377
                ],
                [
                    0,
                    0,
                    0,
                    1
                ]
            ]
        },
        {
            "file_path": "003.png",
            "transform_matrix": [
                [
                    -0.44292137026786804,
                    0.303766667842865,
                    -0.843532383441925,
                    -1.0122387409210205
                ],
                [
                    -0.8965607285499573,
                    -0.15006780624389648,
                    0.4167240262031555,
                    0.500068724155426
                ],
                [
                    -5.303935068923238e-08,
                    0.9408537745475769,
                    0.3388132154941559,
                    0.4065759778022766
                ],
                [
                    0,
                    0,
                    0,
                    1
                ]
            ]
        },
        {
            "file_path": "004.png",
            "transform_matrix": [
                [
                    0.38026878237724304,
                    0.07401812821626663,
                    -0.921909511089325,
                    -1.1062912940979004
                ],
                [
                    -0.9248760938644409,
                    0.030432874336838722,
                    -0.379049152135849,
                    -0.45485904812812805
                ],
                [
                    -4.5577564833365614e-08,
                    0.9967925548553467,
                    0.08003018796443939,
                    0.09603647142648697
                ],
                [
                    0,
                    0,
                    0,
                    1
                ]
            ]
        },
        {
            "file_path": "005.png",
            "transform_matrix": [
                [
                    -0.11925838142633438,
                    0.3806459903717041,
                    -0.9169983863830566,
                    -1.100398063659668
                ],
                [
                    -0.9928632378578186,
                    -0.04572152718901634,
                    0.11014582961797714,
                    0.132175013422966
                ],
                [
                    3.943952719964727e-09,
                    0.923589825630188,
                    0.383382111787796,
                    0.46005865931510925
                ],
                [
                    0,
                    0,
                    0,
                    1
                ]
            ]
        }
    ]
}