{
    "camera_angle_x": 0.8575560450553894,
    "aabb": [
        [
            -0.35,
            -0.35,
            -0.35
        ],
        [
            0.35,
            0.35,
            0.35
        ]
    ],
    "frames": [
        {
            "file_path": "000.png",
            "transform_matrix": [
                [
                    -0.6880284547805786,
                    -0.02607100084424019,
                    0.725215494632721,
                    0.8702585101127625
                ],
                [
                    0.7256839275360107,
                    -0.02471821755170822,
                    0.6875842213630676,
                    0.8251010179519653
                ],
                [
                    -4.6041684242936753e-08,
                    0.9993545413017273,
                    0.0359259732067585,
                    0.04311133921146393
                ],
                [
                    0,
                    0,
                    0,
                    1
                ]
            ]
        },
        {
            "file_path": "001.png",
            "transform_matrix": [
                [
                    -0.8878762722015381,
                    -0.018360722810029984,
                    0.4597161114215851,
                    0.551659345626831
                ],
                [
                    0.46008262038230896,
                    -0.03543296456336975,
                    0.8871688842773438,
                    1.0646026134490967
                ],
                [
                    8.611113599954479e-09,
                    0.9992034435272217,
                    0.039907392114400864,
                    0.04788897931575775
                ],
                [
                    0,
                    0,
                    0,
                    1
                ]
            ]
        },
        {
            "file_path": "002.png",
            "transform_matrix": [
                [
                    -0.05446035787463188,
                    -0.46501922607421875,
                    0.8836240172386169,
                    1.0603487491607666
                ],
                [
                    0.9985160827636719,
                    -0.02536275051534176,
                    0.048193927854299545,
                    0.057832714170217514
                ],
                [
                    -6.720286904737804e-08,
                    0.8849373459815979,
                    0.46571025252342224,
                    0.55885249376297
                ],
                [
                    0,
                    0,
                    0,
                    1
                ]
            ]
        },
        {
            "file_path": "003.png",
            "transform_matrix": [
                [
                    -0.9136001467704773,
                    -0.06854774802923203,
                    0.4007945656776428,
                    0.4809533953666687
                ],
                [
                    0.40661415457725525,
                    -0.15401636064052582,
                    0.9005243182182312,
                    1.0806291103363037
                ],
                [
                    -3.038062956761678e-08,
                    0.9856877326965332,
                    0.16858167946338654,
                    0.2022981345653534
                ],
                [
                    0,
                    0,
                    0,
                    1
                ]
            ]
        },
        {
            "file_path": "004.png",
            "transform_matrix": [
                [
                    -0.2589692771434784,
                    -0.007006268482655287,
                    0.9658603668212891,
                    1.1590322256088257
                ],
                [
                    0.9658857583999634,
                    -0.0018785337451845407,
                    0.2589623034000397,
                    0.31075480580329895
                ],
                [
                    -9.640608311656251e-08,
                    0.9999738335609436,
                    0.007253555580973625,
                    0.008704522624611855
                ],
                [
                    0,
                    0,
                    0,
                    1
                ]
            ]
        },
        {
            "file_path": "005.png",
            "transform_matrix": [
                [
                    -0.31524980068206787,
                    0.2938495874404907,
                    -0.9023690819740295,
                    -1.0828429460525513
                ],
                [
                    -0.9490087032318115,
                    -0.09761342406272888,
                    0.2997566759586334,
                    0.3597080111503601
                ],
                [
                    3.308478824237682e-08,
                    0.9508543610572815,
                    0.30963844060897827,
                    0.37156620621681213
                ],
                [
                    0,
                    0,
                    0,
                    1
                ]
            ]
        }
    ]
}