{
    "camera_angle_x": 0.8575560450553894,
    "aabb": [
        [
            -0.35,
            -0.35,
            -0.35
        ],
        [
            0.35,
            0.35,
            0.35
        ]
    ],
    "frames": [
        {
            "file_path": "000.png",
            "transform_matrix": [
                [
                    -0.9998276829719543,
                    -0.0021562755573540926,
                    0.018445482477545738,
                    0.022134577855467796
                ],
                [
                    0.01857108809053898,
                    -0.1160893440246582,
                    0.9930652379989624,
                    1.1916781663894653
                ],
                [
                    4.913064954870094e-10,
                    0.9932364821434021,
                    0.11610922962427139,
                    0.13933128118515015
                ],
                [
                    0,
                    0,
                    0,
                    1
                ]
            ]
        },
        {
            "file_path": "001.png",
            "transform_matrix": [
                [
                    0.3292113244533539,
                    0.07665061205625534,
                    -0.9411401152610779,
                    -1.1293680667877197
                ],
                [
                    -0.9442563652992249,
                    0.026723815128207207,
                    -0.3281249701976776,
                    -0.39374998211860657
                ],
                [
                    -2.885001038066548e-08,
                    0.9966999292373657,
                    0.0811755359172821,
                    0.09741080552339554
                ],
                [
                    0,
                    0,
                    0,
                    1
                ]
            ]
        },
        {
            "file_path": "002.png",
            "transform_matrix": [
                [
                    0.5703557133674622,
                    -0.05987038090825081,
                    0.8192129731178284,
                    0.983055591583252
                ],
                [
                    0.8213978409767151,
                    0.04157232120633125,
                    -0.5688385963439941,
                    -0.6826063394546509
                ],
                [
                    1.8858223427287157e-08,
                    0.9973400831222534,
                    0.07288841903209686,
                    0.08746609836816788
                ],
                [
                    0,
                    0,
                    0,
                    1
                ]
            ]
        },
        {
            "file_path": "003.png",
            "transform_matrix": [
                [
                    -0.15809819102287292,
                    -0.40549376606941223,
                    0.9003221392631531,
                    1.0803865194320679
                ],
                [
                    0.9874234795570374,
                    -0.0649244487285614,
                    0.14415216445922852,
                    0.17298272252082825
                ],
                [
                    6.557004894602869e-08,
                    0.9117892980575562,
                    0.4106583893299103,
                    0.49279019236564636
                ],
                [
                    0,
                    0,
                    0,
                    1
                ]
            ]
        },
        {
            "file_path": "004.png",
            "transform_matrix": [
                [
                    -0.27263355255126953,
                    0.35405537486076355,
                    -0.8946037888526917,
                    -1.0735244750976562
                ],
                [
                    -0.9621180891990662,
                    -0.10032791644334793,
                    0.25350216031074524,
                    0.3042026162147522
                ],
                [
                    1.4322408503630868e-07,
                    0.9298275709152222,
                    0.3679956793785095,
                    0.4415949881076813
                ],
                [
                    0,
                    0,
                    0,
                    1
                ]
            ]
        },
        {
            "file_path": "005.png",
            "transform_matrix": [
                [
                    0.6865120530128479,
                    0.11544234305620193,
                    -0.7178957462310791,
                    -0.8614749312400818
                ],
                [
                    -0.7271184921264648,
                    0.10899531096220016,
                    -0.6778044104576111,
                    -0.8133652806282043
                ],
                [
                    -3.0611698065285964e-08,
                    0.9873161315917969,
                    0.15876683592796326,
                    0.1905202716588974
                ],
                [
                    0,
                    0,
                    0,
                    1
                ]
            ]
        }
    ]
}