{
    "camera_angle_x": 0.8575560450553894,
    "aabb": [
        [
            -0.35,
            -0.35,
            -0.35
        ],
        [
            0.35,
            0.35,
            0.35
        ]
    ],
    "frames": [
        {
            "file_path": "000.png",
            "transform_matrix": [
                [
                    0.7488266229629517,
                    -0.011926786974072456,
                    0.6626586318016052,
                    0.7951903939247131
                ],
                [
                    0.6627659797668457,
                    0.013475500978529453,
                    -0.7487053871154785,
                    -0.8984464406967163
                ],
                [
                    -3.4598969023136306e-08,
                    0.99983811378479,
                    0.017995471134781837,
                    0.021594563499093056
                ],
                [
                    0,
                    0,
                    0,
                    1
                ]
            ]
        },
        {
            "file_path": "001.png",
            "transform_matrix": [
                [
                    -0.6292651891708374,
                    0.027385808527469635,
                    -0.7767080664634705,
                    -0.9320496320724487
                ],
                [
                    -0.7771906852722168,
                    -0.02217339351773262,
                    0.6288744211196899,
                    0.7546493411064148
                ],
                [
                    -2.777255758701358e-09,
                    0.9993789792060852,
                    0.035236906260252,
                    0.04228430241346359
                ],
                [
                    0,
                    0,
                    0,
                    1
                ]
            ]
        },
        {
            "file_path": "002.png",
            "transform_matrix": [
                [
                    0.5265780687332153,
                    0.3559825122356415,
                    -0.7720052003860474,
                    -0.92640620470047
                ],
                [
                    -0.8501268029212952,
                    0.22049951553344727,
                    -0.47818875312805176,
                    -0.5738264322280884
                ],
                [
                    -9.506955223059776e-09,
                    0.9081060290336609,
                    0.418740451335907,
                    0.5024886131286621
                ],
                [
                    0,
                    0,
                    0,
                    1
                ]
            ]
        },
        {
            "file_path": "003.png",
            "transform_matrix": [
                [
                    0.7424730062484741,
                    0.32355421781539917,
                    -0.586554765701294,
                    -0.7038658261299133
                ],
                [
                    -0.669875979423523,
                    0.3586190640926361,
                    -0.6501219272613525,
                    -0.7801463603973389
                ],
                [
                    2.2313569658649612e-08,
                    0.8756169080734253,
                    0.48300617933273315,
                    0.5796074271202087
                ],
                [
                    0,
                    0,
                    0,
                    1
                ]
            ]
        },
        {
            "file_path": "004.png",
            "transform_matrix": [
                [
                    -0.7781844139099121,
                    0.22570236027240753,
                    -0.5860781073570251,
                    -0.7032937407493591
                ],
                [
                    -0.6280359029769897,
                    -0.2796624004840851,
                    0.7261955142021179,
                    0.8714345693588257
                ],
                [
                    3.550706040300611e-08,
                    0.9331920742988586,
                    0.35937803983688354,
                    0.43125370144844055
                ],
                [
                    0,
                    0,
                    0,
                    1
                ]
            ]
        },
        {
            "file_path": "005.png",
            "transform_matrix": [
                [
                    -0.22366590797901154,
                    -0.452761173248291,
                    0.8631228804588318,
                    1.0357474088668823
                ],
                [
                    0.9746659994125366,
                    -0.10389944165945053,
                    0.1980689913034439,
                    0.23768283426761627
                ],
                [
                    -3.070901044566199e-08,
                    0.8855577111244202,
                    0.46452951431274414,
                    0.5574355721473694
                ],
                [
                    0,
                    0,
                    0,
                    1
                ]
            ]
        }
    ]
}