{
    "camera_angle_x": 0.8575560450553894,
    "aabb": [
        [
            -0.35,
            -0.35,
            -0.35
        ],
        [
            0.35,
            0.35,
            0.35
        ]
    ],
    "frames": [
        {
            "file_path": "000.png",
            "transform_matrix": [
                [
                    0.4331728219985962,
                    0.41801097989082336,
                    -0.7985162734985352,
                    -0.9582194685935974
                ],
                [
                    -0.901310920715332,
                    0.20089730620384216,
                    -0.3837694823741913,
                    -0.460523396730423
                ],
                [
                    -7.618943698162184e-09,
                    0.8859499096870422,
                    0.4637810289859772,
                    0.5565372705459595
                ],
                [
                    0,
                    0,
                    0,
                    1
                ]
            ]
        },
        {
            "file_path": "001.png",
            "transform_matrix": [
                [
                    0.8045505881309509,
                    -0.2857734262943268,
                    0.5206071734428406,
                    0.6247286796569824
                ],
                [
                    0.5938840508460999,
                    0.38714489340782166,
                    -0.7052804231643677,
                    -0.8463366031646729
                ],
                [
                    -1.7614176783808944e-10,
                    0.8766141533851624,
                    0.4811939299106598,
                    0.5774326920509338
                ],
                [
                    0,
                    0,
                    0,
                    1
                ]
            ]
        },
        {
            "file_path": "002.png",
            "transform_matrix": [
                [
                    -0.9959292411804199,
                    0.037172988057136536,
                    -0.08211733400821686,
                    -0.09854079782962799
                ],
                [
                    -0.09013926237821579,
                    -0.41071635484695435,
                    0.9072965979576111,
                    1.0887559652328491
                ],
                [
                    -7.611946628571786e-10,
                    0.9110051393508911,
                    0.41239503026008606,
                    0.4948740303516388
                ],
                [
                    0,
                    0,
                    0,
                    1
                ]
            ]
        },
        {
            "file_path": "003.png",
            "transform_matrix": [
                [
                    0.3228147625923157,
                    -0.14303264021873474,
                    0.9355919361114502,
                    1.1227103471755981
                ],
                [
                    0.9464621543884277,
                    0.048784803599119186,
                    -0.31910720467567444,
                    -0.38292866945266724
                ],
                [
                    7.896911569105214e-08,
                    0.9885149002075195,
                    0.15112343430519104,
                    0.18134820461273193
                ],
                [
                    0,
                    0,
                    0,
                    1
                ]
            ]
        },
        {
            "file_path": "004.png",
            "transform_matrix": [
                [
                    0.9670171141624451,
                    0.11513439565896988,
                    -0.22720462083816528,
                    -0.2726455628871918
                ],
                [
                    -0.2547113299369812,
                    0.4371102452278137,
                    -0.8625872731208801,
                    -1.035104751586914
                ],
                [
                    6.86324330700927e-09,
                    0.8920082449913025,
                    0.4520191252231598,
                    0.542422890663147
                ],
                [
                    0,
                    0,
                    0,
                    1
                ]
            ]
        },
        {
            "file_path": "005.png",
            "transform_matrix": [
                [
                    0.9197947978973389,
                    -0.12526696920394897,
                    0.371867835521698,
                    0.44624146819114685
                ],
                [
                    0.3923996686935425,
                    0.2936289608478546,
                    -0.8716676831245422,
                    -1.0460013151168823
                ],
                [
                    2.6810926812004254e-09,
                    0.9476762413978577,
                    0.31923308968544006,
                    0.38307976722717285
                ],
                [
                    0,
                    0,
                    0,
                    1
                ]
            ]
        }
    ]
}