{
    "camera_angle_x": 0.8575560450553894,
    "aabb": [
        [
            -0.35,
            -0.35,
            -0.35
        ],
        [
            0.35,
            0.35,
            0.35
        ]
    ],
    "frames": [
        {
            "file_path": "000.png",
            "transform_matrix": [
                [
                    -0.543489396572113,
                    -0.35785648226737976,
                    0.7593143582344055,
                    0.9111772179603577
                ],
                [
                    0.8394162058830261,
                    -0.2316982001066208,
                    0.49162647128105164,
                    0.589951753616333
                ],
                [
                    -1.8135192902946073e-08,
                    0.904574453830719,
                    0.4263158142566681,
                    0.511579155921936
                ],
                [
                    0,
                    0,
                    0,
                    1
                ]
            ]
        },
        {
            "file_path": "001.png",
            "transform_matrix": [
                [
                    -0.9852270483970642,
                    -0.02818879671394825,
                    0.16891805827617645,
                    0.2027016580104828
                ],
                [
                    0.171253964304924,
                    -0.1621706187725067,
                    0.9717885255813599,
                    1.166146159172058
                ],
                [
                    -1.2368099433501811e-08,
                    0.9863600730895996,
                    0.16460220515727997,
                    0.197522833943367
                ],
                [
                    0,
                    0,
                    0,
                    1
                ]
            ]
        },
        {
            "file_path": "002.png",
            "transform_matrix": [
                [
                    -0.4527144730091095,
                    0.23621436953544617,
                    -0.8597978949546814,
                    -1.0317574739456177
                ],
                [
                    -0.8916555643081665,
                    -0.11993168294429779,
                    0.43653956055641174,
                    0.5238474011421204
                ],
                [
                    -7.739149054941663e-08,
                    0.9642713069915771,
                    0.26491662859916687,
                    0.31790000200271606
                ],
                [
                    0,
                    0,
                    0,
                    1
                ]
            ]
        },
        {
            "file_path": "003.png",
            "transform_matrix": [
                [
                    -0.8978112936019897,
                    0.21899786591529846,
                    -0.38206687569618225,
                    -0.45848023891448975
                ],
                [
                    -0.44038069248199463,
                    -0.44647449254989624,
                    0.7789259552955627,
                    0.9347110390663147
                ],
                [
                    3.061906284074212e-08,
                    0.8675832748413086,
                    0.49729204177856445,
                    0.5967505574226379
                ],
                [
                    0,
                    0,
                    0,
                    1
                ]
            ]
        },
        {
            "file_path": "004.png",
            "transform_matrix": [
                [
                    0.5306707620620728,
                    0.011771092191338539,
                    -0.8474963307380676,
                    -1.0169955492019653
                ],
                [
                    -0.8475780487060547,
                    0.007369766011834145,
                    -0.5306196808815002,
                    -0.6367436647415161
                ],
                [
                    -7.745612862208873e-08,
                    0.9999036192893982,
                    0.013887813314795494,
                    0.016665495932102203
                ],
                [
                    0,
                    0,
                    0,
                    1
                ]
            ]
        },
        {
            "file_path": "005.png",
            "transform_matrix": [
                [
                    0.40846922993659973,
                    -0.19446809589862823,
                    0.8918156623840332,
                    1.070178747177124
                ],
                [
                    0.9127721190452576,
                    0.08702513575553894,
                    -0.3990911841392517,
                    -0.47890934348106384
                ],
                [
                    6.928115681148483e-08,
                    0.9770408868789673,
                    0.21305210888385773,
                    0.25566259026527405
                ],
                [
                    0,
                    0,
                    0,
                    1
                ]
            ]
        }
    ]
}