{
    "camera_angle_x": 0.8575560450553894,
    "aabb": [
        [
            -0.35,
            -0.35,
            -0.35
        ],
        [
            0.35,
            0.35,
            0.35
        ]
    ],
    "frames": [
        {
            "file_path": "000.png",
            "transform_matrix": [
                [
                    -0.9989104866981506,
                    -0.021915359422564507,
                    0.04120227321982384,
                    0.049442730844020844
                ],
                [
                    0.04666808620095253,
                    -0.4690890610218048,
                    0.8819169998168945,
                    1.058300495147705
                ],
                [
                    5.507676537064299e-09,
                    0.8828789591789246,
                    0.469600647687912,
                    0.5635206699371338
                ],
                [
                    0,
                    0,
                    0,
                    1
                ]
            ]
        },
        {
            "file_path": "001.png",
            "transform_matrix": [
                [
                    -0.7057573199272156,
                    0.27893078327178955,
                    -0.6512327790260315,
                    -0.7814793586730957
                ],
                [
                    -0.7084535956382751,
                    -0.27786919474601746,
                    0.6487542986869812,
                    0.778505265712738
                ],
                [
                    -1.3332694948076096e-09,
                    0.9192313551902771,
                    0.39371779561042786,
                    0.4724613130092621
                ],
                [
                    0,
                    0,
                    0,
                    1
                ]
            ]
        },
        {
            "file_path": "002.png",
            "transform_matrix": [
                [
                    -0.15480823814868927,
                    0.3348884880542755,
                    -0.9294536709785461,
                    -1.1153444051742554
                ],
                [
                    -0.9879445433616638,
                    -0.05247611179947853,
                    0.14564286172389984,
                    0.1747714728116989
                ],
                [
                    1.689618045475072e-08,
                    0.9407954216003418,
                    0.3389749825000763,
                    0.4067700207233429
                ],
                [
                    0,
                    0,
                    0,
                    1
                ]
            ]
        },
        {
            "file_path": "003.png",
            "transform_matrix": [
                [
                    0.8116827011108398,
                    -0.16692709922790527,
                    0.5597379803657532,
                    0.671685516834259
                ],
                [
                    0.5840986371040344,
                    0.2319672852754593,
                    -0.7778303027153015,
                    -0.9333963394165039
                ],
                [
                    3.8938850366321276e-08,
                    0.9582935571670532,
                    0.2857857048511505,
                    0.3429429233074188
                ],
                [
                    0,
                    0,
                    0,
                    1
                ]
            ]
        },
        {
            "file_path": "004.png",
            "transform_matrix": [
                [
                    0.4572996199131012,
                    -0.20243719220161438,
                    0.8659654855728149,
                    1.039158582687378
                ],
                [
                    0.8893126845359802,
                    0.10409661382436752,
                    -0.4452941119670868,
                    -0.5343530774116516
                ],
                [
                    6.420375342486295e-09,
                    0.9737469553947449,
                    0.2276332974433899,
                    0.27316007018089294
                ],
                [
                    0,
                    0,
                    0,
                    1
                ]
            ]
        },
        {
            "file_path": "005.png",
            "transform_matrix": [
                [
                    0.4502317011356354,
                    -0.24279017746448517,
                    0.8592696785926819,
                    1.0311236381530762
                ],
                [
                    0.8929117918014526,
                    0.12242177128791809,
                    -0.4332684278488159,
                    -0.5199220776557922
                ],
                [
                    -4.18395877943567e-08,
                    0.9623231887817383,
                    0.27190834283828735,
                    0.3262900710105896
                ],
                [
                    0,
                    0,
                    0,
                    1
                ]
            ]
        }
    ]
}