{
    "camera_angle_x": 0.8575560450553894,
    "aabb": [
        [
            -0.35,
            -0.35,
            -0.35
        ],
        [
            0.35,
            0.35,
            0.35
        ]
    ],
    "frames": [
        {
            "file_path": "000.png",
            "transform_matrix": [
                [
                    -0.957995593547821,
                    0.11115435510873795,
                    -0.2643659710884094,
                    -0.3172391653060913
                ],
                [
                    -0.28678327798843384,
                    -0.37130969762802124,
                    0.883110761642456,
                    1.0597329139709473
                ],
                [
                    -2.1806620509323693e-08,
                    0.9218318462371826,
                    0.38759011030197144,
                    0.46510806679725647
                ],
                [
                    0,
                    0,
                    0,
                    1
                ]
            ]
        },
        {
            "file_path": "001.png",
            "transform_matrix": [
                [
                    0.6788960099220276,
                    -0.2716192305088043,
                    0.6821460127830505,
                    0.8185752630233765
                ],
                [
                    0.7342344522476196,
                    0.251147598028183,
                    -0.6307334899902344,
                    -0.7568801641464233
                ],
                [
                    -2.276294708281057e-08,
                    0.9290575385093689,
                    0.3699352741241455,
                    0.44392234086990356
                ],
                [
                    0,
                    0,
                    0,
                    1
                ]
            ]
        },
        {
            "file_path": "002.png",
            "transform_matrix": [
                [
                    0.8920426964759827,
                    -0.09089486300945282,
                    0.4427165389060974,
                    0.5312597751617432
                ],
                [
                    0.4519510865211487,
                    0.17940446734428406,
                    -0.8738159537315369,
                    -1.0485790967941284
                ],
                [
                    2.9327054562600097e-08,
                    0.9795674085617065,
                    0.20111647248268127,
                    0.24133986234664917
                ],
                [
                    0,
                    0,
                    0,
                    1
                ]
            ]
        },
        {
            "file_path": "003.png",
            "transform_matrix": [
                [
                    0.2725485563278198,
                    0.16697236895561218,
                    -0.9475429654121399,
                    -1.1370514631271362
                ],
                [
                    -0.9621421098709106,
                    0.04729854315519333,
                    -0.26841315627098083,
                    -0.3220958411693573
                ],
                [
                    -6.465204194228136e-08,
                    0.9848265647888184,
                    0.17354218661785126,
                    0.20825086534023285
                ],
                [
                    0,
                    0,
                    0,
                    1
                ]
            ]
        },
        {
            "file_path": "004.png",
            "transform_matrix": [
                [
                    0.39821651577949524,
                    0.04143588989973068,
                    -0.9163551330566406,
                    -1.0996261835098267
                ],
                [
                    -0.9172914624214172,
                    0.01798817701637745,
                    -0.39781010150909424,
                    -0.4773721396923065
                ],
                [
                    2.188752290521734e-09,
                    0.9989792704582214,
                    0.045171938836574554,
                    0.054206591099500656
                ],
                [
                    0,
                    0,
                    0,
                    1
                ]
            ]
        },
        {
            "file_path": "005.png",
            "transform_matrix": [
                [
                    0.9584734439849854,
                    0.09769298136234283,
                    -0.26792681217193604,
                    -0.3215121924877167
                ],
                [
                    -0.2851818799972534,
                    0.3283381760120392,
                    -0.9004806876182556,
                    -1.080576777458191
                ],
                [
                    -1.3388048891727067e-08,
                    0.9394946694374084,
                    0.3425636887550354,
                    0.41107651591300964
                ],
                [
                    0,
                    0,
                    0,
                    1
                ]
            ]
        }
    ]
}