{
    "camera_angle_x": 0.8575560450553894,
    "aabb": [
        [
            -0.35,
            -0.35,
            -0.35
        ],
        [
            0.35,
            0.35,
            0.35
        ]
    ],
    "frames": [
        {
            "file_path": "000.png",
            "transform_matrix": [
                [
                    -0.30531570315361023,
                    0.01637604646384716,
                    -0.9521104693412781,
                    -1.142532467842102
                ],
                [
                    -0.9522513151168823,
                    -0.005250634625554085,
                    0.3052704632282257,
                    0.36632463335990906
                ],
                [
                    2.880407024008491e-08,
                    0.9998522400856018,
                    0.01719708740711212,
                    0.02063666842877865
                ],
                [
                    0,
                    0,
                    0,
                    1
                ]
            ]
        },
        {
            "file_path": "001.png",
            "transform_matrix": [
                [
                    -0.852767288684845,
                    0.1737290471792221,
                    -0.49255096912384033,
                    -0.5910611152648926
                ],
                [
                    -0.5222913026809692,
                    -0.28365492820739746,
                    0.8042088747024536,
                    0.9650505185127258
                ],
                [
                    -1.7436843080531617e-08,
                    0.9430579543113708,
                    0.33262860774993896,
                    0.3991544842720032
                ],
                [
                    0,
                    0,
                    0,
                    1
                ]
            ]
        },
        {
            "file_path": "002.png",
            "transform_matrix": [
                [
                    -0.25808683037757874,
                    0.19711646437644958,
                    -0.9457994103431702,
                    -1.1349592208862305
                ],
                [
                    -0.9661218523979187,
                    -0.052657146006822586,
                    0.25265786051750183,
                    0.3031894862651825
                ],
                [
                    1.9896148728548724e-08,
                    0.9789650440216064,
                    0.20402848720550537,
                    0.24483442306518555
                ],
                [
                    0,
                    0,
                    0,
                    1
                ]
            ]
        },
        {
            "file_path": "003.png",
            "transform_matrix": [
                [
                    0.9392780065536499,
                    -0.03246936574578285,
                    0.3416175842285156,
                    0.40994107723236084
                ],
                [
                    0.34315717220306396,
                    0.08887393027544022,
                    -0.9350640177726746,
                    -1.1220767498016357
                ],
                [
                    1.736489352310855e-08,
                    0.9955135583877563,
                    0.09461941570043564,
                    0.11354347318410873
                ],
                [
                    0,
                    0,
                    0,
                    1
                ]
            ]
        },
        {
            "file_path": "004.png",
            "transform_matrix": [
                [
                    -0.7513558864593506,
                    0.3088677227497101,
                    -0.5831510424613953,
                    -0.6997811794281006
                ],
                [
                    -0.6598972678184509,
                    -0.35167527198791504,
                    0.6639730334281921,
                    0.79676753282547
                ],
                [
                    6.416605202730352e-08,
                    0.8836997747421265,
                    0.4680541753768921,
                    0.5616652369499207
                ],
                [
                    0,
                    0,
                    0,
                    1
                ]
            ]
        },
        {
            "file_path": "005.png",
            "transform_matrix": [
                [
                    -0.9720287919044495,
                    0.01651422493159771,
                    -0.23428064584732056,
                    -0.28113681077957153
                ],
                [
                    -0.23486195504665375,
                    -0.06834790110588074,
                    0.9696228504180908,
                    1.1635475158691406
                ],
                [
                    -1.2267008742128382e-08,
                    0.9975249171257019,
                    0.07031461596488953,
                    0.08437757939100266
                ],
                [
                    0,
                    0,
                    0,
                    1
                ]
            ]
        }
    ]
}