{
    "camera_angle_x": 0.8575560450553894,
    "aabb": [
        [
            -0.35,
            -0.35,
            -0.35
        ],
        [
            0.35,
            0.35,
            0.35
        ]
    ],
    "frames": [
        {
            "file_path": "000.png",
            "transform_matrix": [
                [
                    0.9997705221176147,
                    0.009518969804048538,
                    -0.019190218299627304,
                    -0.023028261959552765
                ],
                [
                    -0.02142137475311756,
                    0.4442659318447113,
                    -0.8956388235092163,
                    -1.0747666358947754
                ],
                [
                    5.200517794179405e-10,
                    0.8958443403244019,
                    0.444367915391922,
                    0.5332415103912354
                ],
                [
                    0,
                    0,
                    0,
                    1
                ]
            ]
        },
        {
            "file_path": "001.png",
            "transform_matrix": [
                [
                    0.5780708193778992,
                    0.2557646334171295,
                    -0.7748668193817139,
                    -0.9298401474952698
                ],
                [
                    -0.8159865736961365,
                    0.1811918020248413,
                    -0.5489402413368225,
                    -0.658728301525116
                ],
                [
                    1.0836505026645682e-08,
                    0.949607253074646,
                    0.313442200422287,
                    0.37613075971603394
                ],
                [
                    0,
                    0,
                    0,
                    1
                ]
            ]
        },
        {
            "file_path": "002.png",
            "transform_matrix": [
                [
                    0.9982163906097412,
                    0.018362222239375114,
                    -0.05680590867996216,
                    -0.06816708296537399
                ],
                [
                    -0.05969993770122528,
                    0.3070265054702759,
                    -0.949826717376709,
                    -1.1397919654846191
                ],
                [
                    -4.226609728874564e-09,
                    0.9515239000320435,
                    0.3075751066207886,
                    0.3690902590751648
                ],
                [
                    0,
                    0,
                    0,
                    1
                ]
            ]
        },
        {
            "file_path": "003.png",
            "transform_matrix": [
                [
                    -0.11041158437728882,
                    -0.043215952813625336,
                    0.9929459095001221,
                    1.191535234451294
                ],
                [
                    0.99388587474823,
                    -0.004800847731530666,
                    0.11030720174312592,
                    0.13236865401268005
                ],
                [
                    -4.93325558181823e-09,
                    0.9990541934967041,
                    0.04348184913396835,
                    0.05217806622385979
                ],
                [
                    0,
                    0,
                    0,
                    1
                ]
            ]
        },
        {
            "file_path": "004.png",
            "transform_matrix": [
                [
                    -0.9013030529022217,
                    0.21497134864330292,
                    -0.3760852515697479,
                    -0.45130226016044617
                ],
                [
                    -0.4331890940666199,
                    -0.44727423787117004,
                    0.7824915051460266,
                    0.9389898180961609
                ],
                [
                    2.0787984666981174e-08,
                    0.8681780099868774,
                    0.4962528645992279,
                    0.595503568649292
                ],
                [
                    0,
                    0,
                    0,
                    1
                ]
            ]
        },
        {
            "file_path": "005.png",
            "transform_matrix": [
                [
                    0.9859547019004822,
                    -0.021940913051366806,
                    0.16556550562381744,
                    0.19867859780788422
                ],
                [
                    0.1670130044221878,
                    0.1295272558927536,
                    -0.9774096012115479,
                    -1.17289137840271
                ],
                [
                    -6.705738186951749e-10,
                    0.9913331866264343,
                    0.13137242197990417,
                    0.157647043466568
                ],
                [
                    0,
                    0,
                    0,
                    1
                ]
            ]
        }
    ]
}