{
    "camera_angle_x": 0.8575560450553894,
    "aabb": [
        [
            -0.35,
            -0.35,
            -0.35
        ],
        [
            0.35,
            0.35,
            0.35
        ]
    ],
    "frames": [
        {
            "file_path": "000.png",
            "transform_matrix": [
                [
                    0.8936470746994019,
                    -0.13883048295974731,
                    0.4267564117908478,
                    0.5121075510978699
                ],
                [
                    0.4487704634666443,
                    0.27645614743232727,
                    -0.8498102426528931,
                    -1.0197720527648926
                ],
                [
                    1.961161721908411e-08,
                    0.9509460926055908,
                    0.3093571960926056,
                    0.3712289333343506
                ],
                [
                    0,
                    0,
                    0,
                    1
                ]
            ]
        },
        {
            "file_path": "001.png",
            "transform_matrix": [
                [
                    0.79718017578125,
                    0.02319522388279438,
                    -0.6032957434654236,
                    -0.7239548563957214
                ],
                [
                    -0.603741466999054,
                    0.030626865103840828,
                    -0.7965916395187378,
                    -0.9559100866317749
                ],
                [
                    -5.5998640391408117e-08,
                    0.999261736869812,
                    0.03841904550790787,
                    0.046102892607450485
                ],
                [
                    0,
                    0,
                    0,
                    1
                ]
            ]
        },
        {
            "file_path": "002.png",
            "transform_matrix": [
                [
                    -0.48384255170822144,
                    -0.11965800821781158,
                    0.8669361472129822,
                    1.0403233766555786
                ],
                [
                    0.8751550316810608,
                    -0.06615470349788666,
                    0.4792986214160919,
                    0.575158417224884
                ],
                [
                    3.0595082023410214e-09,
                    0.9906086325645447,
                    0.13672779500484467,
                    0.1640734076499939
                ],
                [
                    0,
                    0,
                    0,
                    1
                ]
            ]
        },
        {
            "file_path": "003.png",
            "transform_matrix": [
                [
                    -0.20324909687042236,
                    -0.04919615387916565,
                    0.9778903126716614,
                    1.1734684705734253
                ],
                [
                    0.9791269898414612,
                    -0.010212275199592113,
                    0.20299240946769714,
                    0.24359093606472015
                ],
                [
                    7.584485217648762e-08,
                    0.9987368583679199,
                    0.05024496838450432,
                    0.06029375270009041
                ],
                [
                    0,
                    0,
                    0,
                    1
                ]
            ]
        },
        {
            "file_path": "004.png",
            "transform_matrix": [
                [
                    -0.7972052693367004,
                    0.0582016259431839,
                    -0.6008964776992798,
                    -0.721075713634491
                ],
                [
                    -0.6037085056304932,
                    -0.07685603946447372,
                    0.7934918403625488,
                    0.9521901607513428
                ],
                [
                    3.365753187267728e-08,
                    0.9953420758247375,
                    0.0964067205786705,
                    0.11568822711706161
                ],
                [
                    0,
                    0,
                    0,
                    1
                ]
            ]
        },
        {
            "file_path": "005.png",
            "transform_matrix": [
                [
                    0.9821521043777466,
                    0.062457725405693054,
                    -0.17741571366786957,
                    -0.212898850440979
                ],
                [
                    -0.1880885511636734,
                    0.3261386752128601,
                    -0.9264212846755981,
                    -1.1117054224014282
                ],
                [
                    -1.947984173966688e-08,
                    0.9432564377784729,
                    0.3320653736591339,
                    0.39847859740257263
                ],
                [
                    0,
                    0,
                    0,
                    1
                ]
            ]
        }
    ]
}