{
    "camera_angle_x": 0.8575560450553894,
    "aabb": [
        [
            -0.35,
            -0.35,
            -0.35
        ],
        [
            0.35,
            0.35,
            0.35
        ]
    ],
    "frames": [
        {
            "file_path": "000.png",
            "transform_matrix": [
                [
                    0.9981604814529419,
                    0.017032960429787636,
                    -0.058185774832963943,
                    -0.06982292979955673
                ],
                [
                    -0.06062760204076767,
                    0.2804271876811981,
                    -0.9579586982727051,
                    -1.1495505571365356
                ],
                [
                    4.515050555653488e-10,
                    0.9597241878509521,
                    0.28094398975372314,
                    0.33713266253471375
                ],
                [
                    0,
                    0,
                    0,
                    1
                ]
            ]
        },
        {
            "file_path": "001.png",
            "transform_matrix": [
                [
                    -0.2408917099237442,
                    0.4048495888710022,
                    -0.8820816874504089,
                    -1.0584980249404907
                ],
                [
                    -0.9705520868301392,
                    -0.1004839688539505,
                    0.21893326938152313,
                    0.262719988822937
                ],
                [
                    2.5977175965863353e-08,
                    0.9088453650474548,
                    0.41713324189186096,
                    0.5005600452423096
                ],
                [
                    0,
                    0,
                    0,
                    1
                ]
            ]
        },
        {
            "file_path": "002.png",
            "transform_matrix": [
                [
                    -0.9914591908454895,
                    0.05591136962175369,
                    -0.11782541126012802,
                    -0.14139047265052795
                ],
                [
                    -0.13041821122169495,
                    -0.42504680156707764,
                    0.8957267999649048,
                    1.0748721361160278
                ],
                [
                    5.456642693246749e-09,
                    0.9034430384635925,
                    0.4287082552909851,
                    0.5144500136375427
                ],
                [
                    0,
                    0,
                    0,
                    1
                ]
            ]
        },
        {
            "file_path": "003.png",
            "transform_matrix": [
                [
                    0.9662880897521973,
                    0.0033120643347501755,
                    -0.25744205713272095,
                    -0.30893048644065857
                ],
                [
                    -0.25746336579322815,
                    0.012430493719875813,
                    -0.9662081003189087,
                    -1.159449815750122
                ],
                [
                    -6.411360331526339e-09,
                    0.9999172687530518,
                    0.012864172458648682,
                    0.015437126159667969
                ],
                [
                    0,
                    0,
                    0,
                    1
                ]
            ]
        },
        {
            "file_path": "004.png",
            "transform_matrix": [
                [
                    0.23364117741584778,
                    0.4512653350830078,
                    -0.8612616062164307,
                    -1.0335137844085693
                ],
                [
                    -0.972322940826416,
                    0.1084352657198906,
                    -0.20695413649082184,
                    -0.24834497272968292
                ],
                [
                    -1.608137978337254e-08,
                    0.8857773542404175,
                    0.46411049365997314,
                    0.5569327473640442
                ],
                [
                    0,
                    0,
                    0,
                    1
                ]
            ]
        },
        {
            "file_path": "005.png",
            "transform_matrix": [
                [
                    0.9344354867935181,
                    0.08308368921279907,
                    -0.34630531072616577,
                    -0.41556641459465027
                ],
                [
                    -0.3561323881149292,
                    0.21799854934215546,
                    -0.908650815486908,
                    -1.090381145477295
                ],
                [
                    -8.632917491979697e-09,
                    0.9724061489105225,
                    0.23329438269138336,
                    0.2799532115459442
                ],
                [
                    0,
                    0,
                    0,
                    1
                ]
            ]
        }
    ]
}