{
    "camera_angle_x": 0.8575560450553894,
    "aabb": [
        [
            -0.35,
            -0.35,
            -0.35
        ],
        [
            0.35,
            0.35,
            0.35
        ]
    ],
    "frames": [
        {
            "file_path": "000.png",
            "transform_matrix": [
                [
                    0.9265009760856628,
                    0.15718774497509003,
                    -0.34188875555992126,
                    -0.4102665185928345
                ],
                [
                    -0.37629231810569763,
                    0.3870251178741455,
                    -0.8417931199073792,
                    -1.010151743888855
                ],
                [
                    -1.6373824962556682e-08,
                    0.9085723161697388,
                    0.4177277088165283,
                    0.5012732744216919
                ],
                [
                    0,
                    0,
                    0,
                    1
                ]
            ]
        },
        {
            "file_path": "001.png",
            "transform_matrix": [
                [
                    -0.046274080872535706,
                    0.22293612360954285,
                    -0.9737341403961182,
                    -1.1684809923171997
                ],
                [
                    -0.9989287853240967,
                    -0.01032724417746067,
                    0.04510696232318878,
                    0.05412834882736206
                ],
                [
                    -8.211159752136155e-09,
                    0.9747783541679382,
                    0.22317518293857574,
                    0.26781025528907776
                ],
                [
                    0,
                    0,
                    0,
                    1
                ]
            ]
        },
        {
            "file_path": "002.png",
            "transform_matrix": [
                [
                    0.9849022626876831,
                    -0.0697874203324318,
                    0.15842129290103912,
                    0.19010552763938904
                ],
                [
                    0.17311148345470428,
                    0.39704909920692444,
                    -0.9013239145278931,
                    -1.0815885066986084
                ],
                [
                    -9.92737447802483e-10,
                    0.9151404500007629,
                    0.4031355381011963,
                    0.48376283049583435
                ],
                [
                    0,
                    0,
                    0,
                    1
                ]
            ]
        },
        {
            "file_path": "003.png",
            "transform_matrix": [
                [
                    0.7221328616142273,
                    -0.2812732756137848,
                    0.631988525390625,
                    0.7583861947059631
                ],
                [
                    0.6917544007301331,
                    0.2936252951622009,
                    -0.6597424149513245,
                    -0.7916909456253052
                ],
                [
                    7.919379640952684e-08,
                    0.9136025309562683,
                    0.4066084623336792,
                    0.4879303574562073
                ],
                [
                    0,
                    0,
                    0,
                    1
                ]
            ]
        },
        {
            "file_path": "004.png",
            "transform_matrix": [
                [
                    0.9600295424461365,
                    -0.1342514604330063,
                    0.24560095369815826,
                    0.29472118616104126
                ],
                [
                    0.2798987030982971,
                    0.46047160029411316,
                    -0.8423910140991211,
                    -1.0108693838119507
                ],
                [
                    -3.6423575267008346e-08,
                    0.8774636387825012,
                    0.4796431362628937,
                    0.5755717158317566
                ],
                [
                    0,
                    0,
                    0,
                    1
                ]
            ]
        },
        {
            "file_path": "005.png",
            "transform_matrix": [
                [
                    -0.4341108202934265,
                    -0.22377097606658936,
                    0.8726251125335693,
                    1.0471500158309937
                ],
                [
                    0.9008595943450928,
                    -0.1078319326043129,
                    0.42050498723983765,
                    0.5046059489250183
                ],
                [
                    -3.6310105144821136e-08,
                    0.9686583280563354,
                    0.248397096991539,
                    0.29807665944099426
                ],
                [
                    0,
                    0,
                    0,
                    1
                ]
            ]
        }
    ]
}