{
    "camera_angle_x": 0.8575560450553894,
    "aabb": [
        [
            -0.35,
            -0.35,
            -0.35
        ],
        [
            0.35,
            0.35,
            0.35
        ]
    ],
    "frames": [
        {
            "file_path": "000.png",
            "transform_matrix": [
                [
                    0.3816356956958771,
                    -0.10378921031951904,
                    0.9184672236442566,
                    1.1021606922149658
                ],
                [
                    0.9243128299713135,
                    0.04285309836268425,
                    -0.3792221248149872,
                    -0.45506659150123596
                ],
                [
                    -1.005556526934015e-09,
                    0.993675708770752,
                    0.1122879683971405,
                    0.1347454935312271
                ],
                [
                    0,
                    0,
                    0,
                    1
                ]
            ]
        },
        {
            "file_path": "001.png",
            "transform_matrix": [
                [
                    -0.12013649940490723,
                    0.3674679696559906,
                    -0.9222443103790283,
                    -1.1066932678222656
                ],
                [
                    -0.9927573800086975,
                    -0.04446844011545181,
                    0.11160346865653992,
                    0.13392415642738342
                ],
                [
                    -5.771737221493822e-08,
                    0.9289724826812744,
                    0.37014880776405334,
                    0.4441784918308258
                ],
                [
                    0,
                    0,
                    0,
                    1
                ]
            ]
        },
        {
            "file_path": "002.png",
            "transform_matrix": [
                [
                    -0.6845957636833191,
                    -0.043006911873817444,
                    0.7276532053947449,
                    0.8731839060783386
                ],
                [
                    0.7289230227470398,
                    -0.04039158672094345,
                    0.6834031343460083,
                    0.820083737373352
                ],
                [
                    -2.4087619010515482e-08,
                    0.9982579946517944,
                    0.05900055170059204,
                    0.0708007663488388
                ],
                [
                    0,
                    0,
                    0,
                    1
                ]
            ]
        },
        {
            "file_path": "003.png",
            "transform_matrix": [
                [
                    0.7663730978965759,
                    -0.14409908652305603,
                    0.626025378704071,
                    0.7512304186820984
                ],
                [
                    0.6423957347869873,
                    0.17190898954868317,
                    -0.7468433976173401,
                    -0.8962120413780212
                ],
                [
                    1.729718235310429e-08,
                    0.974516749382019,
                    0.22431504726409912,
                    0.26917824149131775
                ],
                [
                    0,
                    0,
                    0,
                    1
                ]
            ]
        },
        {
            "file_path": "004.png",
            "transform_matrix": [
                [
                    -0.5409213304519653,
                    0.1587713062763214,
                    -0.8259516954421997,
                    -0.9911418557167053
                ],
                [
                    -0.8410733938217163,
                    -0.10211102664470673,
                    0.5311959385871887,
                    0.6374350786209106
                ],
                [
                    -6.844572908448754e-09,
                    0.9820210337638855,
                    0.18877214193344116,
                    0.22652672231197357
                ],
                [
                    0,
                    0,
                    0,
                    1
                ]
            ]
        },
        {
            "file_path": "005.png",
            "transform_matrix": [
                [
                    0.5039854049682617,
                    -0.0550415925681591,
                    0.8619565963745117,
                    1.0343480110168457
                ],
                [
                    0.8637121915817261,
                    0.03211743384599686,
                    -0.5029609799385071,
                    -0.6035531163215637
                ],
                [
                    -5.0516028693436965e-08,
                    0.9979673624038696,
                    0.06372681260108948,
                    0.07647211849689484
                ],
                [
                    0,
                    0,
                    0,
                    1
                ]
            ]
        }
    ]
}