{
    "camera_angle_x": 0.8575560450553894,
    "aabb": [
        [
            -0.35,
            -0.35,
            -0.35
        ],
        [
            0.35,
            0.35,
            0.35
        ]
    ],
    "frames": [
        {
            "file_path": "000.png",
            "transform_matrix": [
                [
                    0.8606027960777283,
                    -0.021550506353378296,
                    0.508820652961731,
                    0.6105847954750061
                ],
                [
                    0.509276807308197,
                    0.03641706705093384,
                    -0.8598319888114929,
                    -1.0317983627319336
                ],
                [
                    2.0915310372515705e-08,
                    0.999104380607605,
                    0.04231579229235649,
                    0.05077899247407913
                ],
                [
                    0,
                    0,
                    0,
                    1
                ]
            ]
        },
        {
            "file_path": "001.png",
            "transform_matrix": [
                [
                    0.8255475759506226,
                    -0.15628300607204437,
                    0.5422609448432922,
                    0.6507130265235901
                ],
                [
                    0.5643326640129089,
                    0.2286222130060196,
                    -0.7932596802711487,
                    -0.951911449432373
                ],
                [
                    -4.246211204872452e-08,
                    0.9608891010284424,
                    0.27693405747413635,
                    0.3323209881782532
                ],
                [
                    0,
                    0,
                    0,
                    1
                ]
            ]
        },
        {
            "file_path": "002.png",
            "transform_matrix": [
                [
                    0.7395811676979065,
                    0.17566385865211487,
                    -0.6497399210929871,
                    -0.7796878814697266
                ],
                [
                    -0.6730673909187317,
                    0.19302327930927277,
                    -0.7139484882354736,
                    -0.8567381501197815
                ],
                [
                    6.251661233136474e-08,
                    0.9653416275978088,
                    0.2609899640083313,
                    0.31318792700767517
                ],
                [
                    0,
                    0,
                    0,
                    1
                ]
            ]
        },
        {
            "file_path": "003.png",
            "transform_matrix": [
                [
                    -0.9890433549880981,
                    0.036932650953531265,
                    -0.1429334431886673,
                    -0.17152009904384613
                ],
                [
                    -0.14762787520885468,
                    -0.24743297696113586,
                    0.9575924873352051,
                    1.1491107940673828
                ],
                [
                    7.2124244354654365e-09,
                    0.9682011008262634,
                    0.25017377734184265,
                    0.30020871758461
                ],
                [
                    0,
                    0,
                    0,
                    1
                ]
            ]
        },
        {
            "file_path": "004.png",
            "transform_matrix": [
                [
                    0.21785102784633636,
                    -0.051926687359809875,
                    0.9745996594429016,
                    1.1695196628570557
                ],
                [
                    0.9759820103645325,
                    0.011590606532990932,
                    -0.21754242479801178,
                    -0.2610510289669037
                ],
                [
                    1.0687629981021018e-07,
                    0.9985835552215576,
                    0.05320458114147186,
                    0.06384564936161041
                ],
                [
                    0,
                    0,
                    0,
                    1
                ]
            ]
        },
        {
            "file_path": "005.png",
            "transform_matrix": [
                [
                    0.9303431510925293,
                    0.047657351940870285,
                    -0.36358001828193665,
                    -0.4362960755825043
                ],
                [
                    -0.36669012904167175,
                    0.12091320753097534,
                    -0.9224523901939392,
                    -1.106942892074585
                ],
                [
                    -5.466731067826913e-09,
                    0.9915184378623962,
                    0.12996624410152435,
                    0.15595948696136475
                ],
                [
                    0,
                    0,
                    0,
                    1
                ]
            ]
        }
    ]
}