{
    "camera_angle_x": 0.8575560450553894,
    "aabb": [
        [
            -0.35,
            -0.35,
            -0.35
        ],
        [
            0.35,
            0.35,
            0.35
        ]
    ],
    "frames": [
        {
            "file_path": "000.png",
            "transform_matrix": [
                [
                    -0.505272626876831,
                    0.1064109057188034,
                    -0.8563739657402039,
                    -1.0276488065719604
                ],
                [
                    -0.8629598021507263,
                    -0.062304865568876266,
                    0.5014165043830872,
                    0.6016997694969177
                ],
                [
                    -7.421839143262332e-08,
                    0.9923682808876038,
                    0.12330926209688187,
                    0.1479710340499878
                ],
                [
                    0,
                    0,
                    0,
                    1
                ]
            ]
        },
        {
            "file_path": "001.png",
            "transform_matrix": [
                [
                    -0.6063854098320007,
                    -0.20863480865955353,
                    0.7673125267028809,
                    0.9207749366760254
                ],
                [
                    0.7951710820198059,
                    -0.15910175442695618,
                    0.5851408839225769,
                    0.7021690011024475
                ],
                [
                    -5.874422015494929e-08,
                    0.9649654626846313,
                    0.26237714290618896,
                    0.31485289335250854
                ],
                [
                    0,
                    0,
                    0,
                    1
                ]
            ]
        },
        {
            "file_path": "002.png",
            "transform_matrix": [
                [
                    -0.9839550256729126,
                    -0.04435469210147858,
                    0.17281673848628998,
                    0.20738005638122559
                ],
                [
                    0.17841793596744537,
                    -0.2446112036705017,
                    0.9530648589134216,
                    1.1436777114868164
                ],
                [
                    -7.1191239570111975e-09,
                    0.9686063528060913,
                    0.2485998421907425,
                    0.298319935798645
                ],
                [
                    0,
                    0,
                    0,
                    1
                ]
            ]
        },
        {
            "file_path": "003.png",
            "transform_matrix": [
                [
                    0.9601450562477112,
                    -0.04658592492341995,
                    0.2755925953388214,
                    0.33071112632751465
                ],
                [
                    0.279502272605896,
                    0.16003172099590302,
                    -0.946714460849762,
                    -1.1360573768615723
                ],
                [
                    1.661107873474066e-08,
                    0.9860119819641113,
                    0.16667452454566956,
                    0.20000945031642914
                ],
                [
                    0,
                    0,
                    0,
                    1
                ]
            ]
        },
        {
            "file_path": "004.png",
            "transform_matrix": [
                [
                    -0.5480361580848694,
                    -0.23265646398067474,
                    0.8034471273422241,
                    0.9641366004943848
                ],
                [
                    0.8364546298980713,
                    -0.15243400633335114,
                    0.5264100432395935,
                    0.6316921710968018
                ],
                [
                    -3.411537363717798e-08,
                    0.9605388045310974,
                    0.2781459391117096,
                    0.3337751030921936
                ],
                [
                    0,
                    0,
                    0,
                    1
                ]
            ]
        },
        {
            "file_path": "005.png",
            "transform_matrix": [
                [
                    -0.9663777947425842,
                    -0.07576767355203629,
                    0.24570995569229126,
                    0.29485198855400085
                ],
                [
                    0.25712665915489197,
                    -0.2847631871700287,
                    0.9234694838523865,
                    1.1081634759902954
                ],
                [
                    3.117552438425264e-09,
                    0.9555988907814026,
                    0.29467061161994934,
                    0.3536047339439392
                ],
                [
                    0,
                    0,
                    0,
                    1
                ]
            ]
        }
    ]
}