{
    "camera_angle_x": 0.8575560450553894,
    "aabb": [
        [
            -0.35,
            -0.35,
            -0.35
        ],
        [
            0.35,
            0.35,
            0.35
        ]
    ],
    "frames": [
        {
            "file_path": "000.png",
            "transform_matrix": [
                [
                    -0.5025885105133057,
                    -0.4061264991760254,
                    0.763194739818573,
                    0.915833592414856
                ],
                [
                    0.8645258545875549,
                    -0.23609989881515503,
                    0.4436801075935364,
                    0.5324161648750305
                ],
                [
                    -8.85582238652205e-08,
                    0.8827900290489197,
                    0.46976780891418457,
                    0.5637214779853821
                ],
                [
                    0,
                    0,
                    0,
                    1
                ]
            ]
        },
        {
            "file_path": "001.png",
            "transform_matrix": [
                [
                    -0.4038330316543579,
                    -0.4318999946117401,
                    0.8064622282981873,
                    0.9677547216415405
                ],
                [
                    0.9148327112197876,
                    -0.19065287709236145,
                    0.355995237827301,
                    0.4271942675113678
                ],
                [
                    9.842739956411606e-10,
                    0.8815406560897827,
                    0.4721081554889679,
                    0.5665298104286194
                ],
                [
                    0,
                    0,
                    0,
                    1
                ]
            ]
        },
        {
            "file_path": "002.png",
            "transform_matrix": [
                [
                    0.5485929250717163,
                    -0.11779022961854935,
                    0.8277507424354553,
                    0.9933009147644043
                ],
                [
                    0.8360896110534668,
                    0.07728704810142517,
                    -0.5431214570999146,
                    -0.6517457962036133
                ],
                [
                    -1.1011973555241639e-08,
                    0.9900263547897339,
                    0.14088231325149536,
                    0.16905881464481354
                ],
                [
                    0,
                    0,
                    0,
                    1
                ]
            ]
        },
        {
            "file_path": "003.png",
            "transform_matrix": [
                [
                    -0.7606876492500305,
                    -0.175962433218956,
                    0.6248131394386292,
                    0.7497758865356445
                ],
                [
                    0.6491180658340454,
                    -0.2062065303325653,
                    0.7322052717208862,
                    0.8786463141441345
                ],
                [
                    -5.827785187761947e-08,
                    0.9625570178031921,
                    0.2710791826248169,
                    0.3252951502799988
                ],
                [
                    0,
                    0,
                    0,
                    1
                ]
            ]
        },
        {
            "file_path": "004.png",
            "transform_matrix": [
                [
                    0.926548957824707,
                    -0.09981441497802734,
                    0.36269015073776245,
                    0.43522825837135315
                ],
                [
                    0.3761742413043976,
                    0.24585138261318207,
                    -0.8933364748954773,
                    -1.0720038414001465
                ],
                [
                    -1.4341754450697408e-08,
                    0.9641546607017517,
                    0.2653409540653229,
                    0.31840911507606506
                ],
                [
                    0,
                    0,
                    0,
                    1
                ]
            ]
        },
        {
            "file_path": "005.png",
            "transform_matrix": [
                [
                    -0.035378288477659225,
                    0.4146953523159027,
                    -0.9092722535133362,
                    -1.091126799583435
                ],
                [
                    -0.9993739724159241,
                    -0.014680417254567146,
                    0.032188672572374344,
                    0.03862626105546951
                ],
                [
                    -4.555696975216961e-08,
                    0.9098418354988098,
                    0.41495516896247864,
                    0.4979461133480072
                ],
                [
                    0,
                    0,
                    0,
                    1
                ]
            ]
        }
    ]
}