{
    "camera_angle_x": 0.8575560450553894,
    "aabb": [
        [
            -0.35,
            -0.35,
            -0.35
        ],
        [
            0.35,
            0.35,
            0.35
        ]
    ],
    "frames": [
        {
            "file_path": "000.png",
            "transform_matrix": [
                [
                    0.18892665207386017,
                    -0.3543087840080261,
                    0.9158450961112976,
                    1.0990140438079834
                ],
                [
                    0.9819912910461426,
                    0.06816580891609192,
                    -0.17620082199573517,
                    -0.2114410549402237
                ],
                [
                    6.331738688913902e-08,
                    0.9326408505439758,
                    0.36080634593963623,
                    0.43296775221824646
                ],
                [
                    0,
                    0,
                    0,
                    1
                ]
            ]
        },
        {
            "file_path": "001.png",
            "transform_matrix": [
                [
                    -0.8048969507217407,
                    0.28622254729270935,
                    -0.5198248028755188,
                    -0.6237897872924805
                ],
                [
                    -0.593414843082428,
                    -0.3882269859313965,
                    0.7050807476043701,
                    0.8460968136787415
                ],
                [
                    3.2875750122229874e-08,
                    0.8759889602661133,
                    0.482331246137619,
                    0.5787976384162903
                ],
                [
                    0,
                    0,
                    0,
                    1
                ]
            ]
        },
        {
            "file_path": "002.png",
            "transform_matrix": [
                [
                    0.08359009027481079,
                    0.45653265714645386,
                    -0.8857712745666504,
                    -1.0629254579544067
                ],
                [
                    -0.9965003132820129,
                    0.03829551860690117,
                    -0.07430185377597809,
                    -0.08916217088699341
                ],
                [
                    -6.390010298673587e-08,
                    0.8888822197914124,
                    0.4581359326839447,
                    0.5497632622718811
                ],
                [
                    0,
                    0,
                    0,
                    1
                ]
            ]
        },
        {
            "file_path": "003.png",
            "transform_matrix": [
                [
                    0.3760603368282318,
                    -0.041705332696437836,
                    0.9256561994552612,
                    1.1107873916625977
                ],
                [
                    0.9265952110290527,
                    0.016926012933254242,
                    -0.3756793141365051,
                    -0.45081520080566406
                ],
                [
                    8.131505069286504e-08,
                    0.9989866614341736,
                    0.045009106397628784,
                    0.054011087864637375
                ],
                [
                    0,
                    0,
                    0,
                    1
                ]
            ]
        },
        {
            "file_path": "004.png",
            "transform_matrix": [
                [
                    -0.6096611618995667,
                    0.31673088669776917,
                    -0.7266325950622559,
                    -0.8719590902328491
                ],
                [
                    -0.7926622033119202,
                    -0.2436075210571289,
                    0.5588757395744324,
                    0.670650839805603
                ],
                [
                    7.322050521452184e-08,
                    0.9166989326477051,
                    0.39957860112190247,
                    0.47949448227882385
                ],
                [
                    0,
                    0,
                    0,
                    1
                ]
            ]
        },
        {
            "file_path": "005.png",
            "transform_matrix": [
                [
                    0.26880335807800293,
                    -0.43628230690956116,
                    0.8587214946746826,
                    1.0304657220840454
                ],
                [
                    0.9631951451301575,
                    0.12175524979829788,
                    -0.2396474927663803,
                    -0.28757697343826294
                ],
                [
                    2.7846589034652425e-08,
                    0.8915343880653381,
                    0.45295313000679016,
                    0.543543815612793
                ],
                [
                    0,
                    0,
                    0,
                    1
                ]
            ]
        }
    ]
}