{
    "camera_angle_x": 0.8575560450553894,
    "aabb": [
        [
            -0.35,
            -0.35,
            -0.35
        ],
        [
            0.35,
            0.35,
            0.35
        ]
    ],
    "frames": [
        {
            "file_path": "000.png",
            "transform_matrix": [
                [
                    -0.9899454712867737,
                    0.04870825260877609,
                    -0.1327994167804718,
                    -0.15935929119586945
                ],
                [
                    -0.14145027101039886,
                    -0.3408866822719574,
                    0.9294020533561707,
                    1.115282416343689
                ],
                [
                    5.6664521963512016e-09,
                    0.9388417601585388,
                    0.3443489074707031,
                    0.41321882605552673
                ],
                [
                    0,
                    0,
                    0,
                    1
                ]
            ]
        },
        {
            "file_path": "001.png",
            "transform_matrix": [
                [
                    0.9999894499778748,
                    -0.0006510907551273704,
                    0.004549955949187279,
                    0.00545994658023119
                ],
                [
                    0.004596305079758167,
                    0.14165355265140533,
                    -0.9899057149887085,
                    -1.1878867149353027
                ],
                [
                    6.503683702696605e-10,
                    0.9899161458015442,
                    0.1416550576686859,
                    0.16998638212680817
                ],
                [
                    0,
                    0,
                    0,
                    1
                ]
            ]
        },
        {
            "file_path": "002.png",
            "transform_matrix": [
                [
                    -0.31746554374694824,
                    0.46370768547058105,
                    -0.8271583914756775,
                    -0.9925900101661682
                ],
                [
                    -0.9482699036598206,
                    -0.15524187684059143,
                    0.27691930532455444,
                    0.33230310678482056
                ],
                [
                    4.277114484807498e-08,
                    0.8722816705703735,
                    0.48900386691093445,
                    0.5868047475814819
                ],
                [
                    0,
                    0,
                    0,
                    1
                ]
            ]
        },
        {
            "file_path": "003.png",
            "transform_matrix": [
                [
                    -0.9982191324234009,
                    -0.008693519048392773,
                    0.05901801213622093,
                    0.070821613073349
                ],
                [
                    0.05965486541390419,
                    -0.1454707533121109,
                    0.9875624775886536,
                    1.1850749254226685
                ],
                [
                    -8.061729062092127e-10,
                    0.9893243908882141,
                    0.14573022723197937,
                    0.17487625777721405
                ],
                [
                    0,
                    0,
                    0,
                    1
                ]
            ]
        },
        {
            "file_path": "004.png",
            "transform_matrix": [
                [
                    0.09008567035198212,
                    -0.45896095037460327,
                    0.8838775753974915,
                    1.0606530904769897
                ],
                [
                    0.9959340691566467,
                    0.04151451215147972,
                    -0.07994986325502396,
                    -0.09593981504440308
                ],
                [
                    5.326548091488803e-08,
                    0.8874861001968384,
                    0.4608346223831177,
                    0.5530016422271729
                ],
                [
                    0,
                    0,
                    0,
                    1
                ]
            ]
        },
        {
            "file_path": "005.png",
            "transform_matrix": [
                [
                    -0.9308257102966309,
                    -0.17283768951892853,
                    0.32201072573661804,
                    0.3864128887653351
                ],
                [
                    0.3654637932777405,
                    -0.440212607383728,
                    0.8201519846916199,
                    0.9841822981834412
                ],
                [
                    -9.448764437536283e-09,
                    0.881101667881012,
                    0.47292694449424744,
                    0.5675124526023865
                ],
                [
                    0,
                    0,
                    0,
                    1
                ]
            ]
        }
    ]
}