{
    "camera_angle_x": 0.8575560450553894,
    "aabb": [
        [
            -0.35,
            -0.35,
            -0.35
        ],
        [
            0.35,
            0.35,
            0.35
        ]
    ],
    "frames": [
        {
            "file_path": "000.png",
            "transform_matrix": [
                [
                    0.14996106922626495,
                    0.190398171544075,
                    -0.9701856374740601,
                    -1.1642228364944458
                ],
                [
                    -0.9886919260025024,
                    0.028878899291157722,
                    -0.1471540927886963,
                    -0.1765848696231842
                ],
                [
                    1.5790817542438162e-08,
                    0.9812820553779602,
                    0.1925758570432663,
                    0.23109111189842224
                ],
                [
                    0,
                    0,
                    0,
                    1
                ]
            ]
        },
        {
            "file_path": "001.png",
            "transform_matrix": [
                [
                    0.5518012046813965,
                    0.029787274077534676,
                    -0.8334436416625977,
                    -1.0001322031021118
                ],
                [
                    -0.8339757919311523,
                    0.0197085440158844,
                    -0.5514492392539978,
                    -0.6617391109466553
                ],
                [
                    -8.683819885391131e-08,
                    0.9993621110916138,
                    0.03571699559688568,
                    0.04286075755953789
                ],
                [
                    0,
                    0,
                    0,
                    1
                ]
            ]
        },
        {
            "file_path": "002.png",
            "transform_matrix": [
                [
                    -0.9999954700469971,
                    0.0015157341258600354,
                    -0.0026692033279687166,
                    -0.003203044179826975
                ],
                [
                    -0.003069543279707432,
                    -0.4937957227230072,
                    0.8695726990699768,
                    1.0434871912002563
                ],
                [
                    1.0218180468424265e-10,
                    0.8695767521858215,
                    0.4937978684902191,
                    0.5925574898719788
                ],
                [
                    0,
                    0,
                    0,
                    1
                ]
            ]
        },
        {
            "file_path": "003.png",
            "transform_matrix": [
                [
                    -0.793865978717804,
                    0.00982043705880642,
                    -0.6080135703086853,
                    -0.7296162247657776
                ],
                [
                    -0.6080929040908813,
                    -0.012820616364479065,
                    0.7937623858451843,
                    0.9525148868560791
                ],
                [
                    1.284901429698948e-08,
                    0.9998696446418762,
                    0.016149504110217094,
                    0.019379502162337303
                ],
                [
                    0,
                    0,
                    0,
                    1
                ]
            ]
        },
        {
            "file_path": "004.png",
            "transform_matrix": [
                [
                    -0.0024747271090745926,
                    0.14541593194007874,
                    -0.9893676042556763,
                    -1.1872410774230957
                ],
                [
                    -0.9999970197677612,
                    -0.000359852216206491,
                    0.00244833598844707,
                    0.002937978832051158
                ],
                [
                    1.0187557109020418e-07,
                    0.9893706440925598,
                    0.1454162746667862,
                    0.17449960112571716
                ],
                [
                    0,
                    0,
                    0,
                    1
                ]
            ]
        },
        {
            "file_path": "005.png",
            "transform_matrix": [
                [
                    -0.1529165804386139,
                    0.23988032341003418,
                    -0.958683431148529,
                    -1.1504201889038086
                ],
                [
                    -0.9882391095161438,
                    -0.03711826354265213,
                    0.14834323525428772,
                    0.17801186442375183
                ],
                [
                    -4.458607349988597e-08,
                    0.9700925946235657,
                    0.2427351176738739,
                    0.29128214716911316
                ],
                [
                    0,
                    0,
                    0,
                    1
                ]
            ]
        }
    ]
}