{
    "camera_angle_x": 0.8575560450553894,
    "aabb": [
        [
            -0.35,
            -0.35,
            -0.35
        ],
        [
            0.35,
            0.35,
            0.35
        ]
    ],
    "frames": [
        {
            "file_path": "000.png",
            "transform_matrix": [
                [
                    -0.5415998697280884,
                    -0.23227229714393616,
                    0.8079103827476501,
                    0.969492495059967
                ],
                [
                    0.8406364321708679,
                    -0.14964693784713745,
                    0.5205153226852417,
                    0.624618411064148
                ],
                [
                    8.050804467529815e-09,
                    0.9610699415206909,
                    0.27630528807640076,
                    0.33156636357307434
                ],
                [
                    0,
                    0,
                    0,
                    1
                ]
            ]
        },
        {
            "file_path": "001.png",
            "transform_matrix": [
                [
                    0.5051052570343018,
                    0.058102015405893326,
                    -0.8610998392105103,
                    -1.0333197116851807
                ],
                [
                    -0.8630577921867371,
                    0.03400405868887901,
                    -0.5039594173431396,
                    -0.6047513484954834
                ],
                [
                    -9.092859443171619e-08,
                    0.9977314472198486,
                    0.06732098013162613,
                    0.08078543096780777
                ],
                [
                    0,
                    0,
                    0,
                    1
                ]
            ]
        },
        {
            "file_path": "002.png",
            "transform_matrix": [
                [
                    -0.95802241563797,
                    -0.07860565930604935,
                    0.275706946849823,
                    0.3308483362197876
                ],
                [
                    0.2866935133934021,
                    -0.26267072558403015,
                    0.9213094115257263,
                    1.1055712699890137
                ],
                [
                    3.5207365911560373e-09,
                    0.9616783857345581,
                    0.2741800844669342,
                    0.3290162980556488
                ],
                [
                    0,
                    0,
                    0,
                    1
                ]
            ]
        },
        {
            "file_path": "003.png",
            "transform_matrix": [
                [
                    -0.2102234661579132,
                    0.47330930829048157,
                    -0.855444073677063,
                    -1.0265328884124756
                ],
                [
                    -0.977653443813324,
                    -0.10177500545978546,
                    0.1839449405670166,
                    0.22073394060134888
                ],
                [
                    7.525461853674642e-08,
                    0.8749973177909851,
                    0.48412784934043884,
                    0.5809535384178162
                ],
                [
                    0,
                    0,
                    0,
                    1
                ]
            ]
        },
        {
            "file_path": "004.png",
            "transform_matrix": [
                [
                    -0.42058512568473816,
                    -0.3192749619483948,
                    0.8492183685302734,
                    1.0190619230270386
                ],
                [
                    0.9072532057762146,
                    -0.1480097770690918,
                    0.39368122816085815,
                    0.47241756319999695
                ],
                [
                    -7.784928257592583e-09,
                    0.9360324740409851,
                    0.35191380977630615,
                    0.4222967028617859
                ],
                [
                    0,
                    0,
                    0,
                    1
                ]
            ]
        },
        {
            "file_path": "005.png",
            "transform_matrix": [
                [
                    0.4180041253566742,
                    -0.1577012836933136,
                    0.8946524262428284,
                    1.0735827684402466
                ],
                [
                    0.9084451794624329,
                    0.07256326079368591,
                    -0.4116577208042145,
                    -0.4939891993999481
                ],
                [
                    -7.366523391283408e-09,
                    0.9848172664642334,
                    0.173594668507576,
                    0.20831379294395447
                ],
                [
                    0,
                    0,
                    0,
                    1
                ]
            ]
        }
    ]
}