{
    "camera_angle_x": 0.8575560450553894,
    "aabb": [
        [
            -0.35,
            -0.35,
            -0.35
        ],
        [
            0.35,
            0.35,
            0.35
        ]
    ],
    "frames": [
        {
            "file_path": "000.png",
            "transform_matrix": [
                [
                    -0.925807774066925,
                    0.062497515231370926,
                    -0.3727920353412628,
                    -0.44735047221183777
                ],
                [
                    -0.37799447774887085,
                    -0.15307287871837616,
                    0.9130656123161316,
                    1.0956788063049316
                ],
                [
                    -2.8832552345647855e-08,
                    0.9862366318702698,
                    0.16533984243869781,
                    0.1984076350927353
                ],
                [
                    0,
                    0,
                    0,
                    1
                ]
            ]
        },
        {
            "file_path": "001.png",
            "transform_matrix": [
                [
                    -0.6837252974510193,
                    0.05585379898548126,
                    -0.7275989651679993,
                    -0.8731188178062439
                ],
                [
                    -0.7297396659851074,
                    -0.052331969141960144,
                    0.6817196011543274,
                    0.8180634379386902
                ],
                [
                    -7.497256149235909e-09,
                    0.9970666170120239,
                    0.0765392929315567,
                    0.09184728562831879
                ],
                [
                    0,
                    0,
                    0,
                    1
                ]
            ]
        },
        {
            "file_path": "002.png",
            "transform_matrix": [
                [
                    0.9996160864830017,
                    0.01096018124371767,
                    -0.025446057319641113,
                    -0.030535267665982246
                ],
                [
                    -0.027706090360879898,
                    0.39543554186820984,
                    -0.9180757999420166,
                    -1.1016908884048462
                ],
                [
                    -3.975512696818839e-10,
                    0.918428361415863,
                    0.39558741450309753,
                    0.4747050702571869
                ],
                [
                    0,
                    0,
                    0,
                    1
                ]
            ]
        },
        {
            "file_path": "003.png",
            "transform_matrix": [
                [
                    0.9957203269004822,
                    -0.025551557540893555,
                    0.08881514519453049,
                    0.10657816380262375
                ],
                [
                    0.09241759777069092,
                    0.27529603242874146,
                    -0.9569070935249329,
                    -1.1482884883880615
                ],
                [
                    2.9765532261194494e-09,
                    0.9610199332237244,
                    0.2764792740345001,
                    0.3317752778530121
                ],
                [
                    0,
                    0,
                    0,
                    1
                ]
            ]
        },
        {
            "file_path": "004.png",
            "transform_matrix": [
                [
                    0.07211652398109436,
                    0.20626075565814972,
                    -0.9758360385894775,
                    -1.1710031032562256
                ],
                [
                    -0.9973963499069214,
                    0.01491347886621952,
                    -0.07055775076150894,
                    -0.08466935157775879
                ],
                [
                    -5.783895673516781e-08,
                    0.9783835411071777,
                    0.20679908990859985,
                    0.24815908074378967
                ],
                [
                    0,
                    0,
                    0,
                    1
                ]
            ]
        },
        {
            "file_path": "005.png",
            "transform_matrix": [
                [
                    0.8610830903053284,
                    -0.06608407199382782,
                    0.5041515827178955,
                    0.6049818992614746
                ],
                [
                    0.5084642767906189,
                    0.11191315203905106,
                    -0.8537796139717102,
                    -1.0245355367660522
                ],
                [
                    5.4508841884626236e-09,
                    0.9915182590484619,
                    0.12996789813041687,
                    0.15596157312393188
                ],
                [
                    0,
                    0,
                    0,
                    1
                ]
            ]
        }
    ]
}