{
    "camera_angle_x": 0.8575560450553894,
    "aabb": [
        [
            -0.35,
            -0.35,
            -0.35
        ],
        [
            0.35,
            0.35,
            0.35
        ]
    ],
    "frames": [
        {
            "file_path": "000.png",
            "transform_matrix": [
                [
                    -0.5424189567565918,
                    0.3973275423049927,
                    -0.7402117252349854,
                    -0.8882538676261902
                ],
                [
                    -0.8401086330413818,
                    -0.2565360367298126,
                    0.47791987657546997,
                    0.5735037326812744
                ],
                [
                    -4.8372399419349676e-08,
                    0.8810907006263733,
                    0.4729476869106293,
                    0.5675373077392578
                ],
                [
                    0,
                    0,
                    0,
                    1
                ]
            ]
        },
        {
            "file_path": "001.png",
            "transform_matrix": [
                [
                    0.35192832350730896,
                    -0.21825844049453735,
                    0.9102251529693604,
                    1.0922701358795166
                ],
                [
                    0.9360269904136658,
                    0.08206100016832352,
                    -0.34222736954689026,
                    -0.4106729328632355
                ],
                [
                    -2.21508216213806e-08,
                    0.9724347591400146,
                    0.2331753373146057,
                    0.2798105776309967
                ],
                [
                    0,
                    0,
                    0,
                    1
                ]
            ]
        },
        {
            "file_path": "002.png",
            "transform_matrix": [
                [
                    0.32572099566459656,
                    -0.0016130050644278526,
                    0.9454646110534668,
                    1.1345574855804443
                ],
                [
                    0.9454659819602966,
                    0.0005557503900490701,
                    -0.32572054862976074,
                    -0.39086464047431946
                ],
                [
                    -9.242219789484807e-08,
                    0.9999985694885254,
                    0.0017060330137610435,
                    0.002047293120995164
                ],
                [
                    0,
                    0,
                    0,
                    1
                ]
            ]
        },
        {
            "file_path": "003.png",
            "transform_matrix": [
                [
                    -0.9665122628211975,
                    0.020069286227226257,
                    -0.2558349072933197,
                    -0.30700188875198364
                ],
                [
                    -0.2566208839416504,
                    -0.07558709383010864,
                    0.9635519981384277,
                    1.1562623977661133
                ],
                [
                    -6.012712994163394e-09,
                    0.9969372749328613,
                    0.07820595055818558,
                    0.09384715557098389
                ],
                [
                    0,
                    0,
                    0,
                    1
                ]
            ]
        },
        {
            "file_path": "004.png",
            "transform_matrix": [
                [
                    0.9994048476219177,
                    0.009259812533855438,
                    -0.033229511231184006,
                    -0.03987541422247887
                ],
                [
                    -0.03449557349085808,
                    0.2682749330997467,
                    -0.9627246260643005,
                    -1.1552695035934448
                ],
                [
                    -2.6228954563833895e-09,
                    0.9632979035377502,
                    0.26843470335006714,
                    0.32212167978286743
                ],
                [
                    0,
                    0,
                    0,
                    1
                ]
            ]
        },
        {
            "file_path": "005.png",
            "transform_matrix": [
                [
                    0.7551389932632446,
                    -0.031972672790288925,
                    0.6547845602035522,
                    0.7857415080070496
                ],
                [
                    0.6555647253990173,
                    0.03682895749807358,
                    -0.7542403936386108,
                    -0.905088484287262
                ],
                [
                    2.9563500092422146e-08,
                    0.9988099932670593,
                    0.04877113178372383,
                    0.058525450527668
                ],
                [
                    0,
                    0,
                    0,
                    1
                ]
            ]
        }
    ]
}