{
    "camera_angle_x": 0.8575560450553894,
    "aabb": [
        [
            -0.35,
            -0.35,
            -0.35
        ],
        [
            0.35,
            0.35,
            0.35
        ]
    ],
    "frames": [
        {
            "file_path": "000.png",
            "transform_matrix": [
                [
                    0.06861791014671326,
                    0.4410211145877838,
                    -0.8948698043823242,
                    -1.0738438367843628
                ],
                [
                    -0.9976430535316467,
                    0.03033340536057949,
                    -0.06154920905828476,
                    -0.07385899871587753
                ],
                [
                    -2.242011376552e-08,
                    0.8969840407371521,
                    0.44206303358078003,
                    0.5304756760597229
                ],
                [
                    0,
                    0,
                    0,
                    1
                ]
            ]
        },
        {
            "file_path": "001.png",
            "transform_matrix": [
                [
                    0.7670090198516846,
                    0.1560758352279663,
                    -0.6223644018173218,
                    -0.746837317943573
                ],
                [
                    -0.641636312007904,
                    0.18657223880290985,
                    -0.743971586227417,
                    -0.8927658796310425
                ],
                [
                    -5.050402762662998e-08,
                    0.9699645042419434,
                    0.24324651062488556,
                    0.29189595580101013
                ],
                [
                    0,
                    0,
                    0,
                    1
                ]
            ]
        },
        {
            "file_path": "002.png",
            "transform_matrix": [
                [
                    0.7594241499900818,
                    -0.035086724907159805,
                    0.6496490836143494,
                    0.7795789241790771
                ],
                [
                    0.6505959033966064,
                    0.040955811738967896,
                    -0.7583189606666565,
                    -0.9099827408790588
                ],
                [
                    1.7448655853513628e-09,
                    0.9985447525978088,
                    0.05393010377883911,
                    0.0647161453962326
                ],
                [
                    0,
                    0,
                    0,
                    1
                ]
            ]
        },
        {
            "file_path": "003.png",
            "transform_matrix": [
                [
                    0.9387928247451782,
                    0.07308725267648697,
                    -0.3366396427154541,
                    -0.4039675295352936
                ],
                [
                    -0.3444822132587433,
                    0.19917938113212585,
                    -0.9174201488494873,
                    -1.100904107093811
                ],
                [
                    -1.383450687342247e-08,
                    0.9772338271141052,
                    0.21216543018817902,
                    0.2545986473560333
                ],
                [
                    0,
                    0,
                    0,
                    1
                ]
            ]
        },
        {
            "file_path": "004.png",
            "transform_matrix": [
                [
                    0.8682212829589844,
                    -0.034755755215883255,
                    0.49495843052864075,
                    0.593950092792511
                ],
                [
                    0.49617719650268555,
                    0.06081627681851387,
                    -0.8660886883735657,
                    -1.0393065214157104
                ],
                [
                    3.027811601441499e-08,
                    0.9975436925888062,
                    0.07004699856042862,
                    0.08405648171901703
                ],
                [
                    0,
                    0,
                    0,
                    1
                ]
            ]
        },
        {
            "file_path": "005.png",
            "transform_matrix": [
                [
                    -0.9994149208068848,
                    0.015728425234556198,
                    -0.030376732349395752,
                    -0.03645207732915878
                ],
                [
                    -0.03420715034008026,
                    -0.45953038334846497,
                    0.8875032067298889,
                    1.065003752708435
                ],
                [
                    -8.184126709664952e-10,
                    0.8880228996276855,
                    0.45979931950569153,
                    0.5517593026161194
                ],
                [
                    0,
                    0,
                    0,
                    1
                ]
            ]
        }
    ]
}