{
    "camera_angle_x": 0.8575560450553894,
    "aabb": [
        [
            -0.35,
            -0.35,
            -0.35
        ],
        [
            0.35,
            0.35,
            0.35
        ]
    ],
    "frames": [
        {
            "file_path": "000.png",
            "transform_matrix": [
                [
                    -0.35234755277633667,
                    -0.033781252801418304,
                    0.9352594017982483,
                    1.1223112344741821
                ],
                [
                    0.9358692765235901,
                    -0.012718359008431435,
                    0.3521178960800171,
                    0.4225415289402008
                ],
                [
                    -5.4100674162782525e-08,
                    0.9993483424186707,
                    0.03609606623649597,
                    0.04331535845994949
                ],
                [
                    0,
                    0,
                    0,
                    1
                ]
            ]
        },
        {
            "file_path": "001.png",
            "transform_matrix": [
                [
                    0.21435663104057312,
                    0.4495032727718353,
                    -0.8671783208847046,
                    -1.0406138896942139
                ],
                [
                    -0.9767555594444275,
                    0.09864694625139236,
                    -0.19030916690826416,
                    -0.2283710390329361
                ],
                [
                    1.9438040510522114e-08,
                    0.8878151774406433,
                    0.46020030975341797,
                    0.5522404313087463
                ],
                [
                    0,
                    0,
                    0,
                    1
                ]
            ]
        },
        {
            "file_path": "002.png",
            "transform_matrix": [
                [
                    -0.6680943369865417,
                    -0.3131321370601654,
                    0.6749802231788635,
                    0.8099762797355652
                ],
                [
                    0.744076669216156,
                    -0.2811562418937683,
                    0.6060538291931152,
                    0.7272645235061646
                ],
                [
                    -3.219057731485009e-08,
                    0.9071381092071533,
                    0.42083311080932617,
                    0.5049998164176941
                ],
                [
                    0,
                    0,
                    0,
                    1
                ]
            ]
        },
        {
            "file_path": "003.png",
            "transform_matrix": [
                [
                    0.041098274290561676,
                    0.29035377502441406,
                    -0.9560365676879883,
                    -1.1472437381744385
                ],
                [
                    -0.9991552829742432,
                    0.011943117715418339,
                    -0.039324793964624405,
                    -0.047189731150865555
                ],
                [
                    1.0804532024621949e-07,
                    0.9568449854850769,
                    0.29059913754463196,
                    0.34871917963027954
                ],
                [
                    0,
                    0,
                    0,
                    1
                ]
            ]
        },
        {
            "file_path": "004.png",
            "transform_matrix": [
                [
                    0.5328300595283508,
                    0.2702695429325104,
                    -0.8019018173217773,
                    -0.9622820615768433
                ],
                [
                    -0.8462222814559937,
                    0.1701771318912506,
                    -0.504923403263092,
                    -0.6059081554412842
                ],
                [
                    -1.4563987349447416e-08,
                    0.9476255774497986,
                    0.31938356161117554,
                    0.3832603991031647
                ],
                [
                    0,
                    0,
                    0,
                    1
                ]
            ]
        },
        {
            "file_path": "005.png",
            "transform_matrix": [
                [
                    0.6540250182151794,
                    -0.16123998165130615,
                    0.7390892505645752,
                    0.8869072198867798
                ],
                [
                    0.7564729452133179,
                    0.13940352201461792,
                    -0.6389955878257751,
                    -0.766794741153717
                ],
                [
                    1.0312113829513692e-08,
                    0.9770200848579407,
                    0.21314707398414612,
                    0.25577640533447266
                ],
                [
                    0,
                    0,
                    0,
                    1
                ]
            ]
        }
    ]
}