{
    "camera_angle_x": 0.8575560450553894,
    "aabb": [
        [
            -0.35,
            -0.35,
            -0.35
        ],
        [
            0.35,
            0.35,
            0.35
        ]
    ],
    "frames": [
        {
            "file_path": "000.png",
            "transform_matrix": [
                [
                    0.9996492862701416,
                    -0.004053317476063967,
                    0.026169443503022194,
                    0.031403325498104095
                ],
                [
                    0.02648148685693741,
                    0.15300855040550232,
                    -0.9878699779510498,
                    -1.1854439973831177
                ],
                [
                    1.8692276615439596e-09,
                    0.9882165789604187,
                    0.15306222438812256,
                    0.1836748719215393
                ],
                [
                    0,
                    0,
                    0,
                    1
                ]
            ]
        },
        {
            "file_path": "001.png",
            "transform_matrix": [
                [
                    0.7902547121047974,
                    0.1845899522304535,
                    -0.5843150615692139,
                    -0.7011780142784119
                ],
                [
                    -0.6127785444259644,
                    0.23805177211761475,
                    -0.7535475492477417,
                    -0.9042569398880005
                ],
                [
                    -4.046226464993197e-08,
                    0.9535502195358276,
                    0.30123427510261536,
                    0.36148130893707275
                ],
                [
                    0,
                    0,
                    0,
                    1
                ]
            ]
        },
        {
            "file_path": "002.png",
            "transform_matrix": [
                [
                    0.4091625213623047,
                    0.4523617923259735,
                    -0.7924360632896423,
                    -0.9509233236312866
                ],
                [
                    -0.9124615788459778,
                    0.20284636318683624,
                    -0.3553411662578583,
                    -0.42640939354896545
                ],
                [
                    5.004642034123208e-08,
                    0.8684597015380859,
                    0.4957598149776459,
                    0.5949117541313171
                ],
                [
                    0,
                    0,
                    0,
                    1
                ]
            ]
        },
        {
            "file_path": "003.png",
            "transform_matrix": [
                [
                    0.0408296175301075,
                    -0.22546598315238953,
                    0.9733952283859253,
                    1.168074131011963
                ],
                [
                    0.9991662502288818,
                    0.009213217534124851,
                    -0.03977665305137634,
                    -0.04773196950554848
                ],
                [
                    6.253481643625491e-08,
                    0.9742075800895691,
                    0.2256540209054947,
                    0.2707848846912384
                ],
                [
                    0,
                    0,
                    0,
                    1
                ]
            ]
        },
        {
            "file_path": "004.png",
            "transform_matrix": [
                [
                    0.2824290096759796,
                    -0.31529363989830017,
                    0.9059933423995972,
                    1.0871919393539429
                ],
                [
                    0.9592882990837097,
                    0.09282711893320084,
                    -0.26673829555511475,
                    -0.3200860023498535
                ],
                [
                    4.763000305274545e-08,
                    0.9444433450698853,
                    0.32867446541786194,
                    0.3944094777107239
                ],
                [
                    0,
                    0,
                    0,
                    1
                ]
            ]
        },
        {
            "file_path": "005.png",
            "transform_matrix": [
                [
                    -0.8488434553146362,
                    0.02976139262318611,
                    -0.5278063416481018,
                    -0.633367657661438
                ],
                [
                    -0.5286448001861572,
                    -0.047787897288799286,
                    0.8474970459938049,
                    1.0169963836669922
                ],
                [
                    4.293823963053001e-09,
                    0.998414158821106,
                    0.05629739910364151,
                    0.06755714118480682
                ],
                [
                    0,
                    0,
                    0,
                    1
                ]
            ]
        }
    ]
}