{
    "camera_angle_x": 0.8575560450553894,
    "aabb": [
        [
            -0.35,
            -0.35,
            -0.35
        ],
        [
            0.35,
            0.35,
            0.35
        ]
    ],
    "frames": [
        {
            "file_path": "000.png",
            "transform_matrix": [
                [
                    0.5901106595993042,
                    0.33904340863227844,
                    -0.7326793670654297,
                    -0.8792151808738708
                ],
                [
                    -0.8073223829269409,
                    0.24782301485538483,
                    -0.535550594329834,
                    -0.6426606774330139
                ],
                [
                    -1.605934230042294e-08,
                    0.9075425267219543,
                    0.41996029019355774,
                    0.5039523839950562
                ],
                [
                    0,
                    0,
                    0,
                    1
                ]
            ]
        },
        {
            "file_path": "001.png",
            "transform_matrix": [
                [
                    0.11141996830701828,
                    -0.32409438490867615,
                    0.9394405484199524,
                    1.127328634262085
                ],
                [
                    0.9937734603881836,
                    0.036336760967969894,
                    -0.10532833635807037,
                    -0.12639401853084564
                ],
                [
                    3.7533578023385417e-08,
                    0.9453266859054565,
                    0.32612496614456177,
                    0.3913500905036926
                ],
                [
                    0,
                    0,
                    0,
                    1
                ]
            ]
        },
        {
            "file_path": "002.png",
            "transform_matrix": [
                [
                    0.9816933870315552,
                    -0.013588164933025837,
                    0.18998287618160248,
                    0.22797943651676178
                ],
                [
                    0.1904681921005249,
                    0.07003480195999146,
                    -0.9791920185089111,
                    -1.1750304698944092
                ],
                [
                    1.124322768220054e-08,
                    0.9974519610404968,
                    0.07134081423282623,
                    0.0856090858578682
                ],
                [
                    0,
                    0,
                    0,
                    1
                ]
            ]
        },
        {
            "file_path": "003.png",
            "transform_matrix": [
                [
                    0.9538549184799194,
                    -0.14560489356517792,
                    0.2626022696495056,
                    0.3151228129863739
                ],
                [
                    0.3002677857875824,
                    0.4625403881072998,
                    -0.8342035412788391,
                    -1.0010443925857544
                ],
                [
                    1.7315837652631672e-10,
                    0.8745601773262024,
                    0.48491689562797546,
                    0.5819001793861389
                ],
                [
                    0,
                    0,
                    0,
                    1
                ]
            ]
        },
        {
            "file_path": "004.png",
            "transform_matrix": [
                [
                    -0.40430888533592224,
                    -0.024286579340696335,
                    0.9143000245094299,
                    1.0971601009368896
                ],
                [
                    0.9146224856376648,
                    -0.010735897347331047,
                    0.4041663110256195,
                    0.4849995970726013
                ],
                [
                    1.1260016918868132e-08,
                    0.9996473789215088,
                    0.026553668081760406,
                    0.03186430037021637
                ],
                [
                    0,
                    0,
                    0,
                    1
                ]
            ]
        },
        {
            "file_path": "005.png",
            "transform_matrix": [
                [
                    0.5654810070991516,
                    0.05884747952222824,
                    -0.8226592540740967,
                    -0.9871910810470581
                ],
                [
                    -0.8247613310813904,
                    0.04034746065735817,
                    -0.5640398263931274,
                    -0.6768478155136108
                ],
                [
                    -4.7680728698651365e-08,
                    0.9974513649940491,
                    0.0713508129119873,
                    0.08562110364437103
                ],
                [
                    0,
                    0,
                    0,
                    1
                ]
            ]
        }
    ]
}