{
    "camera_angle_x": 0.8575560450553894,
    "aabb": [
        [
            -0.35,
            -0.35,
            -0.35
        ],
        [
            0.35,
            0.35,
            0.35
        ]
    ],
    "frames": [
        {
            "file_path": "000.png",
            "transform_matrix": [
                [
                    -0.990134060382843,
                    -0.02625950053334236,
                    0.1376419961452484,
                    0.16517038643360138
                ],
                [
                    0.14012451469898224,
                    -0.18555232882499695,
                    0.9725922346115112,
                    1.167110562324524
                ],
                [
                    -4.355650062848326e-09,
                    0.9822835326194763,
                    0.18740108609199524,
                    0.22488155961036682
                ],
                [
                    0,
                    0,
                    0,
                    1
                ]
            ]
        },
        {
            "file_path": "001.png",
            "transform_matrix": [
                [
                    -0.9901017546653748,
                    0.041134536266326904,
                    -0.13418850302696228,
                    -0.1610262095928192
                ],
                [
                    -0.14035171270370483,
                    -0.2901808023452759,
                    0.9466237425804138,
                    1.1359485387802124
                ],
                [
                    2.521797437537998e-09,
                    0.9560874104499817,
                    0.29308179020881653,
                    0.3516981303691864
                ],
                [
                    0,
                    0,
                    0,
                    1
                ]
            ]
        },
        {
            "file_path": "002.png",
            "transform_matrix": [
                [
                    -0.8389132618904114,
                    -0.0178868155926466,
                    0.5439713597297668,
                    0.6527656316757202
                ],
                [
                    0.5442653298377991,
                    -0.027570270001888275,
                    0.8384600281715393,
                    1.0061520338058472
                ],
                [
                    1.9243959314962922e-08,
                    0.9994599223136902,
                    0.03286410868167877,
                    0.039437007158994675
                ],
                [
                    0,
                    0,
                    0,
                    1
                ]
            ]
        },
        {
            "file_path": "003.png",
            "transform_matrix": [
                [
                    0.677234411239624,
                    -0.11552160233259201,
                    0.726641833782196,
                    0.8719701766967773
                ],
                [
                    0.7357673645019531,
                    0.10633134841918945,
                    -0.668834924697876,
                    -0.8026018738746643
                ],
                [
                    2.985053981774399e-08,
                    0.9875973463058472,
                    0.15700824558734894,
                    0.18841008841991425
                ],
                [
                    0,
                    0,
                    0,
                    1
                ]
            ]
        },
        {
            "file_path": "004.png",
            "transform_matrix": [
                [
                    -0.9970287680625916,
                    -0.007012731861323118,
                    0.07671339064836502,
                    0.09205606579780579
                ],
                [
                    0.07703325897455215,
                    -0.09076474606990814,
                    0.9928886890411377,
                    1.191466212272644
                ],
                [
                    9.513052567911018e-10,
                    0.9958478212356567,
                    0.09103501588106155,
                    0.10924223065376282
                ],
                [
                    0,
                    0,
                    0,
                    1
                ]
            ]
        },
        {
            "file_path": "005.png",
            "transform_matrix": [
                [
                    0.7669742703437805,
                    -0.1680125594139099,
                    0.6192917823791504,
                    0.7431501746177673
                ],
                [
                    0.6416779160499573,
                    0.20081926882266998,
                    -0.7402169704437256,
                    -0.8882603049278259
                ],
                [
                    -4.400080300115405e-09,
                    0.9651132225990295,
                    0.261833131313324,
                    0.31419986486434937
                ],
                [
                    0,
                    0,
                    0,
                    1
                ]
            ]
        }
    ]
}