{
    "camera_angle_x": 0.8575560450553894,
    "aabb": [
        [
            -0.35,
            -0.35,
            -0.35
        ],
        [
            0.35,
            0.35,
            0.35
        ]
    ],
    "frames": [
        {
            "file_path": "000.png",
            "transform_matrix": [
                [
                    0.2907201945781708,
                    0.31117770075798035,
                    -0.9047929048538208,
                    -1.0857515335083008
                ],
                [
                    -0.9568080902099609,
                    0.09454949200153351,
                    -0.2749156653881073,
                    -0.3298988938331604
                ],
                [
                    6.051183731869969e-08,
                    0.9456366896629333,
                    0.3252248167991638,
                    0.39026978611946106
                ],
                [
                    0,
                    0,
                    0,
                    1
                ]
            ]
        },
        {
            "file_path": "001.png",
            "transform_matrix": [
                [
                    -0.9993544816970825,
                    -0.0031106716487556696,
                    0.0357978455722332,
                    0.042957406491041183
                ],
                [
                    0.035932742059230804,
                    -0.08651342242956161,
                    0.9956026077270508,
                    1.1947230100631714
                ],
                [
                    -3.741050136341073e-09,
                    0.9962459802627563,
                    0.08656904846429825,
                    0.1038832813501358
                ],
                [
                    0,
                    0,
                    0,
                    1
                ]
            ]
        },
        {
            "file_path": "002.png",
            "transform_matrix": [
                [
                    0.7366183996200562,
                    -0.2690640687942505,
                    0.6204819679260254,
                    0.7445783615112305
                ],
                [
                    0.6763086318969727,
                    0.2930578291416168,
                    -0.6758134365081787,
                    -0.8109760880470276
                ],
                [
                    -5.147459347654149e-09,
                    0.9174538850784302,
                    0.397842139005661,
                    0.4774106442928314
                ],
                [
                    0,
                    0,
                    0,
                    1
                ]
            ]
        },
        {
            "file_path": "003.png",
            "transform_matrix": [
                [
                    0.4229225814342499,
                    0.25500479340553284,
                    -0.8695453405380249,
                    -1.0434544086456299
                ],
                [
                    -0.9061658382415771,
                    0.11901494860649109,
                    -0.4058311879634857,
                    -0.4869973957538605
                ],
                [
                    -2.401755239134218e-09,
                    0.9595873951911926,
                    0.28141072392463684,
                    0.33769285678863525
                ],
                [
                    0,
                    0,
                    0,
                    1
                ]
            ]
        },
        {
            "file_path": "004.png",
            "transform_matrix": [
                [
                    0.9922519326210022,
                    0.014516008086502552,
                    -0.12339130789041519,
                    -0.1480695605278015
                ],
                [
                    -0.12424221634864807,
                    0.11593110859394073,
                    -0.9854561686515808,
                    -1.1825474500656128
                ],
                [
                    -4.2017322954279734e-10,
                    0.9931511878967285,
                    0.11683636903762817,
                    0.14020361006259918
                ],
                [
                    0,
                    0,
                    0,
                    1
                ]
            ]
        },
        {
            "file_path": "005.png",
            "transform_matrix": [
                [
                    -0.9983773827552795,
                    -0.02165081351995468,
                    0.052668385207653046,
                    0.06320205330848694
                ],
                [
                    0.05694485455751419,
                    -0.3795897662639618,
                    0.9234007596969604,
                    1.1080808639526367
                ],
                [
                    9.443845705447984e-10,
                    0.9249016046524048,
                    0.3802066743373871,
                    0.45624813437461853
                ],
                [
                    0,
                    0,
                    0,
                    1
                ]
            ]
        }
    ]
}