{
    "camera_angle_x": 0.8575560450553894,
    "aabb": [
        [
            -0.35,
            -0.35,
            -0.35
        ],
        [
            0.35,
            0.35,
            0.35
        ]
    ],
    "frames": [
        {
            "file_path": "000.png",
            "transform_matrix": [
                [
                    -0.8777549862861633,
                    -0.06599575281143188,
                    0.4745432138442993,
                    0.5694517493247986
                ],
                [
                    0.47911033034324646,
                    -0.12090766429901123,
                    0.869387686252594,
                    1.0432651042938232
                ],
                [
                    -4.4515569896930174e-08,
                    0.9904676675796509,
                    0.13774627447128296,
                    0.16529586911201477
                ],
                [
                    0,
                    0,
                    0,
                    1
                ]
            ]
        },
        {
            "file_path": "001.png",
            "transform_matrix": [
                [
                    -0.3883155882358551,
                    -0.1255333572626114,
                    0.9129363298416138,
                    1.095523476600647
                ],
                [
                    0.9215266704559326,
                    -0.052897680550813675,
                    0.3846956491470337,
                    0.46163466572761536
                ],
                [
                    -3.511366486463885e-08,
                    0.9906783103942871,
                    0.13622313737869263,
                    0.16346803307533264
                ],
                [
                    0,
                    0,
                    0,
                    1
                ]
            ]
        },
        {
            "file_path": "002.png",
            "transform_matrix": [
                [
                    0.5493139028549194,
                    -0.02712133526802063,
                    0.8351758718490601,
                    1.0022109746932983
                ],
                [
                    0.8356161117553711,
                    0.01782880164682865,
                    -0.5490245223045349,
                    -0.6588294506072998
                ],
                [
                    5.101085420733398e-08,
                    0.9994732141494751,
                    0.03245661035180092,
                    0.03894804045557976
                ],
                [
                    0,
                    0,
                    0,
                    1
                ]
            ]
        },
        {
            "file_path": "003.png",
            "transform_matrix": [
                [
                    0.4364171624183655,
                    0.2024659663438797,
                    -0.8766685724258423,
                    -1.052002191543579
                ],
                [
                    -0.8997445702552795,
                    0.09820511192083359,
                    -0.4252244234085083,
                    -0.510269284248352
                ],
                [
                    1.1838622526738618e-08,
                    0.9743528962135315,
                    0.22502592206001282,
                    0.2700311541557312
                ],
                [
                    0,
                    0,
                    0,
                    1
                ]
            ]
        },
        {
            "file_path": "004.png",
            "transform_matrix": [
                [
                    0.7343862652778625,
                    -0.10982955247163773,
                    0.6697867512702942,
                    0.8037440776824951
                ],
                [
                    0.6787317991256714,
                    0.11883522570133209,
                    -0.724707841873169,
                    -0.8696494698524475
                ],
                [
                    4.5586116215190486e-08,
                    0.9868210554122925,
                    0.16181574761867523,
                    0.1941789984703064
                ],
                [
                    0,
                    0,
                    0,
                    1
                ]
            ]
        },
        {
            "file_path": "005.png",
            "transform_matrix": [
                [
                    -0.19763348996639252,
                    0.4350011348724365,
                    -0.878473162651062,
                    -1.0541677474975586
                ],
                [
                    -0.9802759885787964,
                    -0.08770062029361725,
                    0.1771089881658554,
                    0.21253083646297455
                ],
                [
                    -7.0852337330507e-09,
                    0.8961488008499146,
                    0.443753719329834,
                    0.5325046181678772
                ],
                [
                    0,
                    0,
                    0,
                    1
                ]
            ]
        }
    ]
}