{
    "camera_angle_x": 0.8575560450553894,
    "aabb": [
        [
            -0.35,
            -0.35,
            -0.35
        ],
        [
            0.35,
            0.35,
            0.35
        ]
    ],
    "frames": [
        {
            "file_path": "000.png",
            "transform_matrix": [
                [
                    0.9897710680961609,
                    0.008906779810786247,
                    -0.14238660037517548,
                    -0.17086392641067505
                ],
                [
                    -0.14266489446163177,
                    0.06179282069206238,
                    -0.9878403544425964,
                    -1.185408353805542
                ],
                [
                    7.543712321478324e-09,
                    0.9980493783950806,
                    0.06243142858147621,
                    0.07491783052682877
                ],
                [
                    0,
                    0,
                    0,
                    1
                ]
            ]
        },
        {
            "file_path": "001.png",
            "transform_matrix": [
                [
                    0.49597492814064026,
                    0.35630038380622864,
                    -0.7918705344200134,
                    -0.9502446055412292
                ],
                [
                    -0.8683368563652039,
                    0.20351086556911469,
                    -0.4522990882396698,
                    -0.5427589416503906
                ],
                [
                    -6.05770935635519e-08,
                    0.9119393825531006,
                    0.4103250205516815,
                    0.4923901855945587
                ],
                [
                    0,
                    0,
                    0,
                    1
                ]
            ]
        },
        {
            "file_path": "002.png",
            "transform_matrix": [
                [
                    0.08491522073745728,
                    -0.21651965379714966,
                    0.9725784063339233,
                    1.167094111442566
                ],
                [
                    0.9963882565498352,
                    0.01845233328640461,
                    -0.08288617432117462,
                    -0.09946338087320328
                ],
                [
                    6.006062847063731e-08,
                    0.9761039614677429,
                    0.21730443835258484,
                    0.2607653737068176
                ],
                [
                    0,
                    0,
                    0,
                    1
                ]
            ]
        },
        {
            "file_path": "003.png",
            "transform_matrix": [
                [
                    -0.2087056040763855,
                    -0.16317670047283173,
                    0.9642693400382996,
                    1.1571232080459595
                ],
                [
                    0.977978527545929,
                    -0.034822747111320496,
                    0.20577998459339142,
                    0.2469361275434494
                ],
                [
                    1.497131307814925e-08,
                    0.9859821200370789,
                    0.1668510138988495,
                    0.2002212554216385
                ],
                [
                    0,
                    0,
                    0,
                    1
                ]
            ]
        },
        {
            "file_path": "004.png",
            "transform_matrix": [
                [
                    -0.9750145673751831,
                    -0.011872521601617336,
                    0.22182400524616241,
                    0.2661888003349304
                ],
                [
                    0.22214148938655853,
                    -0.052110422402620316,
                    0.9736210107803345,
                    1.1683450937271118
                ],
                [
                    -1.098202595528619e-08,
                    0.9985708594322205,
                    0.05344564467668533,
                    0.06413497030735016
                ],
                [
                    0,
                    0,
                    0,
                    1
                ]
            ]
        },
        {
            "file_path": "005.png",
            "transform_matrix": [
                [
                    -0.5059300661087036,
                    -0.32885313034057617,
                    0.7974273562431335,
                    0.9569128155708313
                ],
                [
                    0.8625745177268982,
                    -0.19288386404514313,
                    0.4677189886569977,
                    0.5612627863883972
                ],
                [
                    2.0273247969271324e-08,
                    0.9244735836982727,
                    0.38124608993530273,
                    0.45749542117118835
                ],
                [
                    0,
                    0,
                    0,
                    1
                ]
            ]
        }
    ]
}