{
    "camera_angle_x": 0.8575560450553894,
    "aabb": [
        [
            -0.35,
            -0.35,
            -0.35
        ],
        [
            0.35,
            0.35,
            0.35
        ]
    ],
    "frames": [
        {
            "file_path": "000.png",
            "transform_matrix": [
                [
                    0.8079378604888916,
                    0.0955296978354454,
                    -0.5814726948738098,
                    -0.6977672576904297
                ],
                [
                    -0.5892677307128906,
                    0.13097944855690002,
                    -0.7972503304481506,
                    -0.9567002654075623
                ],
                [
                    -4.5054179054204724e-08,
                    0.986771821975708,
                    0.16211581230163574,
                    0.19453921914100647
                ],
                [
                    0,
                    0,
                    0,
                    1
                ]
            ]
        },
        {
            "file_path": "001.png",
            "transform_matrix": [
                [
                    0.49348050355911255,
                    -0.04468251392245293,
                    0.8686084151268005,
                    1.042330026626587
                ],
                [
                    0.8697569370269775,
                    0.025351738557219505,
                    -0.49282899498939514,
                    -0.5913947820663452
                ],
                [
                    -1.6135572877828963e-08,
                    0.9986796379089355,
                    0.051373440772295,
                    0.061648380011320114
                ],
                [
                    0,
                    0,
                    0,
                    1
                ]
            ]
        },
        {
            "file_path": "002.png",
            "transform_matrix": [
                [
                    -0.5379930138587952,
                    0.3691656291484833,
                    -0.7578129768371582,
                    -0.9093754887580872
                ],
                [
                    -0.8429494500160217,
                    -0.23561155796051025,
                    0.48365652561187744,
                    0.5803878307342529
                ],
                [
                    -5.4478391575685237e-08,
                    0.8990017771720886,
                    0.437945157289505,
                    0.5255342721939087
                ],
                [
                    0,
                    0,
                    0,
                    1
                ]
            ]
        },
        {
            "file_path": "003.png",
            "transform_matrix": [
                [
                    0.048652052879333496,
                    -0.04314221814274788,
                    0.9978836178779602,
                    1.197460412979126
                ],
                [
                    0.9988157749176025,
                    0.0021015454549342394,
                    -0.04860663041472435,
                    -0.05832793936133385
                ],
                [
                    -8.70213199277714e-08,
                    0.9990667104721069,
                    0.04319338500499725,
                    0.051831960678100586
                ],
                [
                    0,
                    0,
                    0,
                    1
                ]
            ]
        },
        {
            "file_path": "004.png",
            "transform_matrix": [
                [
                    -0.8393558263778687,
                    -0.0744849443435669,
                    0.5384549498558044,
                    0.6461460590362549
                ],
                [
                    0.5435823202133179,
                    -0.11501362174749374,
                    0.8314385414123535,
                    0.9977262616157532
                ],
                [
                    7.624265663253027e-09,
                    0.9905674457550049,
                    0.1370260864496231,
                    0.16443125903606415
                ],
                [
                    0,
                    0,
                    0,
                    1
                ]
            ]
        },
        {
            "file_path": "005.png",
            "transform_matrix": [
                [
                    -0.9202318787574768,
                    0.07835733145475388,
                    -0.38344961404800415,
                    -0.46013954281806946
                ],
                [
                    -0.39137381315231323,
                    -0.18424057960510254,
                    0.9015997052192688,
                    1.0819196701049805
                ],
                [
                    -1.9460136613247414e-08,
                    0.9797528386116028,
                    0.20021097362041473,
                    0.24025319516658783
                ],
                [
                    0,
                    0,
                    0,
                    1
                ]
            ]
        }
    ]
}