{
    "camera_angle_x": 0.8575560450553894,
    "aabb": [
        [
            -0.35,
            -0.35,
            -0.35
        ],
        [
            0.35,
            0.35,
            0.35
        ]
    ],
    "frames": [
        {
            "file_path": "000.png",
            "transform_matrix": [
                [
                    -0.6123411059379578,
                    0.12299774587154388,
                    -0.7809674143791199,
                    -0.9371609091758728
                ],
                [
                    -0.7905938029289246,
                    -0.09526591002941132,
                    0.6048850417137146,
                    0.7258620858192444
                ],
                [
                    -3.1214135276513844e-08,
                    0.9878239035606384,
                    0.15557637810707092,
                    0.1866917461156845
                ],
                [
                    0,
                    0,
                    0,
                    1
                ]
            ]
        },
        {
            "file_path": "001.png",
            "transform_matrix": [
                [
                    -0.23324671387672424,
                    0.32552215456962585,
                    -0.9163140058517456,
                    -1.0995768308639526
                ],
                [
                    -0.9724175930023193,
                    -0.07808064669370651,
                    0.2197895348072052,
                    0.26374733448028564
                ],
                [
                    -2.4480783622493618e-08,
                    0.9423050284385681,
                    0.3347555100917816,
                    0.4017066955566406
                ],
                [
                    0,
                    0,
                    0,
                    1
                ]
            ]
        },
        {
            "file_path": "002.png",
            "transform_matrix": [
                [
                    -0.110761858522892,
                    -0.4435954689979553,
                    0.8893564939498901,
                    1.0672277212142944
                ],
                [
                    0.9938470125198364,
                    -0.04943762347102165,
                    0.09911663085222244,
                    0.11893995851278305
                ],
                [
                    -4.6441293477528234e-08,
                    0.8948625922203064,
                    0.44634175300598145,
                    0.5356101989746094
                ],
                [
                    0,
                    0,
                    0,
                    1
                ]
            ]
        },
        {
            "file_path": "003.png",
            "transform_matrix": [
                [
                    -0.946560263633728,
                    -0.11929646134376526,
                    0.2996537983417511,
                    0.3595845401287079
                ],
                [
                    0.32252758741378784,
                    -0.35011357069015503,
                    0.8794297575950623,
                    1.055315613746643
                ],
                [
                    -2.1971935382225638e-08,
                    0.9290797114372253,
                    0.36987972259521484,
                    0.4438559114933014
                ],
                [
                    0,
                    0,
                    0,
                    1
                ]
            ]
        },
        {
            "file_path": "004.png",
            "transform_matrix": [
                [
                    -0.9106084704399109,
                    0.02981272153556347,
                    -0.41219362616539,
                    -0.4946323335170746
                ],
                [
                    -0.41327035427093506,
                    -0.06568997353315353,
                    0.9082359671592712,
                    1.0898830890655518
                ],
                [
                    1.417307515794164e-08,
                    0.9973946809768677,
                    0.0721384733915329,
                    0.08656618744134903
                ],
                [
                    0,
                    0,
                    0,
                    1
                ]
            ]
        },
        {
            "file_path": "005.png",
            "transform_matrix": [
                [
                    0.9700437784194946,
                    0.10867100208997726,
                    -0.21726861596107483,
                    -0.2607223391532898
                ],
                [
                    -0.2429301142692566,
                    0.43393394351005554,
                    -0.8675749897956848,
                    -1.0410900115966797
                ],
                [
                    -6.864008028628632e-09,
                    0.8943668007850647,
                    0.4473343789577484,
                    0.5368013978004456
                ],
                [
                    0,
                    0,
                    0,
                    1
                ]
            ]
        }
    ]
}