{
    "camera_angle_x": 0.8575560450553894,
    "aabb": [
        [
            -0.35,
            -0.35,
            -0.35
        ],
        [
            0.35,
            0.35,
            0.35
        ]
    ],
    "frames": [
        {
            "file_path": "000.png",
            "transform_matrix": [
                [
                    0.6498724222183228,
                    0.005699105095118284,
                    -0.760021984577179,
                    -0.9120262861251831
                ],
                [
                    -0.7600433826446533,
                    0.004872849676758051,
                    -0.6498542428016663,
                    -0.7798251509666443
                ],
                [
                    -2.5782718182654207e-08,
                    0.9999719858169556,
                    0.007498255930840969,
                    0.008998202160000801
                ],
                [
                    0,
                    0,
                    0,
                    1
                ]
            ]
        },
        {
            "file_path": "001.png",
            "transform_matrix": [
                [
                    0.11495531350374222,
                    -0.00975353829562664,
                    0.9933227896690369,
                    1.19198739528656
                ],
                [
                    0.9933706521987915,
                    0.0011287129018455744,
                    -0.11494976282119751,
                    -0.13793976604938507
                ],
                [
                    5.724974272425243e-09,
                    0.9999517798423767,
                    0.00981864333152771,
                    0.011782394722104073
                ],
                [
                    0,
                    0,
                    0,
                    1
                ]
            ]
        },
        {
            "file_path": "002.png",
            "transform_matrix": [
                [
                    -0.3890721797943115,
                    0.2533189058303833,
                    -0.8856931924819946,
                    -1.0628318786621094
                ],
                [
                    -0.9212073087692261,
                    -0.1069893017411232,
                    0.37407276034355164,
                    0.44888731837272644
                ],
                [
                    3.08693870465504e-08,
                    0.9614483118057251,
                    0.27498573064804077,
                    0.3299829363822937
                ],
                [
                    0,
                    0,
                    0,
                    1
                ]
            ]
        },
        {
            "file_path": "003.png",
            "transform_matrix": [
                [
                    -0.926613450050354,
                    -0.013821426779031754,
                    0.37576115131378174,
                    0.45091336965560913
                ],
                [
                    0.3760152757167816,
                    -0.03406007960438728,
                    0.9259872436523438,
                    1.11118483543396
                ],
                [
                    -9.384994115180234e-09,
                    0.9993242025375366,
                    0.03675759956240654,
                    0.044109027832746506
                ],
                [
                    0,
                    0,
                    0,
                    1
                ]
            ]
        },
        {
            "file_path": "004.png",
            "transform_matrix": [
                [
                    -0.9234727025032043,
                    -0.0348149836063385,
                    0.3820814788341522,
                    0.4584977328777313
                ],
                [
                    0.3836643695831299,
                    -0.08379897475242615,
                    0.9196627140045166,
                    1.10359525680542
                ],
                [
                    -2.9756261454849664e-08,
                    0.9958744049072266,
                    0.09074320644140244,
                    0.10889202356338501
                ],
                [
                    0,
                    0,
                    0,
                    1
                ]
            ]
        },
        {
            "file_path": "005.png",
            "transform_matrix": [
                [
                    0.9891564846038818,
                    0.04544341564178467,
                    -0.13965801894664764,
                    -0.16758963465690613
                ],
                [
                    -0.14686547219753265,
                    0.3060667812824249,
                    -0.9406134486198425,
                    -1.128736138343811
                ],
                [
                    -3.450165486640344e-09,
                    0.950924813747406,
                    0.30942201614379883,
                    0.37130650877952576
                ],
                [
                    0,
                    0,
                    0,
                    1
                ]
            ]
        }
    ]
}