{
    "camera_angle_x": 0.8575560450553894,
    "aabb": [
        [
            -0.35,
            -0.35,
            -0.35
        ],
        [
            0.35,
            0.35,
            0.35
        ]
    ],
    "frames": [
        {
            "file_path": "000.png",
            "transform_matrix": [
                [
                    0.9995667934417725,
                    0.0002661406178958714,
                    -0.029429858550429344,
                    -0.035315826535224915
                ],
                [
                    -0.029431061819195747,
                    0.009038838557898998,
                    -0.9995260834693909,
                    -1.1994311809539795
                ],
                [
                    1.6128662849723696e-09,
                    0.9999592304229736,
                    0.009042755700647831,
                    0.010851445607841015
                ],
                [
                    0,
                    0,
                    0,
                    1
                ]
            ]
        },
        {
            "file_path": "001.png",
            "transform_matrix": [
                [
                    0.5225850939750671,
                    0.33963772654533386,
                    -0.7820172905921936,
                    -0.9384207725524902
                ],
                [
                    -0.8525871634483337,
                    0.20817764103412628,
                    -0.47933003306388855,
                    -0.5751960277557373
                ],
                [
                    7.412914726501185e-10,
                    0.917228639125824,
                    0.3983612656593323,
                    0.47803351283073425
                ],
                [
                    0,
                    0,
                    0,
                    1
                ]
            ]
        },
        {
            "file_path": "002.png",
            "transform_matrix": [
                [
                    0.5132551193237305,
                    0.39614102244377136,
                    -0.76134192943573,
                    -0.9136103391647339
                ],
                [
                    -0.8582361340522766,
                    0.23690609633922577,
                    -0.45530906319618225,
                    -0.546370804309845
                ],
                [
                    1.342168509665953e-08,
                    0.887100875377655,
                    0.4615757465362549,
                    0.5538910031318665
                ],
                [
                    0,
                    0,
                    0,
                    1
                ]
            ]
        },
        {
            "file_path": "003.png",
            "transform_matrix": [
                [
                    0.24523743987083435,
                    -0.36232277750968933,
                    0.8992111086845398,
                    1.079053521156311
                ],
                [
                    0.9694629907608032,
                    0.09165395796298981,
                    -0.22746631503105164,
                    -0.2729596495628357
                ],
                [
                    5.453195228710683e-08,
                    0.9275352358818054,
                    0.37373560667037964,
                    0.4484826326370239
                ],
                [
                    0,
                    0,
                    0,
                    1
                ]
            ]
        },
        {
            "file_path": "004.png",
            "transform_matrix": [
                [
                    -0.9943177700042725,
                    0.007084065582603216,
                    -0.10621725767850876,
                    -0.12746070325374603
                ],
                [
                    -0.10645322501659393,
                    -0.06616813689470291,
                    0.9921136498451233,
                    1.190536379814148
                ],
                [
                    2.530964771096933e-09,
                    0.997783362865448,
                    0.066546231508255,
                    0.07985547184944153
                ],
                [
                    0,
                    0,
                    0,
                    1
                ]
            ]
        },
        {
            "file_path": "005.png",
            "transform_matrix": [
                [
                    -0.9963473081588745,
                    0.02536850795149803,
                    -0.08153904974460602,
                    -0.0978468656539917
                ],
                [
                    -0.0853942483663559,
                    -0.29599010944366455,
                    0.9513662457466125,
                    1.1416395902633667
                ],
                [
                    -8.591775291222348e-09,
                    0.9548540711402893,
                    0.29707521200180054,
                    0.35649022459983826
                ],
                [
                    0,
                    0,
                    0,
                    1
                ]
            ]
        }
    ]
}