{
    "camera_angle_x": 0.8575560450553894,
    "aabb": [
        [
            -0.35,
            -0.35,
            -0.35
        ],
        [
            0.35,
            0.35,
            0.35
        ]
    ],
    "frames": [
        {
            "file_path": "000.png",
            "transform_matrix": [
                [
                    0.7782012224197388,
                    0.22573725879192352,
                    -0.5860422253608704,
                    -0.7032507061958313
                ],
                [
                    -0.6280149817466736,
                    0.27972105145454407,
                    -0.726190984249115,
                    -0.8714291453361511
                ],
                [
                    -5.32324051505384e-09,
                    0.9331660270690918,
                    0.3594456613063812,
                    0.43133482336997986
                ],
                [
                    0,
                    0,
                    0,
                    1
                ]
            ]
        },
        {
            "file_path": "001.png",
            "transform_matrix": [
                [
                    -0.617279589176178,
                    0.02609768882393837,
                    -0.7863109707832336,
                    -0.9435731768608093
                ],
                [
                    -0.7867439389228821,
                    -0.0204763300716877,
                    0.6169398427009583,
                    0.740327775478363
                ],
                [
                    -2.4658955766199142e-08,
                    0.9994497299194336,
                    0.03317174315452576,
                    0.03980609029531479
                ],
                [
                    0,
                    0,
                    0,
                    1
                ]
            ]
        },
        {
            "file_path": "002.png",
            "transform_matrix": [
                [
                    -0.9500241875648499,
                    -0.0634337067604065,
                    0.3056637942790985,
                    0.366796612739563
                ],
                [
                    0.31217655539512634,
                    -0.19304324686527252,
                    0.9302043914794922,
                    1.1162452697753906
                ],
                [
                    6.441235989029792e-09,
                    0.979137659072876,
                    0.2031981647014618,
                    0.24383781850337982
                ],
                [
                    0,
                    0,
                    0,
                    1
                ]
            ]
        },
        {
            "file_path": "003.png",
            "transform_matrix": [
                [
                    0.9957135915756226,
                    0.01947895437479019,
                    -0.0904156044125557,
                    -0.1084987223148346
                ],
                [
                    -0.0924900621175766,
                    0.20970307290554047,
                    -0.9733808636665344,
                    -1.1680569648742676
                ],
                [
                    -3.4236444790280984e-09,
                    0.9775711297988892,
                    0.21060581505298615,
                    0.2527271509170532
                ],
                [
                    0,
                    0,
                    0,
                    1
                ]
            ]
        },
        {
            "file_path": "004.png",
            "transform_matrix": [
                [
                    -0.9988536834716797,
                    0.008372621610760689,
                    -0.04713169112801552,
                    -0.0565580315887928
                ],
                [
                    -0.04786958545446396,
                    -0.17470434308052063,
                    0.9834566712379456,
                    1.1801480054855347
                ],
                [
                    6.240106209531859e-10,
                    0.9845854043960571,
                    0.17490479350090027,
                    0.2098858654499054
                ],
                [
                    0,
                    0,
                    0,
                    1
                ]
            ]
        },
        {
            "file_path": "005.png",
            "transform_matrix": [
                [
                    -0.19311678409576416,
                    0.08512217551469803,
                    -0.9774764776229858,
                    -1.1729717254638672
                ],
                [
                    -0.9811758995056152,
                    -0.016754046082496643,
                    0.19238857924938202,
                    0.23086634278297424
                ],
                [
                    -7.597898132871705e-08,
                    0.9962297081947327,
                    0.08675520867109299,
                    0.10410630702972412
                ],
                [
                    0,
                    0,
                    0,
                    1
                ]
            ]
        }
    ]
}