{
    "camera_angle_x": 0.8575560450553894,
    "aabb": [
        [
            -0.35,
            -0.35,
            -0.35
        ],
        [
            0.35,
            0.35,
            0.35
        ]
    ],
    "frames": [
        {
            "file_path": "000.png",
            "transform_matrix": [
                [
                    0.855030357837677,
                    0.2293907105922699,
                    -0.4650838375091553,
                    -0.5581006407737732
                ],
                [
                    -0.5185779333114624,
                    0.37821900844573975,
                    -0.7668294310569763,
                    -0.9201953411102295
                ],
                [
                    1.7005866936870007e-08,
                    0.8968446254730225,
                    0.44234567880630493,
                    0.5308147072792053
                ],
                [
                    0,
                    0,
                    0,
                    1
                ]
            ]
        },
        {
            "file_path": "001.png",
            "transform_matrix": [
                [
                    0.36378347873687744,
                    0.4045741558074951,
                    -0.8390359878540039,
                    -1.0068432092666626
                ],
                [
                    -0.9314835667610168,
                    0.15800315141677856,
                    -0.3276788592338562,
                    -0.39321455359458923
                ],
                [
                    -2.9341236995605868e-08,
                    0.9007523655891418,
                    0.43433308601379395,
                    0.5211998224258423
                ],
                [
                    0,
                    0,
                    0,
                    1
                ]
            ]
        },
        {
            "file_path": "002.png",
            "transform_matrix": [
                [
                    0.8159143328666687,
                    0.1908825784921646,
                    -0.5457541942596436,
                    -0.6549049615859985
                ],
                [
                    -0.5781728029251099,
                    0.26937243342399597,
                    -0.7701653838157654,
                    -0.9241985082626343
                ],
                [
                    -2.6455802881741874e-08,
                    0.9439291954040527,
                    0.330147922039032,
                    0.39617761969566345
                ],
                [
                    0,
                    0,
                    0,
                    1
                ]
            ]
        },
        {
            "file_path": "003.png",
            "transform_matrix": [
                [
                    -0.11906299740076065,
                    -0.4911596179008484,
                    0.8628941774368286,
                    1.0354729890823364
                ],
                [
                    0.9928867816925049,
                    -0.05889783799648285,
                    0.10347480326890945,
                    0.12416981160640717
                ],
                [
                    -1.0056351840148636e-07,
                    0.8690761923789978,
                    0.4946783185005188,
                    0.5936141014099121
                ],
                [
                    0,
                    0,
                    0,
                    1
                ]
            ]
        },
        {
            "file_path": "004.png",
            "transform_matrix": [
                [
                    0.9833269715309143,
                    -0.04260211065411568,
                    0.17678537964820862,
                    0.2121424823999405
                ],
                [
                    0.18184612691402435,
                    0.23036956787109375,
                    -0.9559612274169922,
                    -1.1471534967422485
                ],
                [
                    -1.1462391036332065e-08,
                    0.9721702337265015,
                    0.23427563905715942,
                    0.2811307907104492
                ],
                [
                    0,
                    0,
                    0,
                    1
                ]
            ]
        },
        {
            "file_path": "005.png",
            "transform_matrix": [
                [
                    0.030279163271188736,
                    -0.1408410519361496,
                    0.9895691275596619,
                    1.1874829530715942
                ],
                [
                    0.9995415210723877,
                    0.004266434349119663,
                    -0.02997712977230549,
                    -0.035972632467746735
                ],
                [
                    1.9547982788026275e-08,
                    0.9900230765342712,
                    0.14090560376644135,
                    0.16908684372901917
                ],
                [
                    0,
                    0,
                    0,
                    1
                ]
            ]
        }
    ]
}