{
    "camera_angle_x": 0.8575560450553894,
    "aabb": [
        [
            -0.35,
            -0.35,
            -0.35
        ],
        [
            0.35,
            0.35,
            0.35
        ]
    ],
    "frames": [
        {
            "file_path": "000.png",
            "transform_matrix": [
                [
                    0.03409941866993904,
                    -0.2505475580692291,
                    0.9675037264823914,
                    1.1610043048858643
                ],
                [
                    0.9994185566902161,
                    0.008548354730010033,
                    -0.03301064670085907,
                    -0.03961285203695297
                ],
                [
                    4.235524997397988e-08,
                    0.9680666923522949,
                    0.2506932020187378,
                    0.30083221197128296
                ],
                [
                    0,
                    0,
                    0,
                    1
                ]
            ]
        },
        {
            "file_path": "001.png",
            "transform_matrix": [
                [
                    -0.09961380809545517,
                    0.128549724817276,
                    -0.9866875410079956,
                    -1.1840249300003052
                ],
                [
                    -0.9950262904167175,
                    -0.01286940835416317,
                    0.09877889603376389,
                    0.11853469908237457
                ],
                [
                    2.115508479505479e-08,
                    0.9916196465492249,
                    0.12919218838214874,
                    0.1550309956073761
                ],
                [
                    0,
                    0,
                    0,
                    1
                ]
            ]
        },
        {
            "file_path": "002.png",
            "transform_matrix": [
                [
                    -0.4120083153247833,
                    -0.08933917433023453,
                    0.9067898392677307,
                    1.0881478786468506
                ],
                [
                    0.9111801385879517,
                    -0.040396470576524734,
                    0.4100230932235718,
                    0.49202761054039
                ],
                [
                    -5.593824070615483e-08,
                    0.9951817393302917,
                    0.09804769605398178,
                    0.11765723675489426
                ],
                [
                    0,
                    0,
                    0,
                    1
                ]
            ]
        },
        {
            "file_path": "003.png",
            "transform_matrix": [
                [
                    -0.9744387865066528,
                    0.04854852333664894,
                    -0.21934491395950317,
                    -0.2632139027118683
                ],
                [
                    -0.22465340793132782,
                    -0.2105802446603775,
                    0.951413094997406,
                    1.1416957378387451
                ],
                [
                    3.6175693551854238e-09,
                    0.9763703346252441,
                    0.21610407531261444,
                    0.2593250870704651
                ],
                [
                    0,
                    0,
                    0,
                    1
                ]
            ]
        },
        {
            "file_path": "004.png",
            "transform_matrix": [
                [
                    0.9937901496887207,
                    0.00042470358312129974,
                    -0.11126966774463654,
                    -0.1335235983133316
                ],
                [
                    -0.1112704798579216,
                    0.003793145762756467,
                    -0.9937829375267029,
                    -1.1925395727157593
                ],
                [
                    -1.833870832967932e-09,
                    0.9999927282333374,
                    0.003816847922280431,
                    0.004580308683216572
                ],
                [
                    0,
                    0,
                    0,
                    1
                ]
            ]
        },
        {
            "file_path": "005.png",
            "transform_matrix": [
                [
                    -0.440708726644516,
                    -0.049880217760801315,
                    0.8962633609771729,
                    1.0755159854888916
                ],
                [
                    0.8976503014564514,
                    -0.02448917180299759,
                    0.44002771377563477,
                    0.5280333161354065
                ],
                [
                    -5.388866242128643e-09,
                    0.9984549880027771,
                    0.055567461997270584,
                    0.06668110191822052
                ],
                [
                    0,
                    0,
                    0,
                    1
                ]
            ]
        }
    ]
}