{
    "camera_angle_x": 0.8575560450553894,
    "aabb": [
        [
            -0.35,
            -0.35,
            -0.35
        ],
        [
            0.35,
            0.35,
            0.35
        ]
    ],
    "frames": [
        {
            "file_path": "000.png",
            "transform_matrix": [
                [
                    0.9998281002044678,
                    -0.00439764279872179,
                    0.01801224797964096,
                    0.021614698693156242
                ],
                [
                    0.01854131557047367,
                    0.23713995516300201,
                    -0.9712985754013062,
                    -1.1655582189559937
                ],
                [
                    1.7544965480453811e-10,
                    0.9714655876159668,
                    0.23718072474002838,
                    0.28461697697639465
                ],
                [
                    0,
                    0,
                    0,
                    1
                ]
            ]
        },
        {
            "file_path": "001.png",
            "transform_matrix": [
                [
                    0.3922427296638489,
                    -0.09770013391971588,
                    0.9146586060523987,
                    1.0975903272628784
                ],
                [
                    0.9198617935180664,
                    0.04166077822446823,
                    -0.3900240957736969,
                    -0.4680289328098297
                ],
                [
                    -3.694330885650743e-08,
                    0.9943435788154602,
                    0.10621171444654465,
                    0.12745411694049835
                ],
                [
                    0,
                    0,
                    0,
                    1
                ]
            ]
        },
        {
            "file_path": "002.png",
            "transform_matrix": [
                [
                    0.8302438259124756,
                    0.21075403690338135,
                    -0.5160212516784668,
                    -0.6192254424095154
                ],
                [
                    -0.5574004054069519,
                    0.31391650438308716,
                    -0.7686101198196411,
                    -0.9223319888114929
                ],
                [
                    2.9957512026612676e-08,
                    0.925764262676239,
                    0.3781015872955322,
                    0.4537220299243927
                ],
                [
                    0,
                    0,
                    0,
                    1
                ]
            ]
        },
        {
            "file_path": "003.png",
            "transform_matrix": [
                [
                    0.6135570406913757,
                    -0.28651154041290283,
                    0.7358389496803284,
                    0.883006751537323
                ],
                [
                    0.7896504402160645,
                    0.2226189374923706,
                    -0.5717456340789795,
                    -0.6860947012901306
                ],
                [
                    -5.583498663419562e-10,
                    0.9318540692329407,
                    0.3628333508968353,
                    0.4354000687599182
                ],
                [
                    0,
                    0,
                    0,
                    1
                ]
            ]
        },
        {
            "file_path": "004.png",
            "transform_matrix": [
                [
                    0.9150007963180542,
                    -0.06183094531297684,
                    0.3986859619617462,
                    0.4784230887889862
                ],
                [
                    0.4034520387649536,
                    0.14022798836231232,
                    -0.904191792011261,
                    -1.0850300788879395
                ],
                [
                    4.910857498430232e-08,
                    0.9881868958473206,
                    0.15325452387332916,
                    0.183905690908432
                ],
                [
                    0,
                    0,
                    0,
                    1
                ]
            ]
        },
        {
            "file_path": "005.png",
            "transform_matrix": [
                [
                    -0.6435912251472473,
                    -0.08033707737922668,
                    0.7611416578292847,
                    0.91336989402771
                ],
                [
                    0.7653695940971375,
                    -0.06755466014146805,
                    0.64003586769104,
                    0.7680431008338928
                ],
                [
                    -1.3244179086768781e-08,
                    0.9944760203361511,
                    0.10496498644351959,
                    0.1259581297636032
                ],
                [
                    0,
                    0,
                    0,
                    1
                ]
            ]
        }
    ]
}