{
    "camera_angle_x": 0.8575560450553894,
    "aabb": [
        [
            -0.35,
            -0.35,
            -0.35
        ],
        [
            0.35,
            0.35,
            0.35
        ]
    ],
    "frames": [
        {
            "file_path": "000.png",
            "transform_matrix": [
                [
                    -0.9633157253265381,
                    0.045712243765592575,
                    -0.264449805021286,
                    -0.3173397481441498
                ],
                [
                    -0.26837158203125,
                    -0.16408346593379974,
                    0.9492384195327759,
                    1.1390860080718994
                ],
                [
                    1.2497661572297147e-08,
                    0.985386848449707,
                    0.17033176124095917,
                    0.20439834892749786
                ],
                [
                    0,
                    0,
                    0,
                    1
                ]
            ]
        },
        {
            "file_path": "001.png",
            "transform_matrix": [
                [
                    -0.9930015206336975,
                    0.03972254693508148,
                    -0.11122135072946548,
                    -0.13346560299396515
                ],
                [
                    -0.11810194700956345,
                    -0.33398738503456116,
                    0.9351494312286377,
                    1.1221792697906494
                ],
                [
                    -5.830591565114673e-09,
                    0.9417402148246765,
                    0.3363412022590637,
                    0.4036095440387726
                ],
                [
                    0,
                    0,
                    0,
                    1
                ]
            ]
        },
        {
            "file_path": "002.png",
            "transform_matrix": [
                [
                    0.27449730038642883,
                    0.07815814763307571,
                    -0.9584062099456787,
                    -1.150087594985962
                ],
                [
                    -0.9615878462791443,
                    0.022311296314001083,
                    -0.27358901500701904,
                    -0.32830679416656494
                ],
                [
                    4.570864220454496e-08,
                    0.9966912269592285,
                    0.08128034323453903,
                    0.09753632545471191
                ],
                [
                    0,
                    0,
                    0,
                    1
                ]
            ]
        },
        {
            "file_path": "003.png",
            "transform_matrix": [
                [
                    -0.008523399941623211,
                    -0.46863022446632385,
                    0.8833534121513367,
                    1.0600240230560303
                ],
                [
                    0.9999637603759766,
                    -0.003994489088654518,
                    0.007529369555413723,
                    0.009035307914018631
                ],
                [
                    -4.1533681383043586e-08,
                    0.8833855390548706,
                    0.46864715218544006,
                    0.5623767971992493
                ],
                [
                    0,
                    0,
                    0,
                    1
                ]
            ]
        },
        {
            "file_path": "004.png",
            "transform_matrix": [
                [
                    0.1650010496377945,
                    0.15207161009311676,
                    -0.9744993448257446,
                    -1.1693991422653198
                ],
                [
                    -0.9862934350967407,
                    0.025440644472837448,
                    -0.1630280315876007,
                    -0.1956336349248886
                ],
                [
                    2.2991912373981904e-08,
                    0.9880420565605164,
                    0.15418489277362823,
                    0.18502196669578552
                ],
                [
                    0,
                    0,
                    0,
                    1
                ]
            ]
        },
        {
            "file_path": "005.png",
            "transform_matrix": [
                [
                    -0.00552787771448493,
                    0.09863968193531036,
                    -0.9951080083847046,
                    -1.194129467010498
                ],
                [
                    -0.999984860420227,
                    -0.0005453264457173645,
                    0.0055007971823215485,
                    0.00660098809748888
                ],
                [
                    6.607461955354665e-08,
                    0.9951232075691223,
                    0.0986410602927208,
                    0.11836946755647659
                ],
                [
                    0,
                    0,
                    0,
                    1
                ]
            ]
        }
    ]
}