{
    "camera_angle_x": 0.8575560450553894,
    "aabb": [
        [
            -0.35,
            -0.35,
            -0.35
        ],
        [
            0.35,
            0.35,
            0.35
        ]
    ],
    "frames": [
        {
            "file_path": "000.png",
            "transform_matrix": [
                [
                    0.024302233010530472,
                    0.23455052077770233,
                    -0.9718001484870911,
                    -1.1661601066589355
                ],
                [
                    -0.9997047185897827,
                    0.0057017127983272076,
                    -0.02362395077943802,
                    -0.028348863124847412
                ],
                [
                    -3.0446219767554794e-08,
                    0.9720872640609741,
                    0.23461976647377014,
                    0.2815437614917755
                ],
                [
                    0,
                    0,
                    0,
                    1
                ]
            ]
        },
        {
            "file_path": "001.png",
            "transform_matrix": [
                [
                    -0.2290666699409485,
                    -0.43746235966682434,
                    0.86957186460495,
                    1.04348623752594
                ],
                [
                    0.9734107851982117,
                    -0.10294520854949951,
                    0.20463094115257263,
                    0.2455570250749588
                ],
                [
                    -9.32767250105826e-08,
                    0.8933246731758118,
                    0.44941186904907227,
                    0.5392943620681763
                ],
                [
                    0,
                    0,
                    0,
                    1
                ]
            ]
        },
        {
            "file_path": "002.png",
            "transform_matrix": [
                [
                    -0.8998168110847473,
                    0.05438675358891487,
                    -0.4328649342060089,
                    -0.519437849521637
                ],
                [
                    -0.43626824021339417,
                    -0.11217435449361801,
                    0.8927973508834839,
                    1.0713567733764648
                ],
                [
                    3.5119629870905555e-08,
                    0.9921991229057312,
                    0.12466342747211456,
                    0.14959630370140076
                ],
                [
                    0,
                    0,
                    0,
                    1
                ]
            ]
        },
        {
            "file_path": "003.png",
            "transform_matrix": [
                [
                    -0.20716717839241028,
                    0.20340390503406525,
                    -0.9569267630577087,
                    -1.1483120918273926
                ],
                [
                    -0.9783056378364563,
                    -0.04307306930422783,
                    0.2026398926973343,
                    0.24316784739494324
                ],
                [
                    4.815596810203715e-08,
                    0.9781470894813538,
                    0.20791441202163696,
                    0.24949726462364197
                ],
                [
                    0,
                    0,
                    0,
                    1
                ]
            ]
        },
        {
            "file_path": "004.png",
            "transform_matrix": [
                [
                    -0.9719113707542419,
                    -0.037670645862817764,
                    0.23231475055217743,
                    0.2787776589393616
                ],
                [
                    0.2353491485118866,
                    -0.15556703507900238,
                    0.9593800902366638,
                    1.1512559652328491
                ],
                [
                    -4.504151718265348e-09,
                    0.9871070384979248,
                    0.16006261110305786,
                    0.19207537174224854
                ],
                [
                    0,
                    0,
                    0,
                    1
                ]
            ]
        },
        {
            "file_path": "005.png",
            "transform_matrix": [
                [
                    -0.641025960445404,
                    -0.10994905978441238,
                    0.7596032619476318,
                    0.9115238785743713
                ],
                [
                    0.7675192952156067,
                    -0.09182862192392349,
                    0.6344144344329834,
                    0.7612974047660828
                ],
                [
                    1.256124448900664e-08,
                    0.9896861910820007,
                    0.14325246214866638,
                    0.1719030737876892
                ],
                [
                    0,
                    0,
                    0,
                    1
                ]
            ]
        }
    ]
}