{
    "camera_angle_x": 0.8575560450553894,
    "aabb": [
        [
            -0.35,
            -0.35,
            -0.35
        ],
        [
            0.35,
            0.35,
            0.35
        ]
    ],
    "frames": [
        {
            "file_path": "000.png",
            "transform_matrix": [
                [
                    -0.001185476896353066,
                    -0.3124418258666992,
                    0.9499362111091614,
                    1.1399234533309937
                ],
                [
                    0.9999993443489075,
                    -0.00037038230220787227,
                    0.0011261054314672947,
                    0.0013512989971786737
                ],
                [
                    -3.7279278330970556e-08,
                    0.9499368667602539,
                    0.31244200468063354,
                    0.37493056058883667
                ],
                [
                    0,
                    0,
                    0,
                    1
                ]
            ]
        },
        {
            "file_path": "001.png",
            "transform_matrix": [
                [
                    -0.6043444275856018,
                    -0.2385905683040619,
                    0.7601597309112549,
                    0.9121915698051453
                ],
                [
                    0.7967234253883362,
                    -0.180979922413826,
                    0.5766093730926514,
                    0.6919311285018921
                ],
                [
                    -1.4685504368117108e-08,
                    0.9541075229644775,
                    0.2994646430015564,
                    0.35935765504837036
                ],
                [
                    0,
                    0,
                    0,
                    1
                ]
            ]
        },
        {
            "file_path": "002.png",
            "transform_matrix": [
                [
                    -0.792629599571228,
                    -0.09839263558387756,
                    0.601712167263031,
                    0.7220545411109924
                ],
                [
                    0.6097037196159363,
                    -0.12791277468204498,
                    0.7822403311729431,
                    0.9386882781982422
                ],
                [
                    -7.42369792305908e-08,
                    0.986892819404602,
                    0.16137759387493134,
                    0.19365344941616058
                ],
                [
                    0,
                    0,
                    0,
                    1
                ]
            ]
        },
        {
            "file_path": "003.png",
            "transform_matrix": [
                [
                    -0.6003561615943909,
                    0.33517491817474365,
                    -0.7261064052581787,
                    -0.8713275790214539
                ],
                [
                    -0.7997328639030457,
                    -0.25161442160606384,
                    0.5450850129127502,
                    0.6541020274162292
                ],
                [
                    5.989304696640829e-08,
                    0.9079362154006958,
                    0.41910848021507263,
                    0.5029302835464478
                ],
                [
                    0,
                    0,
                    0,
                    1
                ]
            ]
        },
        {
            "file_path": "004.png",
            "transform_matrix": [
                [
                    -0.844889760017395,
                    -0.15665824711322784,
                    0.5114874243736267,
                    0.6137850284576416
                ],
                [
                    0.5349403619766235,
                    -0.24742749333381653,
                    0.8078479766845703,
                    0.9694176912307739
                ],
                [
                    1.4997922903603467e-08,
                    0.9561578035354614,
                    0.2928518056869507,
                    0.3514220714569092
                ],
                [
                    0,
                    0,
                    0,
                    1
                ]
            ]
        },
        {
            "file_path": "005.png",
            "transform_matrix": [
                [
                    0.28204888105392456,
                    -0.4189518392086029,
                    0.8630920648574829,
                    1.035710334777832
                ],
                [
                    0.9594000577926636,
                    0.12316537648439407,
                    -0.25373584032058716,
                    -0.3044831156730652
                ],
                [
                    -3.851965857393225e-09,
                    0.8996164202690125,
                    0.43668103218078613,
                    0.5240173935890198
                ],
                [
                    0,
                    0,
                    0,
                    1
                ]
            ]
        }
    ]
}