{
    "camera_angle_x": 0.8575560450553894,
    "aabb": [
        [
            -0.35,
            -0.35,
            -0.35
        ],
        [
            0.35,
            0.35,
            0.35
        ]
    ],
    "frames": [
        {
            "file_path": "000.png",
            "transform_matrix": [
                [
                    -0.08858951181173325,
                    0.2655319571495056,
                    -0.9600232839584351,
                    -1.15202796459198
                ],
                [
                    -0.9960682392120361,
                    -0.02361624501645565,
                    0.08538366109132767,
                    0.10246050357818604
                ],
                [
                    -1.8880086827266496e-08,
                    0.9638128280639648,
                    0.2665800452232361,
                    0.3198961615562439
                ],
                [
                    0,
                    0,
                    0,
                    1
                ]
            ]
        },
        {
            "file_path": "001.png",
            "transform_matrix": [
                [
                    0.41530275344848633,
                    0.34326618909835815,
                    -0.8424321413040161,
                    -1.0109186172485352
                ],
                [
                    -0.9096832871437073,
                    0.15671318769454956,
                    -0.38460028171539307,
                    -0.46152034401893616
                ],
                [
                    -3.335954801286789e-08,
                    0.9260720014572144,
                    0.377346932888031,
                    0.45281630754470825
                ],
                [
                    0,
                    0,
                    0,
                    1
                ]
            ]
        },
        {
            "file_path": "002.png",
            "transform_matrix": [
                [
                    -0.9680989384651184,
                    0.08884773403406143,
                    -0.23428790271282196,
                    -0.28114548325538635
                ],
                [
                    -0.25056883692741394,
                    -0.3432725667953491,
                    0.9051957726478577,
                    1.0862349271774292
                ],
                [
                    6.226603233017158e-09,
                    0.9350242018699646,
                    0.35458406805992126,
                    0.4255010485649109
                ],
                [
                    0,
                    0,
                    0,
                    1
                ]
            ]
        },
        {
            "file_path": "003.png",
            "transform_matrix": [
                [
                    0.4714929759502411,
                    0.17850084602832794,
                    -0.8636155128479004,
                    -1.0363386869430542
                ],
                [
                    -0.8818697929382324,
                    0.09543584287166595,
                    -0.46173328161239624,
                    -0.5540799498558044
                ],
                [
                    8.247727123489312e-08,
                    0.9793004989624023,
                    0.20241184532642365,
                    0.24289408326148987
                ],
                [
                    0,
                    0,
                    0,
                    1
                ]
            ]
        },
        {
            "file_path": "004.png",
            "transform_matrix": [
                [
                    -0.42280325293540955,
                    -0.08875661343336105,
                    0.9018646478652954,
                    1.0822376012802124
                ],
                [
                    0.9062216281890869,
                    -0.04141002520918846,
                    0.42077040672302246,
                    0.504924476146698
                ],
                [
                    1.6291469506768408e-08,
                    0.9951922297477722,
                    0.09794134646654129,
                    0.1175297349691391
                ],
                [
                    0,
                    0,
                    0,
                    1
                ]
            ]
        },
        {
            "file_path": "005.png",
            "transform_matrix": [
                [
                    0.8088607788085938,
                    -0.060028042644262314,
                    0.5849281549453735,
                    0.7019137144088745
                ],
                [
                    0.5880002379417419,
                    0.0825752541422844,
                    -0.8046348094940186,
                    -0.9655617475509644
                ],
                [
                    2.0619165042035092e-08,
                    0.9947754144668579,
                    0.10208837687969208,
                    0.1225062683224678
                ],
                [
                    0,
                    0,
                    0,
                    1
                ]
            ]
        }
    ]
}