{
    "camera_angle_x": 0.8575560450553894,
    "aabb": [
        [
            -0.35,
            -0.35,
            -0.35
        ],
        [
            0.35,
            0.35,
            0.35
        ]
    ],
    "frames": [
        {
            "file_path": "000.png",
            "transform_matrix": [
                [
                    0.1984555572271347,
                    -0.41601309180259705,
                    0.8874393105506897,
                    1.0649272203445435
                ],
                [
                    0.9801099300384521,
                    0.0842355266213417,
                    -0.1796913892030716,
                    -0.21562962234020233
                ],
                [
                    8.934723183529059e-09,
                    0.905448853969574,
                    0.42445552349090576,
                    0.509346604347229
                ],
                [
                    0,
                    0,
                    0,
                    1
                ]
            ]
        },
        {
            "file_path": "001.png",
            "transform_matrix": [
                [
                    0.913623034954071,
                    0.08025155961513519,
                    -0.3985632061958313,
                    -0.4782758355140686
                ],
                [
                    -0.40656235814094543,
                    0.18034037947654724,
                    -0.8956475257873535,
                    -1.0747770071029663
                ],
                [
                    -4.0355942587666505e-08,
                    0.9803250432014465,
                    0.1973903775215149,
                    0.236868754029274
                ],
                [
                    0,
                    0,
                    0,
                    1
                ]
            ]
        },
        {
            "file_path": "002.png",
            "transform_matrix": [
                [
                    0.8361632823944092,
                    0.2533208131790161,
                    -0.4864766299724579,
                    -0.5837720036506653
                ],
                [
                    -0.5484805703163147,
                    0.3861897885799408,
                    -0.7416377067565918,
                    -0.889965295791626
                ],
                [
                    2.2158371137948052e-08,
                    0.8869532346725464,
                    0.46185925602912903,
                    0.5542311072349548
                ],
                [
                    0,
                    0,
                    0,
                    1
                ]
            ]
        },
        {
            "file_path": "003.png",
            "transform_matrix": [
                [
                    -0.9999862313270569,
                    -0.0013837303267791867,
                    0.0050596860237419605,
                    0.00607162294909358
                ],
                [
                    0.005245487205684185,
                    -0.26379072666168213,
                    0.9645656943321228,
                    1.1574788093566895
                ],
                [
                    -5.565565786014304e-10,
                    0.9645789265632629,
                    0.26379433274269104,
                    0.31655341386795044
                ],
                [
                    0,
                    0,
                    0,
                    1
                ]
            ]
        },
        {
            "file_path": "004.png",
            "transform_matrix": [
                [
                    -0.24945290386676788,
                    0.13435064256191254,
                    -0.9590221047401428,
                    -1.1508264541625977
                ],
                [
                    -0.9683870673179626,
                    -0.034608226269483566,
                    0.24704045057296753,
                    0.29644858837127686
                ],
                [
                    7.549667202511046e-08,
                    0.9903294444084167,
                    0.13873642683029175,
                    0.16648389399051666
                ],
                [
                    0,
                    0,
                    0,
                    1
                ]
            ]
        },
        {
            "file_path": "005.png",
            "transform_matrix": [
                [
                    0.5916568040847778,
                    -0.04903334751725197,
                    0.8046975135803223,
                    0.9656369090080261
                ],
                [
                    0.806190013885498,
                    0.03598510101437569,
                    -0.5905615091323853,
                    -0.7086737751960754
                ],
                [
                    2.13411190941315e-08,
                    0.9981487989425659,
                    0.060820985585451126,
                    0.07298523932695389
                ],
                [
                    0,
                    0,
                    0,
                    1
                ]
            ]
        }
    ]
}