{
    "camera_angle_x": 0.8575560450553894,
    "aabb": [
        [
            -0.35,
            -0.35,
            -0.35
        ],
        [
            0.35,
            0.35,
            0.35
        ]
    ],
    "frames": [
        {
            "file_path": "000.png",
            "transform_matrix": [
                [
                    -0.4773999750614166,
                    0.4248359501361847,
                    -0.7691580057144165,
                    -0.922989547252655
                ],
                [
                    -0.8786863088607788,
                    -0.23081813752651215,
                    0.4178919196128845,
                    0.5014702677726746
                ],
                [
                    -1.6514007938894792e-08,
                    0.8753500580787659,
                    0.48348984122276306,
                    0.5801878571510315
                ],
                [
                    0,
                    0,
                    0,
                    1
                ]
            ]
        },
        {
            "file_path": "001.png",
            "transform_matrix": [
                [
                    0.3431846797466278,
                    -0.26613321900367737,
                    0.9007760286331177,
                    1.0809311866760254
                ],
                [
                    0.9392679929733276,
                    0.0972382202744484,
                    -0.32912078499794006,
                    -0.3949449956417084
                ],
                [
                    4.8150536002822264e-08,
                    0.9590192437171936,
                    0.28334102034568787,
                    0.34000933170318604
                ],
                [
                    0,
                    0,
                    0,
                    1
                ]
            ]
        },
        {
            "file_path": "002.png",
            "transform_matrix": [
                [
                    -0.5085763931274414,
                    0.16941280663013458,
                    -0.8441856503486633,
                    -1.013022780418396
                ],
                [
                    -0.8610169291496277,
                    -0.10006697475910187,
                    0.4986346662044525,
                    0.598361611366272
                ],
                [
                    2.4993479286194997e-08,
                    0.9804519414901733,
                    0.1967589408159256,
                    0.23611080646514893
                ],
                [
                    0,
                    0,
                    0,
                    1
                ]
            ]
        },
        {
            "file_path": "003.png",
            "transform_matrix": [
                [
                    0.6059955954551697,
                    0.33856087923049927,
                    -0.7198235392570496,
                    -0.8637881875038147
                ],
                [
                    -0.7954680323600769,
                    0.257919043302536,
                    -0.5483688712120056,
                    -0.6580426692962646
                ],
                [
                    -3.540090887099723e-08,
                    0.9049057364463806,
                    0.42561212182044983,
                    0.5107346177101135
                ],
                [
                    0,
                    0,
                    0,
                    1
                ]
            ]
        },
        {
            "file_path": "004.png",
            "transform_matrix": [
                [
                    0.060153521597385406,
                    0.39396315813064575,
                    -0.9171557426452637,
                    -1.1005868911743164
                ],
                [
                    -0.9981891512870789,
                    0.02374120242893696,
                    -0.05527028068900108,
                    -0.06632431596517563
                ],
                [
                    -3.8525058698724024e-08,
                    0.9188196063041687,
                    0.3946778178215027,
                    0.47361329197883606
                ],
                [
                    0,
                    0,
                    0,
                    1
                ]
            ]
        },
        {
            "file_path": "005.png",
            "transform_matrix": [
                [
                    0.9982515573501587,
                    -0.005233644042164087,
                    0.058876290917396545,
                    0.07065154612064362
                ],
                [
                    0.05910844728350639,
                    0.08838822692632675,
                    -0.9943308234214783,
                    -1.1931970119476318
                ],
                [
                    -3.3021141376821106e-10,
                    0.9960724115371704,
                    0.08854304254055023,
                    0.10625173896551132
                ],
                [
                    0,
                    0,
                    0,
                    1
                ]
            ]
        }
    ]
}