{
    "camera_angle_x": 0.8575560450553894,
    "aabb": [
        [
            -0.35,
            -0.35,
            -0.35
        ],
        [
            0.35,
            0.35,
            0.35
        ]
    ],
    "frames": [
        {
            "file_path": "000.png",
            "transform_matrix": [
                [
                    0.43222177028656006,
                    0.43011102080345154,
                    -0.792583703994751,
                    -0.9511004090309143
                ],
                [
                    -0.901767373085022,
                    0.20615440607070923,
                    -0.37988951802253723,
                    -0.45586737990379333
                ],
                [
                    4.74991779242373e-09,
                    0.8789226412773132,
                    0.47696447372436523,
                    0.5723574161529541
                ],
                [
                    0,
                    0,
                    0,
                    1
                ]
            ]
        },
        {
            "file_path": "001.png",
            "transform_matrix": [
                [
                    0.3213433027267456,
                    0.4591253697872162,
                    -0.8282164335250854,
                    -0.9938597083091736
                ],
                [
                    -0.946962833404541,
                    0.1557999700307846,
                    -0.28104788064956665,
                    -0.337257444858551
                ],
                [
                    -4.958745591920888e-08,
                    0.8746029734611511,
                    0.48483985662460327,
                    0.5818079113960266
                ],
                [
                    0,
                    0,
                    0,
                    1
                ]
            ]
        },
        {
            "file_path": "002.png",
            "transform_matrix": [
                [
                    0.9225571155548096,
                    -0.0967988520860672,
                    0.3735215961933136,
                    0.44822585582733154
                ],
                [
                    0.3858605921268463,
                    0.23143704235553741,
                    -0.89305579662323,
                    -1.0716668367385864
                ],
                [
                    9.523319910442751e-09,
                    0.9680222272872925,
                    0.25086474418640137,
                    0.30103784799575806
                ],
                [
                    0,
                    0,
                    0,
                    1
                ]
            ]
        },
        {
            "file_path": "003.png",
            "transform_matrix": [
                [
                    -0.7990182638168335,
                    -0.15739387273788452,
                    0.5803422927856445,
                    0.6964107155799866
                ],
                [
                    0.6013069152832031,
                    -0.20914538204669952,
                    0.7711604237556458,
                    0.9253923892974854
                ],
                [
                    -5.149860982101018e-08,
                    0.9651349782943726,
                    0.2617528736591339,
                    0.3141035735607147
                ],
                [
                    0,
                    0,
                    0,
                    1
                ]
            ]
        },
        {
            "file_path": "004.png",
            "transform_matrix": [
                [
                    -0.8559409379959106,
                    0.14967039227485657,
                    -0.49493828415870667,
                    -0.593925952911377
                ],
                [
                    -0.5170736312866211,
                    -0.24775776267051697,
                    0.8192991018295288,
                    0.9831588864326477
                ],
                [
                    2.637448481834781e-08,
                    0.9571911692619324,
                    0.2894565761089325,
                    0.34734803438186646
                ],
                [
                    0,
                    0,
                    0,
                    1
                ]
            ]
        },
        {
            "file_path": "005.png",
            "transform_matrix": [
                [
                    0.44466105103492737,
                    0.18016061186790466,
                    -0.8773931860923767,
                    -1.052871823310852
                ],
                [
                    -0.8956989645957947,
                    0.08943895250558853,
                    -0.43557336926460266,
                    -0.5226879715919495
                ],
                [
                    2.493121442626034e-08,
                    0.9795626401901245,
                    0.2011396437883377,
                    0.24136772751808167
                ],
                [
                    0,
                    0,
                    0,
                    1
                ]
            ]
        }
    ]
}