{
    "camera_angle_x": 0.8575560450553894,
    "aabb": [
        [
            -0.35,
            -0.35,
            -0.35
        ],
        [
            0.35,
            0.35,
            0.35
        ]
    ],
    "frames": [
        {
            "file_path": "000.png",
            "transform_matrix": [
                [
                    0.9413387179374695,
                    -0.03661602362990379,
                    0.33547091484069824,
                    0.40256503224372864
                ],
                [
                    0.33746328949928284,
                    0.10213860869407654,
                    -0.9357811808586121,
                    -1.1229373216629028
                ],
                [
                    1.9327185185602502e-08,
                    0.9940961599349976,
                    0.10850358754396439,
                    0.13020458817481995
                ],
                [
                    0,
                    0,
                    0,
                    1
                ]
            ]
        },
        {
            "file_path": "001.png",
            "transform_matrix": [
                [
                    -0.9138417840003967,
                    0.17326849699020386,
                    -0.3672482967376709,
                    -0.44069796800613403
                ],
                [
                    -0.4060705304145813,
                    -0.38993221521377563,
                    0.8264742493629456,
                    0.991769015789032
                ],
                [
                    2.0728387895019296e-08,
                    0.904395341873169,
                    0.42669549584388733,
                    0.5120348334312439
                ],
                [
                    0,
                    0,
                    0,
                    1
                ]
            ]
        },
        {
            "file_path": "002.png",
            "transform_matrix": [
                [
                    -0.7444949150085449,
                    0.28956636786460876,
                    -0.6015635132789612,
                    -0.7218762636184692
                ],
                [
                    -0.6676281690597534,
                    -0.32290536165237427,
                    0.6708239912986755,
                    0.8049888014793396
                ],
                [
                    -1.2101104118755757e-08,
                    0.9010457992553711,
                    0.433724045753479,
                    0.5204688310623169
                ],
                [
                    0,
                    0,
                    0,
                    1
                ]
            ]
        },
        {
            "file_path": "003.png",
            "transform_matrix": [
                [
                    -0.5118423700332642,
                    0.42008814215660095,
                    -0.749362051486969,
                    -0.8992344737052917
                ],
                [
                    -0.8590794205665588,
                    -0.2502898871898651,
                    0.4464723467826843,
                    0.5357667207717896
                ],
                [
                    3.6829082006306635e-09,
                    0.8722849488258362,
                    0.4889979958534241,
                    0.5867975354194641
                ],
                [
                    0,
                    0,
                    0,
                    1
                ]
            ]
        },
        {
            "file_path": "004.png",
            "transform_matrix": [
                [
                    0.6458738446235657,
                    0.1844772845506668,
                    -0.740820586681366,
                    -0.8889846205711365
                ],
                [
                    -0.763444185256958,
                    0.15606780350208282,
                    -0.6267343163490295,
                    -0.7520812749862671
                ],
                [
                    1.1042779135550518e-08,
                    0.9703664183616638,
                    0.2416382133960724,
                    0.2899659276008606
                ],
                [
                    0,
                    0,
                    0,
                    1
                ]
            ]
        },
        {
            "file_path": "005.png",
            "transform_matrix": [
                [
                    -0.6657081246376038,
                    0.28562605381011963,
                    -0.6893842816352844,
                    -0.8272610902786255
                ],
                [
                    -0.746212363243103,
                    -0.25481170415878296,
                    0.6150107979774475,
                    0.7380129098892212
                ],
                [
                    -3.6886866894292325e-08,
                    0.9238446354866028,
                    0.38276776671409607,
                    0.4593212902545929
                ],
                [
                    0,
                    0,
                    0,
                    1
                ]
            ]
        }
    ]
}