{
    "camera_angle_x": 0.8575560450553894,
    "aabb": [
        [
            -0.35,
            -0.35,
            -0.35
        ],
        [
            0.35,
            0.35,
            0.35
        ]
    ],
    "frames": [
        {
            "file_path": "000.png",
            "transform_matrix": [
                [
                    0.22302962839603424,
                    0.17325280606746674,
                    -0.9592921137809753,
                    -1.1511504650115967
                ],
                [
                    -0.9748117327690125,
                    0.039638813585042953,
                    -0.21947892010211945,
                    -0.26337477564811707
                ],
                [
                    -8.191030076432071e-08,
                    0.9840794205665588,
                    0.17772944271564484,
                    0.21327537298202515
                ],
                [
                    0,
                    0,
                    0,
                    1
                ]
            ]
        },
        {
            "file_path": "001.png",
            "transform_matrix": [
                [
                    0.6707265973091125,
                    0.3495137393474579,
                    -0.6541910767555237,
                    -0.7850293517112732
                ],
                [
                    -0.7417047023773193,
                    0.31606680154800415,
                    -0.5915876626968384,
                    -0.709905207157135
                ],
                [
                    6.830968146687155e-08,
                    0.8820101618766785,
                    0.4712303578853607,
                    0.5654764771461487
                ],
                [
                    0,
                    0,
                    0,
                    1
                ]
            ]
        },
        {
            "file_path": "002.png",
            "transform_matrix": [
                [
                    -0.5419489145278931,
                    0.2930850088596344,
                    -0.7876501083374023,
                    -0.9451801180839539
                ],
                [
                    -0.8404115438461304,
                    -0.188999205827713,
                    0.5079250931739807,
                    0.609510064125061
                ],
                [
                    2.2475003191857468e-08,
                    0.9372196197509766,
                    0.3487398326396942,
                    0.41848793625831604
                ],
                [
                    0,
                    0,
                    0,
                    1
                ]
            ]
        },
        {
            "file_path": "003.png",
            "transform_matrix": [
                [
                    -0.7007463574409485,
                    -0.1706450879573822,
                    0.6927012205123901,
                    0.8312414288520813
                ],
                [
                    0.7134106159210205,
                    -0.16761592030525208,
                    0.680404543876648,
                    0.8164854049682617
                ],
                [
                    2.8056295064970982e-08,
                    0.9709712862968445,
                    0.23919615149497986,
                    0.28703540563583374
                ],
                [
                    0,
                    0,
                    0,
                    1
                ]
            ]
        },
        {
            "file_path": "004.png",
            "transform_matrix": [
                [
                    -0.826903223991394,
                    -0.1388578563928604,
                    0.5449309945106506,
                    0.6539171934127808
                ],
                [
                    0.5623444318771362,
                    -0.20418459177017212,
                    0.8012974262237549,
                    0.9615567922592163
                ],
                [
                    4.098552963682778e-08,
                    0.9690341949462891,
                    0.2469267100095749,
                    0.29631203413009644
                ],
                [
                    0,
                    0,
                    0,
                    1
                ]
            ]
        },
        {
            "file_path": "005.png",
            "transform_matrix": [
                [
                    -0.8892409205436707,
                    -0.030415449291467667,
                    0.45642730593681335,
                    0.5477127432823181
                ],
                [
                    0.4574396014213562,
                    -0.05912627652287483,
                    0.8872729539871216,
                    1.064727544784546
                ],
                [
                    -1.768743373986581e-09,
                    0.9977871179580688,
                    0.0664905458688736,
                    0.0797886922955513
                ],
                [
                    0,
                    0,
                    0,
                    1
                ]
            ]
        }
    ]
}