{
    "camera_angle_x": 0.8575560450553894,
    "aabb": [
        [
            -0.35,
            -0.35,
            -0.35
        ],
        [
            0.35,
            0.35,
            0.35
        ]
    ],
    "frames": [
        {
            "file_path": "000.png",
            "transform_matrix": [
                [
                    -0.25156766176223755,
                    -0.23662850260734558,
                    0.938467264175415,
                    1.126160740852356
                ],
                [
                    0.9678398370742798,
                    -0.06150609627366066,
                    0.24393288791179657,
                    0.2927195429801941
                ],
                [
                    -8.937453088719849e-08,
                    0.9696515202522278,
                    0.244491308927536,
                    0.2933896780014038
                ],
                [
                    0,
                    0,
                    0,
                    1
                ]
            ]
        },
        {
            "file_path": "001.png",
            "transform_matrix": [
                [
                    -0.4771278500556946,
                    0.31297212839126587,
                    -0.8212171196937561,
                    -0.9854605197906494
                ],
                [
                    -0.8788339495658875,
                    -0.16991572082042694,
                    0.4458470642566681,
                    0.5350165367126465
                ],
                [
                    3.246945823320857e-08,
                    0.934439480304718,
                    0.3561219871044159,
                    0.42734646797180176
                ],
                [
                    0,
                    0,
                    0,
                    1
                ]
            ]
        },
        {
            "file_path": "002.png",
            "transform_matrix": [
                [
                    0.3012304902076721,
                    -0.3400614559650421,
                    0.890852689743042,
                    1.0690231323242188
                ],
                [
                    0.9535514116287231,
                    0.10742654651403427,
                    -0.2814238667488098,
                    -0.3377087116241455
                ],
                [
                    9.068912021348297e-08,
                    0.9342472553253174,
                    0.35662615299224854,
                    0.42795154452323914
                ],
                [
                    0,
                    0,
                    0,
                    1
                ]
            ]
        },
        {
            "file_path": "003.png",
            "transform_matrix": [
                [
                    0.40796810388565063,
                    -0.19962859153747559,
                    0.8909043073654175,
                    1.0690851211547852
                ],
                [
                    0.9129961729049683,
                    0.08920305222272873,
                    -0.39809650182724,
                    -0.4777158498764038
                ],
                [
                    2.0349276041997655e-08,
                    0.9758028984069824,
                    0.21865211427211761,
                    0.2623825967311859
                ],
                [
                    0,
                    0,
                    0,
                    1
                ]
            ]
        },
        {
            "file_path": "004.png",
            "transform_matrix": [
                [
                    -0.6121823191642761,
                    0.18904560804367065,
                    -0.7677856087684631,
                    -0.921342670917511
                ],
                [
                    -0.7907167673110962,
                    -0.1463613510131836,
                    0.5944287180900574,
                    0.7133144736289978
                ],
                [
                    2.6399650465691593e-08,
                    0.9709995985031128,
                    0.2390812635421753,
                    0.28689756989479065
                ],
                [
                    0,
                    0,
                    0,
                    1
                ]
            ]
        },
        {
            "file_path": "005.png",
            "transform_matrix": [
                [
                    -0.06913340091705322,
                    -0.39806699752807617,
                    0.9147475957870483,
                    1.0976972579956055
                ],
                [
                    0.997607409954071,
                    -0.027585675939917564,
                    0.06339132785797119,
                    0.07606956362724304
                ],
                [
                    -3.504418799593623e-08,
                    0.9169414639472961,
                    0.399021714925766,
                    0.4788260757923126
                ],
                [
                    0,
                    0,
                    0,
                    1
                ]
            ]
        }
    ]
}