{
    "camera_angle_x": 0.8575560450553894,
    "aabb": [
        [
            -0.35,
            -0.35,
            -0.35
        ],
        [
            0.35,
            0.35,
            0.35
        ]
    ],
    "frames": [
        {
            "file_path": "000.png",
            "transform_matrix": [
                [
                    0.002942910883575678,
                    -0.05588028207421303,
                    0.9984332323074341,
                    1.198119878768921
                ],
                [
                    0.999995768070221,
                    0.00016436762234661728,
                    -0.0029383953660726547,
                    -0.0035261092707514763
                ],
                [
                    5.8193450058752205e-09,
                    0.9984375238418579,
                    0.05588044226169586,
                    0.06705652177333832
                ],
                [
                    0,
                    0,
                    0,
                    1
                ]
            ]
        },
        {
            "file_path": "001.png",
            "transform_matrix": [
                [
                    -0.8361961841583252,
                    0.05418265610933304,
                    -0.5457474589347839,
                    -0.6548969149589539
                ],
                [
                    -0.5484305024147034,
                    -0.08261267095804214,
                    0.832105278968811,
                    0.998526394367218
                ],
                [
                    3.281039084868098e-08,
                    0.9951077699661255,
                    0.09879577159881592,
                    0.1185549944639206
                ],
                [
                    0,
                    0,
                    0,
                    1
                ]
            ]
        },
        {
            "file_path": "002.png",
            "transform_matrix": [
                [
                    -0.37250152230262756,
                    0.4595530927181244,
                    -0.806259036064148,
                    -0.9675108194351196
                ],
                [
                    -0.9280316233634949,
                    -0.18445950746536255,
                    0.32362332940101624,
                    0.3883480727672577
                ],
                [
                    -1.905449309447249e-08,
                    0.8687840104103088,
                    0.49519121646881104,
                    0.5942294597625732
                ],
                [
                    0,
                    0,
                    0,
                    1
                ]
            ]
        },
        {
            "file_path": "003.png",
            "transform_matrix": [
                [
                    0.4180319905281067,
                    -0.40192699432373047,
                    0.814680278301239,
                    0.9776163697242737
                ],
                [
                    0.9084323048591614,
                    0.18495416641235352,
                    -0.3748902380466461,
                    -0.44986820220947266
                ],
                [
                    -5.995920426826729e-11,
                    0.8967979550361633,
                    0.4424402117729187,
                    0.530928373336792
                ],
                [
                    0,
                    0,
                    0,
                    1
                ]
            ]
        },
        {
            "file_path": "004.png",
            "transform_matrix": [
                [
                    0.5427170991897583,
                    0.3325355052947998,
                    -0.7712835669517517,
                    -0.9255403280258179
                ],
                [
                    -0.8399155735969543,
                    0.21487005054950714,
                    -0.49837005138397217,
                    -0.5980440378189087
                ],
                [
                    1.5791560059597032e-08,
                    0.9182870388031006,
                    0.3959153890609741,
                    0.47509849071502686
                ],
                [
                    0,
                    0,
                    0,
                    1
                ]
            ]
        },
        {
            "file_path": "005.png",
            "transform_matrix": [
                [
                    0.6104368567466736,
                    0.3603476285934448,
                    -0.7053484916687012,
                    -0.8464181423187256
                ],
                [
                    -0.7920649647712708,
                    0.27771636843681335,
                    -0.543605387210846,
                    -0.6523264050483704
                ],
                [
                    -3.776590062898322e-08,
                    0.8905185461044312,
                    0.45494699478149414,
                    0.5459365248680115
                ],
                [
                    0,
                    0,
                    0,
                    1
                ]
            ]
        }
    ]
}