{
    "camera_angle_x": 0.8575560450553894,
    "aabb": [
        [
            -0.35,
            -0.35,
            -0.35
        ],
        [
            0.35,
            0.35,
            0.35
        ]
    ],
    "frames": [
        {
            "file_path": "000.png",
            "transform_matrix": [
                [
                    0.6779736280441284,
                    -0.23310637474060059,
                    0.6971464157104492,
                    0.8365758061408997
                ],
                [
                    0.73508620262146,
                    0.21499519050121307,
                    -0.6429815888404846,
                    -0.7715779542922974
                ],
                [
                    -8.940089557540887e-09,
                    0.9483873248100281,
                    0.31711435317993164,
                    0.3805371820926666
                ],
                [
                    0,
                    0,
                    0,
                    1
                ]
            ]
        },
        {
            "file_path": "001.png",
            "transform_matrix": [
                [
                    -0.9392508864402771,
                    -0.13687165081501007,
                    0.3147609233856201,
                    0.3777131140232086
                ],
                [
                    0.343232125043869,
                    -0.3745478689670563,
                    0.8613396286964417,
                    1.0336074829101562
                ],
                [
                    1.0505772252145107e-08,
                    0.9170498251914978,
                    0.39877280592918396,
                    0.4785274565219879
                ],
                [
                    0,
                    0,
                    0,
                    1
                ]
            ]
        },
        {
            "file_path": "002.png",
            "transform_matrix": [
                [
                    -0.748261570930481,
                    0.09235791116952896,
                    -0.6569433212280273,
                    -0.7883321046829224
                ],
                [
                    -0.6634037494659424,
                    -0.10417161136865616,
                    0.7409748435020447,
                    0.8891698718070984
                ],
                [
                    2.728009640406981e-08,
                    0.9902616739273071,
                    0.13921824097633362,
                    0.16706186532974243
                ],
                [
                    0,
                    0,
                    0,
                    1
                ]
            ]
        },
        {
            "file_path": "003.png",
            "transform_matrix": [
                [
                    0.13943316042423248,
                    0.2128201276063919,
                    -0.9670916199684143,
                    -1.1605098247528076
                ],
                [
                    -0.9902315735816956,
                    0.0299668051302433,
                    -0.1361749768257141,
                    -0.16340991854667664
                ],
                [
                    -1.588287901199692e-08,
                    0.9766318798065186,
                    0.21491946280002594,
                    0.25790342688560486
                ],
                [
                    0,
                    0,
                    0,
                    1
                ]
            ]
        },
        {
            "file_path": "004.png",
            "transform_matrix": [
                [
                    0.8857457041740417,
                    -0.20517891645431519,
                    0.41636067628860474,
                    0.4996328055858612
                ],
                [
                    0.4641708731651306,
                    0.3915289044380188,
                    -0.7945128083229065,
                    -0.9534153342247009
                ],
                [
                    -4.345974247144113e-09,
                    0.8969988226890564,
                    0.4420330822467804,
                    0.5304398536682129
                ],
                [
                    0,
                    0,
                    0,
                    1
                ]
            ]
        },
        {
            "file_path": "005.png",
            "transform_matrix": [
                [
                    -0.6396074891090393,
                    0.3679339587688446,
                    -0.6749274134635925,
                    -0.8099128007888794
                ],
                [
                    -0.7687017321586609,
                    -0.3061438500881195,
                    0.5615813732147217,
                    0.6738976836204529
                ],
                [
                    2.4441190404900226e-08,
                    0.8780094981193542,
                    0.4786432981491089,
                    0.5743720531463623
                ],
                [
                    0,
                    0,
                    0,
                    1
                ]
            ]
        }
    ]
}