{
    "camera_angle_x": 0.8575560450553894,
    "aabb": [
        [
            -0.35,
            -0.35,
            -0.35
        ],
        [
            0.35,
            0.35,
            0.35
        ]
    ],
    "frames": [
        {
            "file_path": "000.png",
            "transform_matrix": [
                [
                    0.1506269872188568,
                    -0.21674321591854095,
                    0.9645382761955261,
                    1.1574457883834839
                ],
                [
                    0.9885907769203186,
                    0.03302397206425667,
                    -0.14696234464645386,
                    -0.17635491490364075
                ],
                [
                    1.120488022365862e-07,
                    0.9756700396537781,
                    0.21924453973770142,
                    0.26309359073638916
                ],
                [
                    0,
                    0,
                    0,
                    1
                ]
            ]
        },
        {
            "file_path": "001.png",
            "transform_matrix": [
                [
                    -0.9322933554649353,
                    -0.04687951132655144,
                    0.3586523234844208,
                    0.4303828477859497
                ],
                [
                    0.36170318722724915,
                    -0.12083243578672409,
                    0.9244297742843628,
                    1.1093157529830933
                ],
                [
                    1.347387090788743e-08,
                    0.9915653467178345,
                    0.129607692360878,
                    0.1555292010307312
                ],
                [
                    0,
                    0,
                    0,
                    1
                ]
            ]
        },
        {
            "file_path": "002.png",
            "transform_matrix": [
                [
                    -0.9340206980705261,
                    0.15724357962608337,
                    -0.32074910402297974,
                    -0.3848989009857178
                ],
                [
                    -0.3572191596031189,
                    -0.4111447334289551,
                    0.8386623859405518,
                    1.006394863128662
                ],
                [
                    -1.6071611597112678e-08,
                    0.8979056477546692,
                    0.4401879906654358,
                    0.5282257199287415
                ],
                [
                    0,
                    0,
                    0,
                    1
                ]
            ]
        },
        {
            "file_path": "003.png",
            "transform_matrix": [
                [
                    0.32412025332450867,
                    0.4342562258243561,
                    -0.8404567837715149,
                    -1.0085481405258179
                ],
                [
                    -0.9460158944129944,
                    0.14878317713737488,
                    -0.28795403242111206,
                    -0.34554481506347656
                ],
                [
                    4.4010043609432614e-08,
                    0.8884172439575195,
                    0.4590369164943695,
                    0.5508443713188171
                ],
                [
                    0,
                    0,
                    0,
                    1
                ]
            ]
        },
        {
            "file_path": "004.png",
            "transform_matrix": [
                [
                    -0.7726529240608215,
                    0.060347262769937515,
                    -0.6319541335105896,
                    -0.7583449482917786
                ],
                [
                    -0.6348289847373962,
                    -0.07344899326562881,
                    0.7691538333892822,
                    0.9229845404624939
                ],
                [
                    -4.9143960012543175e-09,
                    0.9954715967178345,
                    0.09506057947874069,
                    0.11407285928726196
                ],
                [
                    0,
                    0,
                    0,
                    1
                ]
            ]
        },
        {
            "file_path": "005.png",
            "transform_matrix": [
                [
                    -0.9934846758842468,
                    0.03249955177307129,
                    -0.10923416167497635,
                    -0.1310809999704361
                ],
                [
                    -0.11396632343530655,
                    -0.28331005573272705,
                    0.9522327184677124,
                    1.1426793336868286
                ],
                [
                    2.360117434818676e-09,
                    0.9584776163101196,
                    0.28516796231269836,
                    0.3422015607357025
                ],
                [
                    0,
                    0,
                    0,
                    1
                ]
            ]
        }
    ]
}