{
    "camera_angle_x": 0.8575560450553894,
    "aabb": [
        [
            -0.35,
            -0.35,
            -0.35
        ],
        [
            0.35,
            0.35,
            0.35
        ]
    ],
    "frames": [
        {
            "file_path": "000.png",
            "transform_matrix": [
                [
                    0.20103749632835388,
                    -0.2338273972272873,
                    0.951266884803772,
                    1.1415202617645264
                ],
                [
                    0.9795835614204407,
                    0.047987814992666245,
                    -0.19522614777088165,
                    -0.2342713326215744
                ],
                [
                    -1.7827867182518276e-08,
                    0.9710931777954102,
                    0.23870080709457397,
                    0.28644102811813354
                ],
                [
                    0,
                    0,
                    0,
                    1
                ]
            ]
        },
        {
            "file_path": "001.png",
            "transform_matrix": [
                [
                    0.9509480595588684,
                    0.02311081252992153,
                    -0.30848610401153564,
                    -0.3701832890510559
                ],
                [
                    -0.3093505799770355,
                    0.07104278355836868,
                    -0.9482907652854919,
                    -1.1379488706588745
                ],
                [
                    -1.9900674885775516e-08,
                    0.9972056150436401,
                    0.07470733672380447,
                    0.08964916318655014
                ],
                [
                    0,
                    0,
                    0,
                    1
                ]
            ]
        },
        {
            "file_path": "002.png",
            "transform_matrix": [
                [
                    -0.7599361538887024,
                    0.06301514059305191,
                    -0.6469361186027527,
                    -0.7763233184814453
                ],
                [
                    -0.649997889995575,
                    -0.07367323338985443,
                    0.7563564777374268,
                    0.9076277613639832
                ],
                [
                    7.123178136225761e-08,
                    0.9952896237373352,
                    0.09694655239582062,
                    0.11633607000112534
                ],
                [
                    0,
                    0,
                    0,
                    1
                ]
            ]
        },
        {
            "file_path": "003.png",
            "transform_matrix": [
                [
                    -0.5510548949241638,
                    0.2627294659614563,
                    -0.7920301556587219,
                    -0.9504362344741821
                ],
                [
                    -0.8344690203666687,
                    -0.17349760234355927,
                    0.5230296850204468,
                    0.6276357173919678
                ],
                [
                    1.0382553483623269e-08,
                    0.9491426944732666,
                    0.3148462474346161,
                    0.37781551480293274
                ],
                [
                    0,
                    0,
                    0,
                    1
                ]
            ]
        },
        {
            "file_path": "004.png",
            "transform_matrix": [
                [
                    0.12670566141605377,
                    0.38945046067237854,
                    -0.9122905135154724,
                    -1.094748616218567
                ],
                [
                    -0.9919403791427612,
                    0.049746524542570114,
                    -0.11653157323598862,
                    -0.1398378312587738
                ],
                [
                    4.414395959884132e-09,
                    0.9197030067443848,
                    0.39261478185653687,
                    0.47113779187202454
                ],
                [
                    0,
                    0,
                    0,
                    1
                ]
            ]
        },
        {
            "file_path": "005.png",
            "transform_matrix": [
                [
                    0.33434510231018066,
                    -0.22330887615680695,
                    0.9156126976013184,
                    1.0987350940704346
                ],
                [
                    0.942450761795044,
                    0.07922124862670898,
                    -0.3248240649700165,
                    -0.389788955450058
                ],
                [
                    4.1775223280637874e-08,
                    0.9715231657028198,
                    0.2369447946548462,
                    0.2843339443206787
                ],
                [
                    0,
                    0,
                    0,
                    1
                ]
            ]
        }
    ]
}