{
    "camera_angle_x": 0.8575560450553894,
    "aabb": [
        [
            -0.35,
            -0.35,
            -0.35
        ],
        [
            0.35,
            0.35,
            0.35
        ]
    ],
    "frames": [
        {
            "file_path": "000.png",
            "transform_matrix": [
                [
                    -0.6415472030639648,
                    -0.269526869058609,
                    0.7181729674339294,
                    0.8618075847625732
                ],
                [
                    0.7670835256576538,
                    -0.22541764378547668,
                    0.6006410717964172,
                    0.7207694053649902
                ],
                [
                    -2.6850706547065784e-08,
                    0.9362382888793945,
                    0.35136571526527405,
                    0.4216388165950775
                ],
                [
                    0,
                    0,
                    0,
                    1
                ]
            ]
        },
        {
            "file_path": "001.png",
            "transform_matrix": [
                [
                    0.7745872735977173,
                    0.27862778306007385,
                    -0.5677861571311951,
                    -0.6813434362411499
                ],
                [
                    -0.6324670314788818,
                    0.3412375748157501,
                    -0.6953721642494202,
                    -0.8344466090202332
                ],
                [
                    2.095679541014306e-08,
                    0.8977324962615967,
                    0.44054114818573,
                    0.5286493897438049
                ],
                [
                    0,
                    0,
                    0,
                    1
                ]
            ]
        },
        {
            "file_path": "002.png",
            "transform_matrix": [
                [
                    0.1897517889738083,
                    -0.24231760203838348,
                    0.9514601826667786,
                    1.1417522430419922
                ],
                [
                    0.9818321466445923,
                    0.04683104529976845,
                    -0.18388205766677856,
                    -0.22065848112106323
                ],
                [
                    -5.6227325018198826e-08,
                    0.9690660834312439,
                    0.2468014508485794,
                    0.2961617708206177
                ],
                [
                    0,
                    0,
                    0,
                    1
                ]
            ]
        },
        {
            "file_path": "003.png",
            "transform_matrix": [
                [
                    0.65812748670578,
                    0.1913081854581833,
                    -0.7281960248947144,
                    -0.8738351464271545
                ],
                [
                    -0.7529065608978271,
                    0.16722534596920013,
                    -0.6365277171134949,
                    -0.7638332843780518
                ],
                [
                    -6.625924697800656e-08,
                    0.9671799540519714,
                    0.2540927529335022,
                    0.30491161346435547
                ],
                [
                    0,
                    0,
                    0,
                    1
                ]
            ]
        },
        {
            "file_path": "004.png",
            "transform_matrix": [
                [
                    0.9982733130455017,
                    -0.004784181714057922,
                    0.058544620871543884,
                    0.07025355100631714
                ],
                [
                    0.05873977392911911,
                    0.08130643516778946,
                    -0.9949567914009094,
                    -1.1939481496810913
                ],
                [
                    -2.2036861224705717e-09,
                    0.9966776967048645,
                    0.0814470648765564,
                    0.09773644059896469
                ],
                [
                    0,
                    0,
                    0,
                    1
                ]
            ]
        },
        {
            "file_path": "005.png",
            "transform_matrix": [
                [
                    -0.7811524271965027,
                    0.21955132484436035,
                    -0.5844640731811523,
                    -0.701356828212738
                ],
                [
                    -0.6243404746055603,
                    -0.27469468116760254,
                    0.7312604784965515,
                    0.877512514591217
                ],
                [
                    4.876183723467875e-08,
                    0.9361304044723511,
                    0.351653128862381,
                    0.4219838082790375
                ],
                [
                    0,
                    0,
                    0,
                    1
                ]
            ]
        }
    ]
}