{
    "camera_angle_x": 0.8575560450553894,
    "aabb": [
        [
            -0.35,
            -0.35,
            -0.35
        ],
        [
            0.35,
            0.35,
            0.35
        ]
    ],
    "frames": [
        {
            "file_path": "000.png",
            "transform_matrix": [
                [
                    0.9969261288642883,
                    -0.003794892691075802,
                    0.0782555490732193,
                    0.09390665590763092
                ],
                [
                    0.07834751158952713,
                    0.04828757792711258,
                    -0.9957561492919922,
                    -1.1949071884155273
                ],
                [
                    5.510851330825517e-09,
                    0.9988263845443726,
                    0.04843646660447121,
                    0.05812400206923485
                ],
                [
                    0,
                    0,
                    0,
                    1
                ]
            ]
        },
        {
            "file_path": "001.png",
            "transform_matrix": [
                [
                    0.4870383143424988,
                    -0.152103990316391,
                    0.8600338101387024,
                    1.0320404767990112
                ],
                [
                    0.8733806610107422,
                    0.08482024073600769,
                    -0.4795956015586853,
                    -0.5755147337913513
                ],
                [
                    4.0857823790929615e-08,
                    0.9847182631492615,
                    0.1741553246974945,
                    0.20898661017417908
                ],
                [
                    0,
                    0,
                    0,
                    1
                ]
            ]
        },
        {
            "file_path": "002.png",
            "transform_matrix": [
                [
                    0.5392286777496338,
                    -0.39495721459388733,
                    0.7438018918037415,
                    0.8925623297691345
                ],
                [
                    0.8421593904495239,
                    0.2528882920742035,
                    -0.47625109553337097,
                    -0.5715012550354004
                ],
                [
                    -2.525295528243987e-08,
                    0.8832080364227295,
                    0.4689815044403076,
                    0.5627779364585876
                ],
                [
                    0,
                    0,
                    0,
                    1
                ]
            ]
        },
        {
            "file_path": "003.png",
            "transform_matrix": [
                [
                    0.8312469720840454,
                    -0.24870222806930542,
                    0.497167706489563,
                    0.5966011881828308
                ],
                [
                    0.5559033155441284,
                    0.3718864619731903,
                    -0.7434191107749939,
                    -0.8921028971672058
                ],
                [
                    8.577838883638833e-09,
                    0.8943420648574829,
                    0.4473838806152344,
                    0.5368608832359314
                ],
                [
                    0,
                    0,
                    0,
                    1
                ]
            ]
        },
        {
            "file_path": "004.png",
            "transform_matrix": [
                [
                    0.4470358192920685,
                    -0.2706318199634552,
                    0.8525945544242859,
                    1.0231133699417114
                ],
                [
                    0.894516110420227,
                    0.1352485716342926,
                    -0.42608556151390076,
                    -0.5113027095794678
                ],
                [
                    2.8464761214763712e-08,
                    0.953135073184967,
                    0.3025453984737396,
                    0.36305463314056396
                ],
                [
                    0,
                    0,
                    0,
                    1
                ]
            ]
        },
        {
            "file_path": "005.png",
            "transform_matrix": [
                [
                    0.8889667391777039,
                    0.011347669176757336,
                    -0.45783111453056335,
                    -0.549397349357605
                ],
                [
                    -0.4579717218875885,
                    0.022026890888810158,
                    -0.8886938691139221,
                    -1.0664327144622803
                ],
                [
                    1.9678424223457114e-08,
                    0.9996930360794067,
                    0.024778079241514206,
                    0.02973359264433384
                ],
                [
                    0,
                    0,
                    0,
                    1
                ]
            ]
        }
    ]
}