{
    "camera_angle_x": 0.8575560450553894,
    "aabb": [
        [
            -0.35,
            -0.35,
            -0.35
        ],
        [
            0.35,
            0.35,
            0.35
        ]
    ],
    "frames": [
        {
            "file_path": "000.png",
            "transform_matrix": [
                [
                    0.8970645070075989,
                    -0.1811726838350296,
                    0.4030531048774719,
                    0.4836635887622833
                ],
                [
                    0.44189971685409546,
                    0.36778366565704346,
                    -0.8182054758071899,
                    -0.981846272945404
                ],
                [
                    9.868291073189539e-09,
                    0.9120920896530151,
                    0.4099857807159424,
                    0.49198323488235474
                ],
                [
                    0,
                    0,
                    0,
                    1
                ]
            ]
        },
        {
            "file_path": "001.png",
            "transform_matrix": [
                [
                    -0.0916338860988617,
                    0.027055442333221436,
                    -0.9954253435134888,
                    -1.1945102214813232
                ],
                [
                    -0.9957929849624634,
                    -0.0024897363036870956,
                    0.09159988909959793,
                    0.1099199429154396
                ],
                [
                    1.0406077421976079e-07,
                    0.9996309876441956,
                    0.027169566601514816,
                    0.03260379657149315
                ],
                [
                    0,
                    0,
                    0,
                    1
                ]
            ]
        },
        {
            "file_path": "002.png",
            "transform_matrix": [
                [
                    -0.9955814480781555,
                    -0.007274892181158066,
                    0.09362087398767471,
                    0.11234504729509354
                ],
                [
                    0.09390309453010559,
                    -0.07713014632463455,
                    0.9925891757011414,
                    1.1911070346832275
                ],
                [
                    7.71272823385516e-09,
                    0.9969945549964905,
                    0.07747237384319305,
                    0.0929669439792633
                ],
                [
                    0,
                    0,
                    0,
                    1
                ]
            ]
        },
        {
            "file_path": "003.png",
            "transform_matrix": [
                [
                    0.8136975169181824,
                    -0.189064159989357,
                    0.5496827363967896,
                    0.6596193313598633
                ],
                [
                    0.5812885165214539,
                    0.26465514302253723,
                    -0.7694552540779114,
                    -0.9233462810516357
                ],
                [
                    8.263462802915456e-09,
                    0.9456281065940857,
                    0.3252500593662262,
                    0.3903001546859741
                ],
                [
                    0,
                    0,
                    0,
                    1
                ]
            ]
        },
        {
            "file_path": "004.png",
            "transform_matrix": [
                [
                    0.24852913618087769,
                    -0.07118390500545502,
                    0.9660053253173828,
                    1.1592062711715698
                ],
                [
                    0.968624472618103,
                    0.018264157697558403,
                    -0.2478572130203247,
                    -0.2974286675453186
                ],
                [
                    8.391320704959071e-08,
                    0.9972960948944092,
                    0.07348957657814026,
                    0.08818767219781876
                ],
                [
                    0,
                    0,
                    0,
                    1
                ]
            ]
        },
        {
            "file_path": "005.png",
            "transform_matrix": [
                [
                    0.9708940386772156,
                    0.11615966260433197,
                    -0.20945581793785095,
                    -0.2513469159603119
                ],
                [
                    -0.23950950801372528,
                    0.47087350487709045,
                    -0.8490663170814514,
                    -1.0188794136047363
                ],
                [
                    -9.452244320584668e-09,
                    0.8745200634002686,
                    0.48498961329460144,
                    0.5819876790046692
                ],
                [
                    0,
                    0,
                    0,
                    1
                ]
            ]
        }
    ]
}