{
    "camera_angle_x": 0.8575560450553894,
    "aabb": [
        [
            -0.35,
            -0.35,
            -0.35
        ],
        [
            0.35,
            0.35,
            0.35
        ]
    ],
    "frames": [
        {
            "file_path": "000.png",
            "transform_matrix": [
                [
                    0.649331271648407,
                    0.3641371428966522,
                    -0.6676623821258545,
                    -0.8011949062347412
                ],
                [
                    -0.760505735874176,
                    0.3109057545661926,
                    -0.5700603127479553,
                    -0.6840723156929016
                ],
                [
                    -2.7169004823690557e-09,
                    0.8779190182685852,
                    0.4788091778755188,
                    0.5745710134506226
                ],
                [
                    0,
                    0,
                    0,
                    1
                ]
            ]
        },
        {
            "file_path": "001.png",
            "transform_matrix": [
                [
                    -0.9069344401359558,
                    -0.20642131567001343,
                    0.36723360419273376,
                    0.4406803846359253
                ],
                [
                    0.4212722182273865,
                    -0.444393515586853,
                    0.7905974984169006,
                    0.948716938495636
                ],
                [
                    2.392673614792784e-08,
                    0.8717252612113953,
                    0.4899950921535492,
                    0.5879941582679749
                ],
                [
                    0,
                    0,
                    0,
                    1
                ]
            ]
        },
        {
            "file_path": "002.png",
            "transform_matrix": [
                [
                    -0.6042346954345703,
                    0.29848504066467285,
                    -0.7387876510620117,
                    -0.8865451216697693
                ],
                [
                    -0.7968064546585083,
                    -0.22634729743003845,
                    0.5602378249168396,
                    0.6722854971885681
                ],
                [
                    4.719878532455368e-08,
                    0.9271858334541321,
                    0.37460166215896606,
                    0.44952207803726196
                ],
                [
                    0,
                    0,
                    0,
                    1
                ]
            ]
        },
        {
            "file_path": "003.png",
            "transform_matrix": [
                [
                    -0.6622193455696106,
                    0.13297300040721893,
                    -0.7374169230461121,
                    -0.8849003314971924
                ],
                [
                    -0.7493100166320801,
                    -0.11751784384250641,
                    0.6517085433006287,
                    0.7820501923561096
                ],
                [
                    -7.367582099959691e-09,
                    0.984127938747406,
                    0.17746058106422424,
                    0.21295274794101715
                ],
                [
                    0,
                    0,
                    0,
                    1
                ]
            ]
        },
        {
            "file_path": "004.png",
            "transform_matrix": [
                [
                    -0.3341233730316162,
                    0.0073644844815135,
                    -0.9425007104873657,
                    -1.1310007572174072
                ],
                [
                    -0.9425294995307922,
                    -0.0026107390876859426,
                    0.33411306142807007,
                    0.4009357690811157
                ],
                [
                    4.3443151298561133e-08,
                    0.9999696016311646,
                    0.007813414558768272,
                    0.00937635451555252
                ],
                [
                    0,
                    0,
                    0,
                    1
                ]
            ]
        },
        {
            "file_path": "005.png",
            "transform_matrix": [
                [
                    -0.0033223305363208055,
                    0.40816622972488403,
                    -0.9129016399383545,
                    -1.0954819917678833
                ],
                [
                    -0.9999945163726807,
                    -0.001356150722131133,
                    0.003032915061339736,
                    0.003639554139226675
                ],
                [
                    -6.130657936864736e-08,
                    0.9129066467285156,
                    0.4081684350967407,
                    0.48980221152305603
                ],
                [
                    0,
                    0,
                    0,
                    1
                ]
            ]
        }
    ]
}