{
    "camera_angle_x": 0.8575560450553894,
    "aabb": [
        [
            -0.35,
            -0.35,
            -0.35
        ],
        [
            0.35,
            0.35,
            0.35
        ]
    ],
    "frames": [
        {
            "file_path": "000.png",
            "transform_matrix": [
                [
                    0.4143720865249634,
                    -0.3671993613243103,
                    0.8327426910400391,
                    0.9992912411689758
                ],
                [
                    0.9101075530052185,
                    0.1671859622001648,
                    -0.37914782762527466,
                    -0.45497745275497437
                ],
                [
                    -4.9612552288635925e-08,
                    0.9149937033653259,
                    0.4034681022167206,
                    0.4841616749763489
                ],
                [
                    0,
                    0,
                    0,
                    1
                ]
            ]
        },
        {
            "file_path": "001.png",
            "transform_matrix": [
                [
                    -0.8863503336906433,
                    0.16304123401641846,
                    -0.433359831571579,
                    -0.5200318098068237
                ],
                [
                    -0.4630153179168701,
                    -0.31210991740226746,
                    0.8295807838439941,
                    0.9954969882965088
                ],
                [
                    -8.56250359504429e-09,
                    0.9359514117240906,
                    0.3521292209625244,
                    0.42255517840385437
                ],
                [
                    0,
                    0,
                    0,
                    1
                ]
            ]
        },
        {
            "file_path": "002.png",
            "transform_matrix": [
                [
                    -0.6755136847496033,
                    -0.029327552765607834,
                    0.7367639541625977,
                    0.8841168284416199
                ],
                [
                    0.737347424030304,
                    -0.026868149638175964,
                    0.6749791502952576,
                    0.8099749684333801
                ],
                [
                    7.877261509747768e-09,
                    0.9992086887359619,
                    0.039774421602487564,
                    0.04772917553782463
                ],
                [
                    0,
                    0,
                    0,
                    1
                ]
            ]
        },
        {
            "file_path": "003.png",
            "transform_matrix": [
                [
                    0.30671703815460205,
                    0.1582040935754776,
                    -0.9385607242584229,
                    -1.1262727975845337
                ],
                [
                    -0.9518007636070251,
                    0.050981100648641586,
                    -0.3024504780769348,
                    -0.36294060945510864
                ],
                [
                    -5.0673598650519125e-09,
                    0.9860894680023193,
                    0.16621552407741547,
                    0.1994587928056717
                ],
                [
                    0,
                    0,
                    0,
                    1
                ]
            ]
        },
        {
            "file_path": "004.png",
            "transform_matrix": [
                [
                    -0.2489808201789856,
                    -0.31650954484939575,
                    0.9153309464454651,
                    1.0983970165252686
                ],
                [
                    0.9685086607933044,
                    -0.08136732131242752,
                    0.2353098839521408,
                    0.28237172961235046
                ],
                [
                    2.9445049065657258e-08,
                    0.9450933933258057,
                    0.32680079340934753,
                    0.3921612501144409
                ],
                [
                    0,
                    0,
                    0,
                    1
                ]
            ]
        },
        {
            "file_path": "005.png",
            "transform_matrix": [
                [
                    -0.5148259401321411,
                    0.37491652369499207,
                    -0.7709683179855347,
                    -0.9251619577407837
                ],
                [
                    -0.8572948575019836,
                    -0.2251463085412979,
                    0.46298468112945557,
                    0.5555816292762756
                ],
                [
                    2.3885142752533284e-09,
                    0.8993035554885864,
                    0.43732500076293945,
                    0.5247900485992432
                ],
                [
                    0,
                    0,
                    0,
                    1
                ]
            ]
        }
    ]
}