{
    "camera_angle_x": 0.8575560450553894,
    "aabb": [
        [
            -0.35,
            -0.35,
            -0.35
        ],
        [
            0.35,
            0.35,
            0.35
        ]
    ],
    "frames": [
        {
            "file_path": "000.png",
            "transform_matrix": [
                [
                    0.9052578806877136,
                    -0.14610354602336884,
                    0.39895105361938477,
                    0.4787411689758301
                ],
                [
                    0.4248625636100769,
                    0.3113038241863251,
                    -0.8500481247901917,
                    -1.0200576782226562
                ],
                [
                    3.536440829066123e-08,
                    0.9390121102333069,
                    0.3438841700553894,
                    0.4126611351966858
                ],
                [
                    0,
                    0,
                    0,
                    1
                ]
            ]
        },
        {
            "file_path": "001.png",
            "transform_matrix": [
                [
                    -0.999691903591156,
                    0.006595765706151724,
                    -0.023929515853524208,
                    -0.02871542051434517
                ],
                [
                    -0.02482188306748867,
                    -0.26564204692840576,
                    0.9637521505355835,
                    1.156502604484558
                ],
                [
                    -1.5334581382475676e-09,
                    0.964049220085144,
                    0.2657238841056824,
                    0.31886860728263855
                ],
                [
                    0,
                    0,
                    0,
                    1
                ]
            ]
        },
        {
            "file_path": "002.png",
            "transform_matrix": [
                [
                    0.8242180943489075,
                    -0.007984436117112637,
                    0.5662161707878113,
                    0.6794594526290894
                ],
                [
                    0.5662724375724792,
                    0.011621438898146152,
                    -0.8241361975669861,
                    -0.9889634847640991
                ],
                [
                    1.2811746330498863e-08,
                    0.9999005794525146,
                    0.014099965803325176,
                    0.016919909045100212
                ],
                [
                    0,
                    0,
                    0,
                    1
                ]
            ]
        },
        {
            "file_path": "003.png",
            "transform_matrix": [
                [
                    0.1889869123697281,
                    0.2878328561782837,
                    -0.9388483762741089,
                    -1.1266180276870728
                ],
                [
                    -0.9819796681404114,
                    0.05539482831954956,
                    -0.18068614602088928,
                    -0.21682347357273102
                ],
                [
                    6.345324821133147e-10,
                    0.9560772776603699,
                    0.2931148409843445,
                    0.351737916469574
                ],
                [
                    0,
                    0,
                    0,
                    1
                ]
            ]
        },
        {
            "file_path": "004.png",
            "transform_matrix": [
                [
                    0.2919159531593323,
                    0.3601614236831665,
                    -0.8860411643981934,
                    -1.0632493495941162
                ],
                [
                    -0.9564440250396729,
                    0.10992468893527985,
                    -0.2704283893108368,
                    -0.32451409101486206
                ],
                [
                    -1.186521458862444e-08,
                    0.926391065120697,
                    0.3765629529953003,
                    0.4518757462501526
                ],
                [
                    0,
                    0,
                    0,
                    1
                ]
            ]
        },
        {
            "file_path": "005.png",
            "transform_matrix": [
                [
                    -0.4356015622615814,
                    0.08920401334762573,
                    -0.8957086801528931,
                    -1.0748504400253296
                ],
                [
                    -0.9001396894454956,
                    -0.04316829517483711,
                    0.43345722556114197,
                    0.520148754119873
                ],
                [
                    -4.2478124129274875e-08,
                    0.9950774908065796,
                    0.09910015761852264,
                    0.11892041563987732
                ],
                [
                    0,
                    0,
                    0,
                    1
                ]
            ]
        }
    ]
}