{
    "camera_angle_x": 0.8575560450553894,
    "aabb": [
        [
            -0.35,
            -0.35,
            -0.35
        ],
        [
            0.35,
            0.35,
            0.35
        ]
    ],
    "frames": [
        {
            "file_path": "000.png",
            "transform_matrix": [
                [
                    -0.740500271320343,
                    -0.015788163989782333,
                    0.6718704700469971,
                    0.8062446117401123
                ],
                [
                    0.6720559000968933,
                    -0.017396051436662674,
                    0.740295946598053,
                    0.8883552551269531
                ],
                [
                    7.858979245156661e-09,
                    0.9997239708900452,
                    0.023492388427257538,
                    0.02819066308438778
                ],
                [
                    0,
                    0,
                    0,
                    1
                ]
            ]
        },
        {
            "file_path": "001.png",
            "transform_matrix": [
                [
                    -0.6188851594924927,
                    0.2760162949562073,
                    -0.7353886961936951,
                    -0.8824663162231445
                ],
                [
                    -0.7854816913604736,
                    -0.21747468411922455,
                    0.5794165134429932,
                    0.6952998638153076
                ],
                [
                    6.492884097042406e-08,
                    0.936226487159729,
                    0.3513973653316498,
                    0.421676903963089
                ],
                [
                    0,
                    0,
                    0,
                    1
                ]
            ]
        },
        {
            "file_path": "002.png",
            "transform_matrix": [
                [
                    -0.8813679218292236,
                    0.02372320368885994,
                    -0.47183457016944885,
                    -0.5662015676498413
                ],
                [
                    -0.47243058681488037,
                    -0.04425811767578125,
                    0.8802559971809387,
                    1.0563071966171265
                ],
                [
                    -1.0475872613824322e-08,
                    0.9987384676933289,
                    0.0502152144908905,
                    0.060258280485868454
                ],
                [
                    0,
                    0,
                    0,
                    1
                ]
            ]
        },
        {
            "file_path": "003.png",
            "transform_matrix": [
                [
                    0.15723370015621185,
                    -0.06494836509227753,
                    0.9854233860969543,
                    1.182508111000061
                ],
                [
                    0.9875614047050476,
                    0.01034066267311573,
                    -0.1568932831287384,
                    -0.18827196955680847
                ],
                [
                    3.9933283346726967e-08,
                    0.9978350400924683,
                    0.06576640903949738,
                    0.07891978323459625
                ],
                [
                    0,
                    0,
                    0,
                    1
                ]
            ]
        },
        {
            "file_path": "004.png",
            "transform_matrix": [
                [
                    0.5482766032218933,
                    -0.3966996669769287,
                    0.7362216114997864,
                    0.8834658265113831
                ],
                [
                    0.8362970948219299,
                    0.26007625460624695,
                    -0.4826672077178955,
                    -0.5792006254196167
                ],
                [
                    7.820192138296989e-08,
                    0.8803350925445557,
                    0.4743524491786957,
                    0.5692230463027954
                ],
                [
                    0,
                    0,
                    0,
                    1
                ]
            ]
        },
        {
            "file_path": "005.png",
            "transform_matrix": [
                [
                    -0.9986386299133301,
                    0.004514322150498629,
                    -0.05196571350097656,
                    -0.06235885247588158
                ],
                [
                    -0.05216142535209656,
                    -0.08642737567424774,
                    0.9948917031288147,
                    1.1938700675964355
                ],
                [
                    5.159963567535897e-10,
                    0.9962478876113892,
                    0.08654523640871048,
                    0.10385441035032272
                ],
                [
                    0,
                    0,
                    0,
                    1
                ]
            ]
        }
    ]
}