{
    "camera_angle_x": 0.8575560450553894,
    "aabb": [
        [
            -0.35,
            -0.35,
            -0.35
        ],
        [
            0.35,
            0.35,
            0.35
        ]
    ],
    "frames": [
        {
            "file_path": "000.png",
            "transform_matrix": [
                [
                    -0.9456267356872559,
                    0.06204254552721977,
                    -0.3192818760871887,
                    -0.3831382691860199
                ],
                [
                    -0.32525402307510376,
                    -0.18037933111190796,
                    0.9282634854316711,
                    1.113916277885437
                ],
                [
                    -1.308922215059738e-08,
                    0.9816384315490723,
                    0.1907510608434677,
                    0.22890134155750275
                ],
                [
                    0,
                    0,
                    0,
                    1
                ]
            ]
        },
        {
            "file_path": "001.png",
            "transform_matrix": [
                [
                    0.4441462755203247,
                    -0.3239631950855255,
                    0.8353334665298462,
                    1.0024001598358154
                ],
                [
                    0.8959543108940125,
                    0.16059638559818268,
                    -0.41409507393836975,
                    -0.49691417813301086
                ],
                [
                    9.363262165607011e-09,
                    0.9323393702507019,
                    0.36158448457717896,
                    0.4339013993740082
                ],
                [
                    0,
                    0,
                    0,
                    1
                ]
            ]
        },
        {
            "file_path": "002.png",
            "transform_matrix": [
                [
                    0.7986377477645874,
                    -0.10230028629302979,
                    0.5930534601211548,
                    0.711664080619812
                ],
                [
                    0.6018120646476746,
                    0.13575801253318787,
                    -0.7870147228240967,
                    -0.9444176554679871
                ],
                [
                    -3.5700509215530474e-09,
                    0.9854463934898376,
                    0.16998699307441711,
                    0.20398448407649994
                ],
                [
                    0,
                    0,
                    0,
                    1
                ]
            ]
        },
        {
            "file_path": "003.png",
            "transform_matrix": [
                [
                    -0.9758526682853699,
                    -0.036336518824100494,
                    0.21538673341274261,
                    0.2584640681743622
                ],
                [
                    0.2184302806854248,
                    -0.16233599185943604,
                    0.9622553586959839,
                    1.154706358909607
                ],
                [
                    -1.6647403455749554e-09,
                    0.9860663414001465,
                    0.16635289788246155,
                    0.19962364435195923
                ],
                [
                    0,
                    0,
                    0,
                    1
                ]
            ]
        },
        {
            "file_path": "004.png",
            "transform_matrix": [
                [
                    -0.6764155626296997,
                    0.3379451632499695,
                    -0.6544120907783508,
                    -0.7852944731712341
                ],
                [
                    -0.7365202903747559,
                    -0.310366690158844,
                    0.601007878780365,
                    0.7212094664573669
                ],
                [
                    3.219042099544822e-08,
                    0.8885188102722168,
                    0.4588402211666107,
                    0.5506083965301514
                ],
                [
                    0,
                    0,
                    0,
                    1
                ]
            ]
        },
        {
            "file_path": "005.png",
            "transform_matrix": [
                [
                    0.33271685242652893,
                    0.44943198561668396,
                    -0.8290418386459351,
                    -0.994850218296051
                ],
                [
                    -0.9430267810821533,
                    0.15856768190860748,
                    -0.29250094294548035,
                    -0.35100114345550537
                ],
                [
                    -2.0111970755465336e-08,
                    0.879128634929657,
                    0.4765845239162445,
                    0.5719014406204224
                ],
                [
                    0,
                    0,
                    0,
                    1
                ]
            ]
        }
    ]
}