{
    "camera_angle_x": 0.8575560450553894,
    "aabb": [
        [
            -0.35,
            -0.35,
            -0.35
        ],
        [
            0.35,
            0.35,
            0.35
        ]
    ],
    "frames": [
        {
            "file_path": "000.png",
            "transform_matrix": [
                [
                    -0.9350650310516357,
                    0.014173618517816067,
                    -0.3541927635669708,
                    -0.4250313639640808
                ],
                [
                    -0.3544762134552002,
                    -0.03738829866051674,
                    0.9343172907829285,
                    1.121180772781372
                ],
                [
                    -3.259676084610419e-09,
                    0.9992002844810486,
                    0.039984676986932755,
                    0.047981616109609604
                ],
                [
                    0,
                    0,
                    0,
                    1
                ]
            ]
        },
        {
            "file_path": "001.png",
            "transform_matrix": [
                [
                    -0.5506874322891235,
                    -0.13658468425273895,
                    0.8234610557556152,
                    0.9881531596183777
                ],
                [
                    0.8347116112709045,
                    -0.09010956436395645,
                    0.5432650446891785,
                    0.6519180536270142
                ],
                [
                    -8.352031954927952e-09,
                    0.9865216612815857,
                    0.16363093256950378,
                    0.19635726511478424
                ],
                [
                    0,
                    0,
                    0,
                    1
                ]
            ]
        },
        {
            "file_path": "002.png",
            "transform_matrix": [
                [
                    0.6350362300872803,
                    0.1797400563955307,
                    -0.7512806057929993,
                    -0.9015367031097412
                ],
                [
                    -0.7724823951721191,
                    0.14775913953781128,
                    -0.6176069378852844,
                    -0.7411282062530518
                ],
                [
                    -7.17561050578297e-08,
                    0.9725537896156311,
                    0.2326783984899521,
                    0.2792142629623413
                ],
                [
                    0,
                    0,
                    0,
                    1
                ]
            ]
        },
        {
            "file_path": "003.png",
            "transform_matrix": [
                [
                    -0.9836438298225403,
                    0.03791864961385727,
                    -0.17608845233917236,
                    -0.2113061398267746
                ],
                [
                    -0.18012486398220062,
                    -0.2070699781179428,
                    0.9616013169288635,
                    1.1539216041564941
                ],
                [
                    -1.6460313112531821e-09,
                    0.9775910377502441,
                    0.21051311492919922,
                    0.2526158094406128
                ],
                [
                    0,
                    0,
                    0,
                    1
                ]
            ]
        },
        {
            "file_path": "004.png",
            "transform_matrix": [
                [
                    -0.5593985319137573,
                    -0.032395876944065094,
                    0.8282656669616699,
                    0.993918776512146
                ],
                [
                    0.8288989663124084,
                    -0.021863000467419624,
                    0.558971107006073,
                    0.6707652807235718
                ],
                [
                    -4.0526721534206445e-08,
                    0.9992360472679138,
                    0.03908293694257736,
                    0.04689972475171089
                ],
                [
                    0,
                    0,
                    0,
                    1
                ]
            ]
        },
        {
            "file_path": "005.png",
            "transform_matrix": [
                [
                    -0.05085237696766853,
                    -0.2831853926181793,
                    0.957716166973114,
                    1.149259328842163
                ],
                [
                    0.9987062811851501,
                    -0.014419306069612503,
                    0.0487651564180851,
                    0.058518193662166595
                ],
                [
                    -7.565348880689271e-08,
                    0.9589568972587585,
                    0.2835521697998047,
                    0.3402627110481262
                ],
                [
                    0,
                    0,
                    0,
                    1
                ]
            ]
        }
    ]
}