{
    "camera_angle_x": 0.8575560450553894,
    "aabb": [
        [
            -0.35,
            -0.35,
            -0.35
        ],
        [
            0.35,
            0.35,
            0.35
        ]
    ],
    "frames": [
        {
            "file_path": "000.png",
            "transform_matrix": [
                [
                    0.33032116293907166,
                    0.08793202042579651,
                    -0.9397637248039246,
                    -1.1277165412902832
                ],
                [
                    -0.9438685774803162,
                    0.030773164704442024,
                    -0.3288846015930176,
                    -0.3946615755558014
                ],
                [
                    2.3198165166604667e-08,
                    0.9956510663032532,
                    0.09316129237413406,
                    0.11179358512163162
                ],
                [
                    0,
                    0,
                    0,
                    1
                ]
            ]
        },
        {
            "file_path": "001.png",
            "transform_matrix": [
                [
                    0.9943639636039734,
                    0.028195271268486977,
                    -0.1022023931145668,
                    -0.1226428747177124
                ],
                [
                    -0.10602028667926788,
                    0.26444336771965027,
                    -0.9585559368133545,
                    -1.1502671241760254
                ],
                [
                    5.1506789944255615e-09,
                    0.9639890193939209,
                    0.265942245721817,
                    0.3191307485103607
                ],
                [
                    0,
                    0,
                    0,
                    1
                ]
            ]
        },
        {
            "file_path": "002.png",
            "transform_matrix": [
                [
                    -0.8367229104042053,
                    -0.11040503531694412,
                    0.5363823175430298,
                    0.6436586380004883
                ],
                [
                    0.5476269721984863,
                    -0.1686886101961136,
                    0.8195420503616333,
                    0.9834503531455994
                ],
                [
                    -6.012484732309531e-08,
                    0.9794667959213257,
                    0.20160607993602753,
                    0.24192768335342407
                ],
                [
                    0,
                    0,
                    0,
                    1
                ]
            ]
        },
        {
            "file_path": "003.png",
            "transform_matrix": [
                [
                    -0.6596584916114807,
                    0.24994562566280365,
                    -0.7087863683700562,
                    -0.8505435585975647
                ],
                [
                    -0.7515656352043152,
                    -0.21938039362430573,
                    0.6221105456352234,
                    0.7465326189994812
                ],
                [
                    3.357386901825521e-08,
                    0.9430798292160034,
                    0.3325665295124054,
                    0.39907991886138916
                ],
                [
                    0,
                    0,
                    0,
                    1
                ]
            ]
        },
        {
            "file_path": "004.png",
            "transform_matrix": [
                [
                    -0.5317883491516113,
                    -0.15935803949832916,
                    0.8317488431930542,
                    0.9980986714363098
                ],
                [
                    0.8468772768974304,
                    -0.10006733983755112,
                    0.5222886204719543,
                    0.6267463564872742
                ],
                [
                    1.3238388163472337e-08,
                    0.9821361899375916,
                    0.1881713718175888,
                    0.22580565512180328
                ],
                [
                    0,
                    0,
                    0,
                    1
                ]
            ]
        },
        {
            "file_path": "005.png",
            "transform_matrix": [
                [
                    0.16713519394397736,
                    -0.1637675017118454,
                    0.9722377061843872,
                    1.1666851043701172
                ],
                [
                    0.9859340786933899,
                    0.027761703357100487,
                    -0.16481350362300873,
                    -0.19777627289295197
                ],
                [
                    1.494747081665082e-08,
                    0.9861083626747131,
                    0.1661038100719452,
                    0.19932477176189423
                ],
                [
                    0,
                    0,
                    0,
                    1
                ]
            ]
        }
    ]
}