{
    "camera_angle_x": 0.8575560450553894,
    "aabb": [
        [
            -0.35,
            -0.35,
            -0.35
        ],
        [
            0.35,
            0.35,
            0.35
        ]
    ],
    "frames": [
        {
            "file_path": "000.png",
            "transform_matrix": [
                [
                    0.6689279079437256,
                    0.029173292219638824,
                    -0.7427545785903931,
                    -0.8913055062294006
                ],
                [
                    -0.7433273196220398,
                    0.02625330351293087,
                    -0.6684125661849976,
                    -0.8020951151847839
                ],
                [
                    -1.605407362603728e-08,
                    0.9992295503616333,
                    0.03924686461687088,
                    0.047096338123083115
                ],
                [
                    0,
                    0,
                    0,
                    1
                ]
            ]
        },
        {
            "file_path": "001.png",
            "transform_matrix": [
                [
                    -0.39340630173683167,
                    -0.07518408447504044,
                    0.9162853956222534,
                    1.099542498588562
                ],
                [
                    0.9193647503852844,
                    -0.032172173261642456,
                    0.39208856225013733,
                    0.4705062210559845
                ],
                [
                    4.308347456571937e-08,
                    0.9966505765914917,
                    0.08177828043699265,
                    0.0981338694691658
                ],
                [
                    0,
                    0,
                    0,
                    1
                ]
            ]
        },
        {
            "file_path": "002.png",
            "transform_matrix": [
                [
                    -0.9493982195854187,
                    0.014749240130186081,
                    -0.3137291371822357,
                    -0.37647494673728943
                ],
                [
                    -0.31407564878463745,
                    -0.044584594666957855,
                    0.9483506679534912,
                    1.1380207538604736
                ],
                [
                    1.8588055539225934e-09,
                    0.9988968372344971,
                    0.04696067050099373,
                    0.05635279417037964
                ],
                [
                    0,
                    0,
                    0,
                    1
                ]
            ]
        },
        {
            "file_path": "003.png",
            "transform_matrix": [
                [
                    -0.8556872606277466,
                    -0.1435459852218628,
                    0.49718600511550903,
                    0.5966231822967529
                ],
                [
                    0.5174933671951294,
                    -0.23735661804676056,
                    0.8221085667610168,
                    0.9865303039550781
                ],
                [
                    -6.046761313882598e-09,
                    0.9607582688331604,
                    0.2773870825767517,
                    0.3328646123409271
                ],
                [
                    0,
                    0,
                    0,
                    1
                ]
            ]
        },
        {
            "file_path": "004.png",
            "transform_matrix": [
                [
                    0.9942689538002014,
                    0.021868178620934486,
                    -0.10464689135551453,
                    -0.12557627260684967
                ],
                [
                    -0.10690739005804062,
                    0.203380286693573,
                    -0.9732457995414734,
                    -1.167894959449768
                ],
                [
                    6.978201128049477e-09,
                    0.9788556098937988,
                    0.2045525759458542,
                    0.24546320736408234
                ],
                [
                    0,
                    0,
                    0,
                    1
                ]
            ]
        },
        {
            "file_path": "005.png",
            "transform_matrix": [
                [
                    -0.26143327355384827,
                    -0.13405555486679077,
                    0.9558671712875366,
                    1.1470404863357544
                ],
                [
                    0.9652217030525208,
                    -0.03630943223834038,
                    0.2588994801044464,
                    0.31067949533462524
                ],
                [
                    -1.9352555113982817e-08,
                    0.9903085231781006,
                    0.13888566195964813,
                    0.1666630655527115
                ],
                [
                    0,
                    0,
                    0,
                    1
                ]
            ]
        }
    ]
}