{
    "camera_angle_x": 0.8575560450553894,
    "aabb": [
        [
            -0.35,
            -0.35,
            -0.35
        ],
        [
            0.35,
            0.35,
            0.35
        ]
    ],
    "frames": [
        {
            "file_path": "000.png",
            "transform_matrix": [
                [
                    0.11719369888305664,
                    -0.04700283333659172,
                    0.991996169090271,
                    1.190395474433899
                ],
                [
                    0.9931091070175171,
                    0.005546653643250465,
                    -0.11706238985061646,
                    -0.14047478139400482
                ],
                [
                    -1.942360228213147e-08,
                    0.9988793730735779,
                    0.04732895269989967,
                    0.05679485574364662
                ],
                [
                    0,
                    0,
                    0,
                    1
                ]
            ]
        },
        {
            "file_path": "001.png",
            "transform_matrix": [
                [
                    -0.58592289686203,
                    0.3679189383983612,
                    -0.7220318913459778,
                    -0.8664383292198181
                ],
                [
                    -0.8103668093681335,
                    -0.26601800322532654,
                    0.5220536589622498,
                    0.6264643669128418
                ],
                [
                    -4.917458085174076e-08,
                    0.8909938931465149,
                    0.45401531457901,
                    0.5448185205459595
                ],
                [
                    0,
                    0,
                    0,
                    1
                ]
            ]
        },
        {
            "file_path": "002.png",
            "transform_matrix": [
                [
                    -0.5474086999893188,
                    -0.19996748864650726,
                    0.8126233816146851,
                    0.97514808177948
                ],
                [
                    0.8368654251098633,
                    -0.13080233335494995,
                    0.5315515398979187,
                    0.6378618478775024
                ],
                [
                    5.125571078679059e-09,
                    0.9710323214530945,
                    0.23894819617271423,
                    0.286737859249115
                ],
                [
                    0,
                    0,
                    0,
                    1
                ]
            ]
        },
        {
            "file_path": "003.png",
            "transform_matrix": [
                [
                    0.8713407516479492,
                    0.09260449558496475,
                    -0.4818606376647949,
                    -0.5782327651977539
                ],
                [
                    -0.4906783998012543,
                    0.1644459366798401,
                    -0.855682373046875,
                    -1.026818871498108
                ],
                [
                    1.1753101603062532e-08,
                    0.9820295572280884,
                    0.1887274533510208,
                    0.22647301852703094
                ],
                [
                    0,
                    0,
                    0,
                    1
                ]
            ]
        },
        {
            "file_path": "004.png",
            "transform_matrix": [
                [
                    -0.9305682182312012,
                    0.05146558955311775,
                    -0.36248335242271423,
                    -0.4349800646305084
                ],
                [
                    -0.3661186695098877,
                    -0.13081081211566925,
                    0.9213282465934753,
                    1.1055939197540283
                ],
                [
                    -2.8251829320424804e-08,
                    0.990070641040802,
                    0.14057083427906036,
                    0.1686849594116211
                ],
                [
                    0,
                    0,
                    0,
                    1
                ]
            ]
        },
        {
            "file_path": "005.png",
            "transform_matrix": [
                [
                    0.6629987955093384,
                    -0.061176326125860214,
                    0.7461166977882385,
                    0.8953400254249573
                ],
                [
                    0.7486205101013184,
                    0.05417940765619278,
                    -0.6607813835144043,
                    -0.792937695980072
                ],
                [
                    -1.0496179925212346e-08,
                    0.9966554641723633,
                    0.08171872049570084,
                    0.09806252270936966
                ],
                [
                    0,
                    0,
                    0,
                    1
                ]
            ]
        }
    ]
}