{
    "camera_angle_x": 0.8575560450553894,
    "aabb": [
        [
            -0.35,
            -0.35,
            -0.35
        ],
        [
            0.35,
            0.35,
            0.35
        ]
    ],
    "frames": [
        {
            "file_path": "000.png",
            "transform_matrix": [
                [
                    0.3808828294277191,
                    -0.3689008951187134,
                    0.8478446006774902,
                    1.01741361618042
                ],
                [
                    0.9246233105659485,
                    0.15196247398853302,
                    -0.34925511479377747,
                    -0.4191061556339264
                ],
                [
                    -4.6583160440150095e-08,
                    0.9169621467590332,
                    0.3989742398262024,
                    0.47876906394958496
                ],
                [
                    0,
                    0,
                    0,
                    1
                ]
            ]
        },
        {
            "file_path": "001.png",
            "transform_matrix": [
                [
                    0.3790060579776764,
                    -0.40083226561546326,
                    0.8340790867805481,
                    1.0008949041366577
                ],
                [
                    0.9253941774368286,
                    0.16416561603546143,
                    -0.34160682559013367,
                    -0.40992820262908936
                ],
                [
                    -4.759699123724204e-08,
                    0.9013229608535767,
                    0.4331476092338562,
                    0.519777238368988
                ],
                [
                    0,
                    0,
                    0,
                    1
                ]
            ]
        },
        {
            "file_path": "002.png",
            "transform_matrix": [
                [
                    -0.13292965292930603,
                    0.1357930302619934,
                    -0.9817789793014526,
                    -1.178134799003601
                ],
                [
                    -0.9911255240440369,
                    -0.01821255125105381,
                    0.1316760927438736,
                    0.15801125764846802
                ],
                [
                    1.5245301909772024e-08,
                    0.9905698299407959,
                    0.1370088905096054,
                    0.16441071033477783
                ],
                [
                    0,
                    0,
                    0,
                    1
                ]
            ]
        },
        {
            "file_path": "003.png",
            "transform_matrix": [
                [
                    -0.3476235270500183,
                    -0.04718206077814102,
                    0.9364464282989502,
                    1.1237356662750244
                ],
                [
                    0.937634289264679,
                    -0.017492540180683136,
                    0.34718307852745056,
                    0.4166197180747986
                ],
                [
                    -5.454298346307951e-08,
                    0.9987332224845886,
                    0.050320230424404144,
                    0.060384463518857956
                ],
                [
                    0,
                    0,
                    0,
                    1
                ]
            ]
        },
        {
            "file_path": "004.png",
            "transform_matrix": [
                [
                    0.34431400895118713,
                    0.1174221783876419,
                    -0.93148273229599,
                    -1.1177791357040405
                ],
                [
                    -0.9388546347618103,
                    0.04306301847100258,
                    -0.3416105806827545,
                    -0.4099327027797699
                ],
                [
                    -7.851994610064139e-08,
                    0.9921481013298035,
                    0.12506945431232452,
                    0.15008369088172913
                ],
                [
                    0,
                    0,
                    0,
                    1
                ]
            ]
        },
        {
            "file_path": "005.png",
            "transform_matrix": [
                [
                    0.9528532028198242,
                    -0.1180107444524765,
                    0.27954283356666565,
                    0.3354514241218567
                ],
                [
                    0.30343160033226013,
                    0.3705841302871704,
                    -0.8778363466262817,
                    -1.053403615951538
                ],
                [
                    -2.6901874505824708e-08,
                    0.9212713241577148,
                    0.38892048597335815,
                    0.4667045772075653
                ],
                [
                    0,
                    0,
                    0,
                    1
                ]
            ]
        }
    ]
}