{
    "camera_angle_x": 0.8575560450553894,
    "aabb": [
        [
            -0.35,
            -0.35,
            -0.35
        ],
        [
            0.35,
            0.35,
            0.35
        ]
    ],
    "frames": [
        {
            "file_path": "000.png",
            "transform_matrix": [
                [
                    0.32558661699295044,
                    -0.32349514961242676,
                    0.8884505033493042,
                    1.0661406517028809
                ],
                [
                    0.9455122947692871,
                    0.11139532923698425,
                    -0.3059374988079071,
                    -0.367125004529953
                ],
                [
                    1.8670931467568153e-09,
                    0.9396499991416931,
                    0.3421374261379242,
                    0.4105648696422577
                ],
                [
                    0,
                    0,
                    0,
                    1
                ]
            ]
        },
        {
            "file_path": "001.png",
            "transform_matrix": [
                [
                    -0.713230311870575,
                    -0.1773979365825653,
                    0.6781095862388611,
                    0.8137314915657043
                ],
                [
                    0.7009298205375671,
                    -0.18051108717918396,
                    0.6900095343589783,
                    0.8280114531517029
                ],
                [
                    7.533856205554912e-09,
                    0.9674429297447205,
                    0.25308942794799805,
                    0.3037073612213135
                ],
                [
                    0,
                    0,
                    0,
                    1
                ]
            ]
        },
        {
            "file_path": "002.png",
            "transform_matrix": [
                [
                    0.9796082377433777,
                    0.047340258955955505,
                    -0.19526030123233795,
                    -0.23431237041950226
                ],
                [
                    -0.2009171098470688,
                    0.2308160960674286,
                    -0.952027440071106,
                    -1.1424329280853271
                ],
                [
                    4.087422844634148e-09,
                    0.9718450903892517,
                    0.23562082648277283,
                    0.2827448844909668
                ],
                [
                    0,
                    0,
                    0,
                    1
                ]
            ]
        },
        {
            "file_path": "003.png",
            "transform_matrix": [
                [
                    0.5540286898612976,
                    -0.005919414572417736,
                    0.8324766159057617,
                    0.9989718198776245
                ],
                [
                    0.8324976563453674,
                    0.003939426504075527,
                    -0.5540148019790649,
                    -0.6648176908493042
                ],
                [
                    -1.3295215239850222e-07,
                    0.9999748468399048,
                    0.00711040198802948,
                    0.008532512001693249
                ],
                [
                    0,
                    0,
                    0,
                    1
                ]
            ]
        },
        {
            "file_path": "004.png",
            "transform_matrix": [
                [
                    0.6399152874946594,
                    0.12746137380599976,
                    -0.757800817489624,
                    -0.909360945224762
                ],
                [
                    -0.7684454917907715,
                    0.10614221543073654,
                    -0.6310510635375977,
                    -0.757261335849762
                ],
                [
                    5.356836396686049e-08,
                    0.9861478209495544,
                    0.1658691167831421,
                    0.19904294610023499
                ],
                [
                    0,
                    0,
                    0,
                    1
                ]
            ]
        },
        {
            "file_path": "005.png",
            "transform_matrix": [
                [
                    -0.27981454133987427,
                    0.07728530466556549,
                    -0.9569382667541504,
                    -1.1483259201049805
                ],
                [
                    -0.9600540995597839,
                    -0.0225253626704216,
                    0.27890637516975403,
                    0.33468765020370483
                ],
                [
                    5.0896389325316704e-09,
                    0.99675452709198,
                    0.08050096035003662,
                    0.0966012254357338
                ],
                [
                    0,
                    0,
                    0,
                    1
                ]
            ]
        }
    ]
}