{
    "camera_angle_x": 0.8575560450553894,
    "aabb": [
        [
            -0.35,
            -0.35,
            -0.35
        ],
        [
            0.35,
            0.35,
            0.35
        ]
    ],
    "frames": [
        {
            "file_path": "000.png",
            "transform_matrix": [
                [
                    -0.9698800444602966,
                    0.06569792330265045,
                    -0.23455682396888733,
                    -0.2814681828022003
                ],
                [
                    -0.24358391761779785,
                    -0.2615901231765747,
                    0.9339367151260376,
                    1.1207239627838135
                ],
                [
                    -1.6616107600953e-08,
                    0.9629406332969666,
                    0.26971369981765747,
                    0.3236565589904785
                ],
                [
                    0,
                    0,
                    0,
                    1
                ]
            ]
        },
        {
            "file_path": "001.png",
            "transform_matrix": [
                [
                    -0.9251021146774292,
                    -0.050826575607061386,
                    0.3763018250465393,
                    0.45156216621398926
                ],
                [
                    0.3797188401222229,
                    -0.12382793426513672,
                    0.9167771935462952,
                    1.1001325845718384
                ],
                [
                    2.7699442739503866e-09,
                    0.9910012483596802,
                    0.13385312259197235,
                    0.16062384843826294
                ],
                [
                    0,
                    0,
                    0,
                    1
                ]
            ]
        },
        {
            "file_path": "002.png",
            "transform_matrix": [
                [
                    -0.9482038617134094,
                    -0.15337136387825012,
                    0.27818483114242554,
                    0.3338218033313751
                ],
                [
                    0.31766268610954285,
                    -0.45780420303344727,
                    0.8303648829460144,
                    0.9964378476142883
                ],
                [
                    -2.476816085561495e-08,
                    0.8757240772247314,
                    0.48281195759773254,
                    0.5793744921684265
                ],
                [
                    0,
                    0,
                    0,
                    1
                ]
            ]
        },
        {
            "file_path": "003.png",
            "transform_matrix": [
                [
                    0.987778902053833,
                    0.05221538618206978,
                    -0.14685513079166412,
                    -0.1762261688709259
                ],
                [
                    -0.1558617204427719,
                    0.3309166729450226,
                    -0.930699348449707,
                    -1.1168392896652222
                ],
                [
                    -9.318583238382416e-09,
                    0.9422142505645752,
                    0.3350108861923218,
                    0.4020130932331085
                ],
                [
                    0,
                    0,
                    0,
                    1
                ]
            ]
        },
        {
            "file_path": "004.png",
            "transform_matrix": [
                [
                    0.987236738204956,
                    0.03323892876505852,
                    -0.15575233101844788,
                    -0.18690282106399536
                ],
                [
                    -0.1592595875263214,
                    0.20604541897773743,
                    -0.9654955267906189,
                    -1.1585947275161743
                ],
                [
                    1.56866324374505e-08,
                    0.9779777526855469,
                    0.2087092250585556,
                    0.250450998544693
                ],
                [
                    0,
                    0,
                    0,
                    1
                ]
            ]
        },
        {
            "file_path": "005.png",
            "transform_matrix": [
                [
                    0.9999979138374329,
                    -0.0008396797347813845,
                    0.0018513204995542765,
                    0.0022215847857296467
                ],
                [
                    0.00203284271992743,
                    0.41305604577064514,
                    -0.9107034206390381,
                    -1.0928441286087036
                ],
                [
                    -1.1422333912047833e-10,
                    0.9107052683830261,
                    0.413056880235672,
                    0.49566832184791565
                ],
                [
                    0,
                    0,
                    0,
                    1
                ]
            ]
        }
    ]
}