{
    "camera_angle_x": 0.8575560450553894,
    "aabb": [
        [
            -0.35,
            -0.35,
            -0.35
        ],
        [
            0.35,
            0.35,
            0.35
        ]
    ],
    "frames": [
        {
            "file_path": "000.png",
            "transform_matrix": [
                [
                    -0.35750812292099,
                    0.44960445165634155,
                    -0.8185620307922363,
                    -0.9822744727134705
                ],
                [
                    -0.933910071849823,
                    -0.17211207747459412,
                    0.3133520185947418,
                    0.3760223984718323
                ],
                [
                    5.700047012169307e-08,
                    0.8764891624450684,
                    0.481421560049057,
                    0.5777059197425842
                ],
                [
                    0,
                    0,
                    0,
                    1
                ]
            ]
        },
        {
            "file_path": "001.png",
            "transform_matrix": [
                [
                    0.4093676805496216,
                    -0.21364165842533112,
                    0.8870036602020264,
                    1.0644042491912842
                ],
                [
                    0.9123695492744446,
                    0.09585783630609512,
                    -0.3979864716529846,
                    -0.47758373618125916
                ],
                [
                    1.4668154335595318e-07,
                    0.9721978902816772,
                    0.2341611683368683,
                    0.28099367022514343
                ],
                [
                    0,
                    0,
                    0,
                    1
                ]
            ]
        },
        {
            "file_path": "002.png",
            "transform_matrix": [
                [
                    0.9576746225357056,
                    0.10256814956665039,
                    -0.2689594030380249,
                    -0.3227512538433075
                ],
                [
                    -0.28785306215286255,
                    0.34123972058296204,
                    -0.8948162794113159,
                    -1.0737794637680054
                ],
                [
                    1.0019718388321053e-10,
                    0.934363603591919,
                    0.35632115602493286,
                    0.4275854825973511
                ],
                [
                    0,
                    0,
                    0,
                    1
                ]
            ]
        },
        {
            "file_path": "003.png",
            "transform_matrix": [
                [
                    -0.7897701859474182,
                    0.04286251217126846,
                    -0.6119035482406616,
                    -0.7342842817306519
                ],
                [
                    -0.6134029030799866,
                    -0.055186476558446884,
                    0.7878396511077881,
                    0.9454076290130615
                ],
                [
                    -5.042743111971504e-09,
                    0.997555673122406,
                    0.06987660378217697,
                    0.08385200053453445
                ],
                [
                    0,
                    0,
                    0,
                    1
                ]
            ]
        },
        {
            "file_path": "004.png",
            "transform_matrix": [
                [
                    0.6240028142929077,
                    -0.27271196246147156,
                    0.7322900891304016,
                    0.8787479996681213
                ],
                [
                    0.7814221382141113,
                    0.2177734375,
                    -0.5847685933113098,
                    -0.701722264289856
                ],
                [
                    1.6989618600860013e-08,
                    0.9371249079704285,
                    0.3489943742752075,
                    0.41879329085350037
                ],
                [
                    0,
                    0,
                    0,
                    1
                ]
            ]
        },
        {
            "file_path": "005.png",
            "transform_matrix": [
                [
                    0.8406910300254822,
                    -0.11347469687461853,
                    0.5294922590255737,
                    0.6353908181190491
                ],
                [
                    0.541515052318573,
                    0.17616720497608185,
                    -0.8220258951187134,
                    -0.9864311218261719
                ],
                [
                    -3.2059706001064114e-08,
                    0.97779780626297,
                    0.20955045521259308,
                    0.25146040320396423
                ],
                [
                    0,
                    0,
                    0,
                    1
                ]
            ]
        }
    ]
}