{
    "camera_angle_x": 0.8575560450553894,
    "aabb": [
        [
            -0.35,
            -0.35,
            -0.35
        ],
        [
            0.35,
            0.35,
            0.35
        ]
    ],
    "frames": [
        {
            "file_path": "000.png",
            "transform_matrix": [
                [
                    -0.6560378670692444,
                    0.3712475299835205,
                    -0.6571069359779358,
                    -0.7885283827781677
                ],
                [
                    -0.7547279000282288,
                    -0.3227023780345917,
                    0.5711820125579834,
                    0.6854184865951538
                ],
                [
                    -7.106480381935398e-08,
                    0.8706539869308472,
                    0.4918959140777588,
                    0.59027498960495
                ],
                [
                    0,
                    0,
                    0,
                    1
                ]
            ]
        },
        {
            "file_path": "001.png",
            "transform_matrix": [
                [
                    -0.5716546773910522,
                    0.15732461214065552,
                    -0.8052701950073242,
                    -0.9663242697715759
                ],
                [
                    -0.8204944729804993,
                    -0.10961125046014786,
                    0.5610475540161133,
                    0.6732569932937622
                ],
                [
                    -2.036608037769838e-08,
                    0.9814451336860657,
                    0.19174359738826752,
                    0.23009252548217773
                ],
                [
                    0,
                    0,
                    0,
                    1
                ]
            ]
        },
        {
            "file_path": "002.png",
            "transform_matrix": [
                [
                    -0.1286904513835907,
                    -0.24778760969638824,
                    0.9602292776107788,
                    1.1522750854492188
                ],
                [
                    0.9916849136352539,
                    -0.03215530142188072,
                    0.12460839748382568,
                    0.14953018724918365
                ],
                [
                    -3.2602166299966484e-08,
                    0.9682806730270386,
                    0.24986518919467926,
                    0.2998383343219757
                ],
                [
                    0,
                    0,
                    0,
                    1
                ]
            ]
        },
        {
            "file_path": "003.png",
            "transform_matrix": [
                [
                    0.9127665162086487,
                    -0.1721150130033493,
                    0.3704507648944855,
                    0.4445408582687378
                ],
                [
                    0.40848174691200256,
                    0.3845968246459961,
                    -0.8277849555015564,
                    -0.9933419227600098
                ],
                [
                    1.1619881945534871e-08,
                    0.9068967700004578,
                    0.42135292291641235,
                    0.5056236982345581
                ],
                [
                    0,
                    0,
                    0,
                    1
                ]
            ]
        },
        {
            "file_path": "004.png",
            "transform_matrix": [
                [
                    0.930757999420166,
                    -0.05135928839445114,
                    0.36201074719429016,
                    0.4344129264354706
                ],
                [
                    0.36563581228256226,
                    0.13073959946632385,
                    -0.92153000831604,
                    -1.1058361530303955
                ],
                [
                    -1.4175464357890633e-08,
                    0.9900855422019958,
                    0.14046572148799896,
                    0.16855880618095398
                ],
                [
                    0,
                    0,
                    0,
                    1
                ]
            ]
        },
        {
            "file_path": "005.png",
            "transform_matrix": [
                [
                    0.7349506616592407,
                    -0.235207661986351,
                    0.6360227465629578,
                    0.7632272839546204
                ],
                [
                    0.6781206130981445,
                    0.25491926074028015,
                    -0.6893248558044434,
                    -0.8271897435188293
                ],
                [
                    1.4741274867446919e-10,
                    0.9379198551177979,
                    0.34685221314430237,
                    0.41622278094291687
                ],
                [
                    0,
                    0,
                    0,
                    1
                ]
            ]
        }
    ]
}