{
    "camera_angle_x": 0.8575560450553894,
    "aabb": [
        [
            -0.35,
            -0.35,
            -0.35
        ],
        [
            0.35,
            0.35,
            0.35
        ]
    ],
    "frames": [
        {
            "file_path": "000.png",
            "transform_matrix": [
                [
                    0.3153025507926941,
                    -0.18520307540893555,
                    0.930743932723999,
                    1.1168925762176514
                ],
                [
                    0.9489912390708923,
                    0.06153359264135361,
                    -0.3092399537563324,
                    -0.3710878789424896
                ],
                [
                    9.537153289329581e-08,
                    0.9807719588279724,
                    0.1951577216386795,
                    0.2341894954442978
                ],
                [
                    0,
                    0,
                    0,
                    1
                ]
            ]
        },
        {
            "file_path": "001.png",
            "transform_matrix": [
                [
                    0.49170154333114624,
                    -0.13125573098659515,
                    0.8608145117759705,
                    1.0329773426055908
                ],
                [
                    0.8707638382911682,
                    0.07411719113588333,
                    -0.486083447933197,
                    -0.5833001732826233
                ],
                [
                    3.1249555831891485e-08,
                    0.9885740876197815,
                    0.1507362425327301,
                    0.18088358640670776
                ],
                [
                    0,
                    0,
                    0,
                    1
                ]
            ]
        },
        {
            "file_path": "002.png",
            "transform_matrix": [
                [
                    0.10241387039422989,
                    -0.24654634296894073,
                    0.9637044668197632,
                    1.1564453840255737
                ],
                [
                    0.9947419166564941,
                    0.025383248925209045,
                    -0.09921842813491821,
                    -0.11906225234270096
                ],
                [
                    -3.937103087992e-08,
                    0.9687985777854919,
                    0.24784953892230988,
                    0.2974194586277008
                ],
                [
                    0,
                    0,
                    0,
                    1
                ]
            ]
        },
        {
            "file_path": "003.png",
            "transform_matrix": [
                [
                    0.7093565464019775,
                    0.17772144079208374,
                    -0.6820765733718872,
                    -0.8184919357299805
                ],
                [
                    -0.7048498392105103,
                    0.17885775864124298,
                    -0.6864376068115234,
                    -0.823725163936615
                ],
                [
                    1.2151872397225816e-08,
                    0.9676905870437622,
                    0.2521408498287201,
                    0.3025689721107483
                ],
                [
                    0,
                    0,
                    0,
                    1
                ]
            ]
        },
        {
            "file_path": "004.png",
            "transform_matrix": [
                [
                    -0.5020554661750793,
                    0.3305473327636719,
                    -0.799173891544342,
                    -0.9590086936950684
                ],
                [
                    -0.8648355007171631,
                    -0.19188980758190155,
                    0.4639374315738678,
                    0.5567249655723572
                ],
                [
                    -9.922569432774253e-09,
                    0.9240761995315552,
                    0.38220831751823425,
                    0.45864996314048767
                ],
                [
                    0,
                    0,
                    0,
                    1
                ]
            ]
        },
        {
            "file_path": "005.png",
            "transform_matrix": [
                [
                    -0.9247129559516907,
                    0.1557508260011673,
                    -0.3473442792892456,
                    -0.41681307554244995
                ],
                [
                    -0.38066568970680237,
                    -0.3783498704433441,
                    0.8437685370445251,
                    1.0125221014022827
                ],
                [
                    2.042745705921334e-08,
                    0.912465512752533,
                    0.4091537594795227,
                    0.490984708070755
                ],
                [
                    0,
                    0,
                    0,
                    1
                ]
            ]
        }
    ]
}