{
    "camera_angle_x": 0.8575560450553894,
    "aabb": [
        [
            -0.35,
            -0.35,
            -0.35
        ],
        [
            0.35,
            0.35,
            0.35
        ]
    ],
    "frames": [
        {
            "file_path": "000.png",
            "transform_matrix": [
                [
                    0.5395233035087585,
                    -0.39684173464775085,
                    0.7425841689109802,
                    0.891101062297821
                ],
                [
                    0.841970682144165,
                    0.2542906701564789,
                    -0.4758378863334656,
                    -0.5710054636001587
                ],
                [
                    4.953342980229536e-08,
                    0.8819597363471985,
                    0.4713248312473297,
                    0.5655898451805115
                ],
                [
                    0,
                    0,
                    0,
                    1
                ]
            ]
        },
        {
            "file_path": "001.png",
            "transform_matrix": [
                [
                    0.7221193909645081,
                    -0.08651497215032578,
                    0.6863372325897217,
                    0.8236047029495239
                ],
                [
                    0.6917685270309448,
                    0.09031064808368683,
                    -0.7164498567581177,
                    -0.8597398400306702
                ],
                [
                    3.58378571263529e-08,
                    0.9921488165855408,
                    0.12506338953971863,
                    0.1500762552022934
                ],
                [
                    0,
                    0,
                    0,
                    1
                ]
            ]
        },
        {
            "file_path": "002.png",
            "transform_matrix": [
                [
                    0.4558263123035431,
                    0.19611914455890656,
                    -0.8681933879852295,
                    -1.0418320894241333
                ],
                [
                    -0.890068769454956,
                    0.10043736547231674,
                    -0.4446234405040741,
                    -0.5335480570793152
                ],
                [
                    -5.888483656235621e-08,
                    0.9754228591918945,
                    0.2203414887189865,
                    0.2644098997116089
                ],
                [
                    0,
                    0,
                    0,
                    1
                ]
            ]
        },
        {
            "file_path": "003.png",
            "transform_matrix": [
                [
                    -0.9354689717292786,
                    -0.11583973467350006,
                    0.3338850736618042,
                    0.4006620943546295
                ],
                [
                    0.3534092605113983,
                    -0.3066260814666748,
                    0.8837887644767761,
                    1.0605463981628418
                ],
                [
                    -7.149952629958989e-09,
                    0.9447548985481262,
                    0.32777780294418335,
                    0.39333346486091614
                ],
                [
                    0,
                    0,
                    0,
                    1
                ]
            ]
        },
        {
            "file_path": "004.png",
            "transform_matrix": [
                [
                    -0.9897444844245911,
                    0.03619518503546715,
                    -0.1381879299879074,
                    -0.16582554578781128
                ],
                [
                    -0.14284956455230713,
                    -0.25078126788139343,
                    0.9574459791183472,
                    1.1489351987838745
                ],
                [
                    -7.159820736291067e-09,
                    0.9673669338226318,
                    0.253379762172699,
                    0.30405572056770325
                ],
                [
                    0,
                    0,
                    0,
                    1
                ]
            ]
        },
        {
            "file_path": "005.png",
            "transform_matrix": [
                [
                    -0.5640925765037537,
                    -0.19242148101329803,
                    0.8029780983924866,
                    0.9635736346244812
                ],
                [
                    0.825711727142334,
                    -0.1314544975757599,
                    0.5485618114471436,
                    0.6582741737365723
                ],
                [
                    -6.124742668589533e-08,
                    0.9724679589271545,
                    0.23303700983524323,
                    0.27964454889297485
                ],
                [
                    0,
                    0,
                    0,
                    1
                ]
            ]
        }
    ]
}