{
    "camera_angle_x": 0.8575560450553894,
    "aabb": [
        [
            -0.35,
            -0.35,
            -0.35
        ],
        [
            0.35,
            0.35,
            0.35
        ]
    ],
    "frames": [
        {
            "file_path": "000.png",
            "transform_matrix": [
                [
                    -0.4996843934059143,
                    -0.25864169001579285,
                    0.8266922831535339,
                    0.992030680179596
                ],
                [
                    0.8662076592445374,
                    -0.1492011547088623,
                    0.47688937187194824,
                    0.5722672939300537
                ],
                [
                    -6.536565422265994e-08,
                    0.9543812870979309,
                    0.2985907793045044,
                    0.3583090305328369
                ],
                [
                    0,
                    0,
                    0,
                    1
                ]
            ]
        },
        {
            "file_path": "001.png",
            "transform_matrix": [
                [
                    -0.6625784635543823,
                    -0.20873871445655823,
                    0.7193177342414856,
                    0.8631812930107117
                ],
                [
                    0.7489925622940063,
                    -0.18465577065944672,
                    0.63632732629776,
                    0.7635927796363831
                ],
                [
                    1.7099797133823813e-08,
                    0.9603803157806396,
                    0.27869266271591187,
                    0.3344312012195587
                ],
                [
                    0,
                    0,
                    0,
                    1
                ]
            ]
        },
        {
            "file_path": "002.png",
            "transform_matrix": [
                [
                    -0.8861438035964966,
                    -0.08418750762939453,
                    0.455699622631073,
                    0.5468394756317139
                ],
                [
                    0.4634109437465668,
                    -0.16098520159721375,
                    0.8713979721069336,
                    1.0456774234771729
                ],
                [
                    1.0057009447450582e-08,
                    0.9833598136901855,
                    0.18166914582252502,
                    0.21800298988819122
                ],
                [
                    0,
                    0,
                    0,
                    1
                ]
            ]
        },
        {
            "file_path": "003.png",
            "transform_matrix": [
                [
                    -0.999407172203064,
                    0.010284346528351307,
                    -0.032856304198503494,
                    -0.03942757099866867
                ],
                [
                    -0.03442825376987457,
                    -0.2985410988330841,
                    0.9537756443023682,
                    1.1445307731628418
                ],
                [
                    2.264891163505922e-09,
                    0.9543414115905762,
                    0.2987181544303894,
                    0.35846182703971863
                ],
                [
                    0,
                    0,
                    0,
                    1
                ]
            ]
        },
        {
            "file_path": "004.png",
            "transform_matrix": [
                [
                    -0.7502874732017517,
                    0.16404332220554352,
                    -0.6404365301132202,
                    -0.7685238122940063
                ],
                [
                    -0.6611120700836182,
                    -0.186170756816864,
                    0.7268229126930237,
                    0.8721874356269836
                ],
                [
                    -2.5844890672033216e-08,
                    0.9687262773513794,
                    0.24813231825828552,
                    0.2977588176727295
                ],
                [
                    0,
                    0,
                    0,
                    1
                ]
            ]
        },
        {
            "file_path": "005.png",
            "transform_matrix": [
                [
                    -0.5285452008247375,
                    0.0015637623146176338,
                    -0.8489038348197937,
                    -1.0186846256256104
                ],
                [
                    -0.8489053249359131,
                    -0.0009737450745888054,
                    0.5285442471504211,
                    0.6342530250549316
                ],
                [
                    -2.2705357594077213e-08,
                    0.9999983906745911,
                    0.0018420179840177298,
                    0.00221057771705091
                ],
                [
                    0,
                    0,
                    0,
                    1
                ]
            ]
        }
    ]
}