{
    "camera_angle_x": 0.8575560450553894,
    "aabb": [
        [
            -0.35,
            -0.35,
            -0.35
        ],
        [
            0.35,
            0.35,
            0.35
        ]
    ],
    "frames": [
        {
            "file_path": "000.png",
            "transform_matrix": [
                [
                    0.8975345492362976,
                    -0.031829096376895905,
                    0.4397938549518585,
                    0.527752697467804
                ],
                [
                    0.4409441351890564,
                    0.06478774547576904,
                    -0.8951931595802307,
                    -1.0742318630218506
                ],
                [
                    -5.080719844841042e-08,
                    0.9973912835121155,
                    0.07218410074710846,
                    0.0866207629442215
                ],
                [
                    0,
                    0,
                    0,
                    1
                ]
            ]
        },
        {
            "file_path": "001.png",
            "transform_matrix": [
                [
                    0.9832137823104858,
                    -0.02165212854743004,
                    0.18116801977157593,
                    0.21740160882472992
                ],
                [
                    0.18245729804039001,
                    0.11667744070291519,
                    -0.9762663841247559,
                    -1.1715195178985596
                ],
                [
                    -8.657043970572431e-09,
                    0.992933988571167,
                    0.11866945773363113,
                    0.1424034684896469
                ],
                [
                    0,
                    0,
                    0,
                    1
                ]
            ]
        },
        {
            "file_path": "002.png",
            "transform_matrix": [
                [
                    -0.9718860983848572,
                    0.074461929500103,
                    -0.22336788475513458,
                    -0.2680414319038391
                ],
                [
                    -0.2354523092508316,
                    -0.3073594868183136,
                    0.9220046401023865,
                    1.10640549659729
                ],
                [
                    2.91227930659943e-08,
                    0.948675811290741,
                    0.31625041365623474,
                    0.37950077652931213
                ],
                [
                    0,
                    0,
                    0,
                    1
                ]
            ]
        },
        {
            "file_path": "003.png",
            "transform_matrix": [
                [
                    -0.08846987783908844,
                    0.12118835747241974,
                    -0.9886791706085205,
                    -1.1864150762557983
                ],
                [
                    -0.9960789084434509,
                    -0.010763830505311489,
                    0.08781261742115021,
                    0.10537503659725189
                ],
                [
                    -8.268273177236551e-08,
                    0.9925711750984192,
                    0.12166540324687958,
                    0.14599856734275818
                ],
                [
                    0,
                    0,
                    0,
                    1
                ]
            ]
        },
        {
            "file_path": "004.png",
            "transform_matrix": [
                [
                    -0.7148212790489197,
                    0.019795263186097145,
                    -0.6990271210670471,
                    -0.8388324975967407
                ],
                [
                    -0.6993073225021362,
                    -0.02023441717028618,
                    0.7145347595214844,
                    0.8574417233467102
                ],
                [
                    3.5727367730942206e-08,
                    0.9995993375778198,
                    0.02830686792731285,
                    0.03396831080317497
                ],
                [
                    0,
                    0,
                    0,
                    1
                ]
            ]
        },
        {
            "file_path": "005.png",
            "transform_matrix": [
                [
                    0.4331778883934021,
                    -0.3580167591571808,
                    0.8271523714065552,
                    0.9925827980041504
                ],
                [
                    0.9013084769248962,
                    0.17206639051437378,
                    -0.3975377678871155,
                    -0.4770452678203583
                ],
                [
                    5.297274285886999e-10,
                    0.9177239537239075,
                    0.39721882343292236,
                    0.4766627252101898
                ],
                [
                    0,
                    0,
                    0,
                    1
                ]
            ]
        }
    ]
}