{
    "camera_angle_x": 0.8575560450553894,
    "aabb": [
        [
            -0.35,
            -0.35,
            -0.35
        ],
        [
            0.35,
            0.35,
            0.35
        ]
    ],
    "frames": [
        {
            "file_path": "000.png",
            "transform_matrix": [
                [
                    0.9829422235488892,
                    0.0823928564786911,
                    -0.16442617774009705,
                    -0.1973114162683487
                ],
                [
                    -0.18391452729701996,
                    0.44035354256629944,
                    -0.8787856698036194,
                    -1.0545427799224854
                ],
                [
                    -8.307859289402586e-09,
                    0.8940359354019165,
                    0.4479953348636627,
                    0.5375944375991821
                ],
                [
                    0,
                    0,
                    0,
                    1
                ]
            ]
        },
        {
            "file_path": "001.png",
            "transform_matrix": [
                [
                    -0.7205220460891724,
                    -0.07593191415071487,
                    0.6892620921134949,
                    0.8271145224571228
                ],
                [
                    0.6934319138526917,
                    -0.0788983404636383,
                    0.7161892652511597,
                    0.8594272136688232
                ],
                [
                    4.2140946732160955e-08,
                    0.9939865469932556,
                    0.10950169712305069,
                    0.13140185177326202
                ],
                [
                    0,
                    0,
                    0,
                    1
                ]
            ]
        },
        {
            "file_path": "002.png",
            "transform_matrix": [
                [
                    0.9869666695594788,
                    0.031453635543584824,
                    -0.15782086551189423,
                    -0.18938499689102173
                ],
                [
                    -0.16092470288276672,
                    0.19290794432163239,
                    -0.9679308533668518,
                    -1.161516785621643
                ],
                [
                    -5.8279758796686565e-09,
                    0.9807127714157104,
                    0.1954553723335266,
                    0.23454676568508148
                ],
                [
                    0,
                    0,
                    0,
                    1
                ]
            ]
        },
        {
            "file_path": "003.png",
            "transform_matrix": [
                [
                    -0.08071795105934143,
                    -0.14687493443489075,
                    0.9858561754226685,
                    1.1830275058746338
                ],
                [
                    0.996737003326416,
                    -0.011894322000443935,
                    0.07983675599098206,
                    0.09580407291650772
                ],
                [
                    4.0012785973431164e-08,
                    0.9890835881233215,
                    0.14735573530197144,
                    0.17682693898677826
                ],
                [
                    0,
                    0,
                    0,
                    1
                ]
            ]
        },
        {
            "file_path": "004.png",
            "transform_matrix": [
                [
                    -0.6881601810455322,
                    0.03231847658753395,
                    -0.7248387932777405,
                    -0.8698065280914307
                ],
                [
                    -0.7255589365959167,
                    -0.030652625486254692,
                    0.6874771118164062,
                    0.8249725699424744
                ],
                [
                    3.4631703726972773e-08,
                    0.999007523059845,
                    0.044542793184518814,
                    0.053451526910066605
                ],
                [
                    0,
                    0,
                    0,
                    1
                ]
            ]
        },
        {
            "file_path": "005.png",
            "transform_matrix": [
                [
                    0.7434877157211304,
                    -0.277224063873291,
                    0.6085826754570007,
                    0.730299174785614
                ],
                [
                    0.6687496304512024,
                    0.3082059919834137,
                    -0.6765967011451721,
                    -0.8119159936904907
                ],
                [
                    2.2792203679955492e-08,
                    0.910030722618103,
                    0.4145408570766449,
                    0.49744912981987
                ],
                [
                    0,
                    0,
                    0,
                    1
                ]
            ]
        }
    ]
}