{
    "camera_angle_x": 0.8575560450553894,
    "aabb": [
        [
            -0.35,
            -0.35,
            -0.35
        ],
        [
            0.35,
            0.35,
            0.35
        ]
    ],
    "frames": [
        {
            "file_path": "000.png",
            "transform_matrix": [
                [
                    -0.7474871873855591,
                    0.27237918972969055,
                    -0.605865478515625,
                    -0.7270385026931763
                ],
                [
                    -0.6642765998840332,
                    -0.30649882555007935,
                    0.6817590594291687,
                    0.8181107640266418
                ],
                [
                    1.8228696774258424e-08,
                    0.9120681881904602,
                    0.4100387394428253,
                    0.4920465648174286
                ],
                [
                    0,
                    0,
                    0,
                    1
                ]
            ]
        },
        {
            "file_path": "001.png",
            "transform_matrix": [
                [
                    0.3583027720451355,
                    0.04294691979885101,
                    -0.9326171875,
                    -1.1191405057907104
                ],
                [
                    -0.9336055517196655,
                    0.016482185572385788,
                    -0.35792359709739685,
                    -0.42950841784477234
                ],
                [
                    -2.2181197323334345e-08,
                    0.9989415407180786,
                    0.04600100591778755,
                    0.055201511830091476
                ],
                [
                    0,
                    0,
                    0,
                    1
                ]
            ]
        },
        {
            "file_path": "002.png",
            "transform_matrix": [
                [
                    -0.9405027031898499,
                    -0.1647818386554718,
                    0.29715579748153687,
                    0.3565869629383087
                ],
                [
                    0.3397861421108246,
                    -0.4561038613319397,
                    0.8225051164627075,
                    0.9870061278343201
                ],
                [
                    8.399494433319887e-09,
                    0.8745377063751221,
                    0.4849575161933899,
                    0.5819490551948547
                ],
                [
                    0,
                    0,
                    0,
                    1
                ]
            ]
        },
        {
            "file_path": "003.png",
            "transform_matrix": [
                [
                    -0.5108373761177063,
                    -0.0978923961520195,
                    0.8540856838226318,
                    1.0249028205871582
                ],
                [
                    0.8596774339675903,
                    -0.05816963315010071,
                    0.5075146555900574,
                    0.6090176105499268
                ],
                [
                    -1.4109886592450493e-08,
                    0.9934955835342407,
                    0.1138710305094719,
                    0.1366453617811203
                ],
                [
                    0,
                    0,
                    0,
                    1
                ]
            ]
        },
        {
            "file_path": "004.png",
            "transform_matrix": [
                [
                    0.9859859347343445,
                    -0.027559002861380577,
                    0.16453638672828674,
                    0.19744370877742767
                ],
                [
                    0.16682842373847961,
                    0.1628788262605667,
                    -0.9724395871162415,
                    -1.1669275760650635
                ],
                [
                    -3.097103373761456e-08,
                    0.9862611293792725,
                    0.1651938557624817,
                    0.19823244214057922
                ],
                [
                    0,
                    0,
                    0,
                    1
                ]
            ]
        },
        {
            "file_path": "005.png",
            "transform_matrix": [
                [
                    -0.9892406463623047,
                    -0.014276606030762196,
                    0.14559993147850037,
                    0.174719899892807
                ],
                [
                    0.14629818499088287,
                    -0.09653571248054504,
                    0.9845190644264221,
                    1.1814228296279907
                ],
                [
                    -3.3697711288027676e-09,
                    0.9952271580696106,
                    0.09758560359477997,
                    0.11710283905267715
                ],
                [
                    0,
                    0,
                    0,
                    1
                ]
            ]
        }
    ]
}