{
    "camera_angle_x": 0.8575560450553894,
    "aabb": [
        [
            -0.35,
            -0.35,
            -0.35
        ],
        [
            0.35,
            0.35,
            0.35
        ]
    ],
    "frames": [
        {
            "file_path": "000.png",
            "transform_matrix": [
                [
                    -0.8852214813232422,
                    0.16524174809455872,
                    -0.43483105301856995,
                    -0.521797239780426
                ],
                [
                    -0.465169757604599,
                    -0.31445619463920593,
                    0.8274867534637451,
                    0.9929841160774231
                ],
                [
                    3.2586203957407633e-08,
                    0.9347793459892273,
                    0.35522887110710144,
                    0.42627477645874023
                ],
                [
                    0,
                    0,
                    0,
                    1
                ]
            ]
        },
        {
            "file_path": "001.png",
            "transform_matrix": [
                [
                    -0.18540778756141663,
                    0.23132003843784332,
                    -0.9550471305847168,
                    -1.1460566520690918
                ],
                [
                    -0.9826616644859314,
                    -0.04364537447690964,
                    0.18019746243953705,
                    0.21623696386814117
                ],
                [
                    -9.712288573382466e-08,
                    0.9718981981277466,
                    0.23540151119232178,
                    0.2824818789958954
                ],
                [
                    0,
                    0,
                    0,
                    1
                ]
            ]
        },
        {
            "file_path": "002.png",
            "transform_matrix": [
                [
                    -0.7978967428207397,
                    0.2271464616060257,
                    -0.5583593249320984,
                    -0.6700311899185181
                ],
                [
                    -0.6027940511703491,
                    -0.30066558718681335,
                    0.7390801310539246,
                    0.8868962526321411
                ],
                [
                    -3.4661873371533147e-09,
                    0.9262853860855103,
                    0.37682271003723145,
                    0.45218726992607117
                ],
                [
                    0,
                    0,
                    0,
                    1
                ]
            ]
        },
        {
            "file_path": "003.png",
            "transform_matrix": [
                [
                    0.4501740634441376,
                    0.3262743055820465,
                    -0.8311969637870789,
                    -0.9974363446235657
                ],
                [
                    -0.8929408192634583,
                    0.16449037194252014,
                    -0.4190460741519928,
                    -0.5028553605079651
                ],
                [
                    -6.205401348324813e-08,
                    0.9308533668518066,
                    0.3653929531574249,
                    0.4384717345237732
                ],
                [
                    0,
                    0,
                    0,
                    1
                ]
            ]
        },
        {
            "file_path": "004.png",
            "transform_matrix": [
                [
                    0.9891600012779236,
                    -0.016729280352592468,
                    0.14588575065135956,
                    0.17506290972232819
                ],
                [
                    0.14684182405471802,
                    0.11269212514162064,
                    -0.9827197194099426,
                    -1.1792635917663574
                ],
                [
                    5.8861058249704e-09,
                    0.9934892058372498,
                    0.11392710357904434,
                    0.1367126703262329
                ],
                [
                    0,
                    0,
                    0,
                    1
                ]
            ]
        },
        {
            "file_path": "005.png",
            "transform_matrix": [
                [
                    0.9996921420097351,
                    0.00218767486512661,
                    -0.02471582219004631,
                    -0.029658982530236244
                ],
                [
                    -0.024812452495098114,
                    0.08814112842082977,
                    -0.9957989454269409,
                    -1.1949586868286133
                ],
                [
                    -2.7681650305311223e-09,
                    0.9961056113243103,
                    0.08816827088594437,
                    0.1058020368218422
                ],
                [
                    0,
                    0,
                    0,
                    1
                ]
            ]
        }
    ]
}