{
    "camera_angle_x": 0.8575560450553894,
    "aabb": [
        [
            -0.35,
            -0.35,
            -0.35
        ],
        [
            0.35,
            0.35,
            0.35
        ]
    ],
    "frames": [
        {
            "file_path": "000.png",
            "transform_matrix": [
                [
                    -0.42136046290397644,
                    -0.32205989956855774,
                    0.8477814197540283,
                    1.0173375606536865
                ],
                [
                    0.9068935513496399,
                    -0.14963550865650177,
                    0.39389559626579285,
                    0.4726746678352356
                ],
                [
                    6.149362974383621e-08,
                    0.9348192811012268,
                    0.35512417554855347,
                    0.42614924907684326
                ],
                [
                    0,
                    0,
                    0,
                    1
                ]
            ]
        },
        {
            "file_path": "001.png",
            "transform_matrix": [
                [
                    -0.4839862883090973,
                    0.420565128326416,
                    -0.7673867344856262,
                    -0.9208640456199646
                ],
                [
                    -0.8750756978988647,
                    -0.23260590434074402,
                    0.42442572116851807,
                    0.5093108415603638
                ],
                [
                    2.8397762363852053e-08,
                    0.8769376277923584,
                    0.48060426115989685,
                    0.5767253041267395
                ],
                [
                    0,
                    0,
                    0,
                    1
                ]
            ]
        },
        {
            "file_path": "002.png",
            "transform_matrix": [
                [
                    -0.271612286567688,
                    -0.23344571888446808,
                    0.9336647987365723,
                    1.1203978061676025
                ],
                [
                    0.9624068140983582,
                    -0.0658835843205452,
                    0.2635005712509155,
                    0.31620070338249207
                ],
                [
                    5.1189161354159296e-08,
                    0.9701353311538696,
                    0.24256445467472076,
                    0.2910774052143097
                ],
                [
                    0,
                    0,
                    0,
                    1
                ]
            ]
        },
        {
            "file_path": "003.png",
            "transform_matrix": [
                [
                    0.8534625172615051,
                    -0.06452062726020813,
                    0.5171449184417725,
                    0.6205739378929138
                ],
                [
                    0.5211542844772339,
                    0.10566142201423645,
                    -0.8468966484069824,
                    -1.0162760019302368
                ],
                [
                    5.560027105389054e-09,
                    0.9923068284988403,
                    0.12380325049161911,
                    0.14856398105621338
                ],
                [
                    0,
                    0,
                    0,
                    1
                ]
            ]
        },
        {
            "file_path": "004.png",
            "transform_matrix": [
                [
                    0.6215431094169617,
                    -0.2956216037273407,
                    0.7254598736763,
                    0.8705518245697021
                ],
                [
                    0.7833799719810486,
                    0.23454976081848145,
                    -0.5755886435508728,
                    -0.6907063722610474
                ],
                [
                    -2.7657170775796658e-08,
                    0.9260638952255249,
                    0.3773668110370636,
                    0.4528401792049408
                ],
                [
                    0,
                    0,
                    0,
                    1
                ]
            ]
        },
        {
            "file_path": "005.png",
            "transform_matrix": [
                [
                    0.9284087419509888,
                    0.16574054956436157,
                    -0.3325466513633728,
                    -0.39905598759651184
                ],
                [
                    -0.3715604841709137,
                    0.4141317307949066,
                    -0.8309258222579956,
                    -0.9971110224723816
                ],
                [
                    1.988911080275102e-08,
                    0.8950000405311584,
                    0.44606614112854004,
                    0.535279393196106
                ],
                [
                    0,
                    0,
                    0,
                    1
                ]
            ]
        }
    ]
}