{
    "camera_angle_x": 0.8575560450553894,
    "aabb": [
        [
            -0.35,
            -0.35,
            -0.35
        ],
        [
            0.35,
            0.35,
            0.35
        ]
    ],
    "frames": [
        {
            "file_path": "000.png",
            "transform_matrix": [
                [
                    0.9311349987983704,
                    0.12883053719997406,
                    -0.34116029739379883,
                    -0.40939220786094666
                ],
                [
                    -0.36467471718788147,
                    0.3289467394351959,
                    -0.8710951805114746,
                    -1.0453139543533325
                ],
                [
                    7.478746510969358e-10,
                    0.9355196952819824,
                    0.35327503085136414,
                    0.4239303767681122
                ],
                [
                    0,
                    0,
                    0,
                    1
                ]
            ]
        },
        {
            "file_path": "001.png",
            "transform_matrix": [
                [
                    -0.8250176310539246,
                    0.10104719549417496,
                    -0.5559995770454407,
                    -0.667199432849884
                ],
                [
                    -0.5651071071624756,
                    -0.14752204716205597,
                    0.8117212057113647,
                    0.9740654230117798
                ],
                [
                    -1.9543278995115543e-08,
                    0.9838835597038269,
                    0.17881068587303162,
                    0.21457292139530182
                ],
                [
                    0,
                    0,
                    0,
                    1
                ]
            ]
        },
        {
            "file_path": "002.png",
            "transform_matrix": [
                [
                    -0.28456130623817444,
                    0.44997143745422363,
                    -0.8464931845664978,
                    -1.0157917737960815
                ],
                [
                    -0.9586579203605652,
                    -0.13356636464595795,
                    0.25126710534095764,
                    0.30152052640914917
                ],
                [
                    4.411887744026899e-08,
                    0.8829982280731201,
                    0.4693763852119446,
                    0.5632518529891968
                ],
                [
                    0,
                    0,
                    0,
                    1
                ]
            ]
        },
        {
            "file_path": "003.png",
            "transform_matrix": [
                [
                    -0.29879942536354065,
                    0.4184010922908783,
                    -0.8577061295509338,
                    -1.0292471647262573
                ],
                [
                    -0.9543161392211914,
                    -0.1310027688741684,
                    0.26855039596557617,
                    0.3222604990005493
                ],
                [
                    1.960118822807999e-08,
                    0.8987653255462646,
                    0.43843019008636475,
                    0.5261164307594299
                ],
                [
                    0,
                    0,
                    0,
                    1
                ]
            ]
        },
        {
            "file_path": "004.png",
            "transform_matrix": [
                [
                    -0.9833341836929321,
                    0.06761210411787033,
                    -0.16876760125160217,
                    -0.20252111554145813
                ],
                [
                    -0.18180730938911438,
                    -0.36569100618362427,
                    0.9128068089485168,
                    1.0953681468963623
                ],
                [
                    -2.358141681924053e-09,
                    0.928277313709259,
                    0.37188878655433655,
                    0.44626662135124207
                ],
                [
                    0,
                    0,
                    0,
                    1
                ]
            ]
        },
        {
            "file_path": "005.png",
            "transform_matrix": [
                [
                    0.9993202686309814,
                    0.0037306933663785458,
                    -0.036674924194812775,
                    -0.04400990530848503
                ],
                [
                    -0.03686418756842613,
                    0.10113213956356049,
                    -0.9941898584365845,
                    -1.1930277347564697
                ],
                [
                    -1.7293277920771288e-10,
                    0.9948660731315613,
                    0.10120092332363129,
                    0.12144136428833008
                ],
                [
                    0,
                    0,
                    0,
                    1
                ]
            ]
        }
    ]
}