{
    "camera_angle_x": 0.8575560450553894,
    "aabb": [
        [
            -0.35,
            -0.35,
            -0.35
        ],
        [
            0.35,
            0.35,
            0.35
        ]
    ],
    "frames": [
        {
            "file_path": "000.png",
            "transform_matrix": [
                [
                    0.9978717565536499,
                    0.0221361443400383,
                    -0.06133430451154709,
                    -0.07360116392374039
                ],
                [
                    -0.06520663946866989,
                    0.3387542963027954,
                    -0.9386126399040222,
                    -1.1263351440429688
                ],
                [
                    -2.310871494159983e-09,
                    0.9406144618988037,
                    0.3394767940044403,
                    0.40737226605415344
                ],
                [
                    0,
                    0,
                    0,
                    1
                ]
            ]
        },
        {
            "file_path": "001.png",
            "transform_matrix": [
                [
                    -0.48832982778549194,
                    -0.3180573582649231,
                    0.812633752822876,
                    0.9751604795455933
                ],
                [
                    0.8726592063903809,
                    -0.1779811829328537,
                    0.4547402560710907,
                    0.545688271522522
                ],
                [
                    9.046537741141947e-09,
                    0.9312155246734619,
                    0.36446911096572876,
                    0.4373630881309509
                ],
                [
                    0,
                    0,
                    0,
                    1
                ]
            ]
        },
        {
            "file_path": "002.png",
            "transform_matrix": [
                [
                    -0.9477434754371643,
                    0.0525549054145813,
                    -0.314674973487854,
                    -0.3776099383831024
                ],
                [
                    -0.3190334737300873,
                    -0.1561233401298523,
                    0.9347957968711853,
                    1.1217550039291382
                ],
                [
                    4.7963908400561195e-09,
                    0.9863384366035461,
                    0.16473160684108734,
                    0.19767795503139496
                ],
                [
                    0,
                    0,
                    0,
                    1
                ]
            ]
        },
        {
            "file_path": "003.png",
            "transform_matrix": [
                [
                    0.3056015372276306,
                    -0.36965978145599365,
                    0.8774733543395996,
                    1.05296790599823
                ],
                [
                    0.9521595239639282,
                    0.11864457279443741,
                    -0.28163060545921326,
                    -0.3379567265510559
                ],
                [
                    6.338325420074398e-10,
                    0.9215613007545471,
                    0.3882329761981964,
                    0.46587973833084106
                ],
                [
                    0,
                    0,
                    0,
                    1
                ]
            ]
        },
        {
            "file_path": "004.png",
            "transform_matrix": [
                [
                    0.442197322845459,
                    0.37618714570999146,
                    -0.8142142295837402,
                    -0.9770570397377014
                ],
                [
                    -0.8969178199768066,
                    0.18546731770038605,
                    -0.4014229476451874,
                    -0.48170751333236694
                ],
                [
                    3.3840290569742137e-09,
                    0.9077913761138916,
                    0.41942209005355835,
                    0.50330650806427
                ],
                [
                    0,
                    0,
                    0,
                    1
                ]
            ]
        },
        {
            "file_path": "005.png",
            "transform_matrix": [
                [
                    0.9917970299720764,
                    -0.03922910615801811,
                    0.12165419012308121,
                    0.14598502218723297
                ],
                [
                    0.12782278656959534,
                    0.3043847382068634,
                    -0.9439339637756348,
                    -1.132720708847046
                ],
                [
                    4.9785402467250606e-09,
                    0.9517410397529602,
                    0.3069022595882416,
                    0.3682827949523926
                ],
                [
                    0,
                    0,
                    0,
                    1
                ]
            ]
        }
    ]
}