{
    "camera_angle_x": 0.8575560450553894,
    "aabb": [
        [
            -0.35,
            -0.35,
            -0.35
        ],
        [
            0.35,
            0.35,
            0.35
        ]
    ],
    "frames": [
        {
            "file_path": "000.png",
            "transform_matrix": [
                [
                    0.4808976650238037,
                    0.35086438059806824,
                    -0.8035120964050293,
                    -0.964214563369751
                ],
                [
                    -0.8767767548561096,
                    0.1924433559179306,
                    -0.44071322679519653,
                    -0.5288558006286621
                ],
                [
                    1.2312881381149055e-08,
                    0.916438639163971,
                    0.4001752734184265,
                    0.4802103042602539
                ],
                [
                    0,
                    0,
                    0,
                    1
                ]
            ]
        },
        {
            "file_path": "001.png",
            "transform_matrix": [
                [
                    0.9877519607543945,
                    -0.06107088550925255,
                    0.14358405768871307,
                    0.17230087518692017
                ],
                [
                    0.15603215992450714,
                    0.386605441570282,
                    -0.9089500904083252,
                    -1.0907400846481323
                ],
                [
                    -4.7692058635639967e-11,
                    0.9202209711074829,
                    0.3913992941379547,
                    0.46967923641204834
                ],
                [
                    0,
                    0,
                    0,
                    1
                ]
            ]
        },
        {
            "file_path": "002.png",
            "transform_matrix": [
                [
                    0.9885070323944092,
                    -0.012272093445062637,
                    0.15067608654499054,
                    0.1808113157749176
                ],
                [
                    0.15117502212524414,
                    0.0802449956536293,
                    -0.985244631767273,
                    -1.1822935342788696
                ],
                [
                    6.013061160103916e-09,
                    0.9966996908187866,
                    0.0811779722571373,
                    0.09741360694169998
                ],
                [
                    0,
                    0,
                    0,
                    1
                ]
            ]
        },
        {
            "file_path": "003.png",
            "transform_matrix": [
                [
                    0.03809517249464989,
                    -0.06917451322078705,
                    0.9968770742416382,
                    1.1962523460388184
                ],
                [
                    0.9992742538452148,
                    0.0026371455751359463,
                    -0.03800393268465996,
                    -0.04560469835996628
                ],
                [
                    -1.652059609114076e-07,
                    0.9976012706756592,
                    0.06922461092472076,
                    0.08306965231895447
                ],
                [
                    0,
                    0,
                    0,
                    1
                ]
            ]
        },
        {
            "file_path": "004.png",
            "transform_matrix": [
                [
                    0.5751832723617554,
                    0.18453997373580933,
                    -0.7969374060630798,
                    -0.9563249349594116
                ],
                [
                    -0.8180246353149414,
                    0.12975682318210602,
                    -0.5603561401367188,
                    -0.6724274158477783
                ],
                [
                    -7.522700684603478e-09,
                    0.9742218852043152,
                    0.22559216618537903,
                    0.2707105278968811
                ],
                [
                    0,
                    0,
                    0,
                    1
                ]
            ]
        },
        {
            "file_path": "005.png",
            "transform_matrix": [
                [
                    0.9261021614074707,
                    0.1324940174818039,
                    -0.35324233770370483,
                    -0.4238908290863037
                ],
                [
                    -0.3772728741168976,
                    0.3252366781234741,
                    -0.8671138286590576,
                    -1.0405365228652954
                ],
                [
                    -4.183405621915881e-09,
                    0.9363047480583191,
                    0.3511887788772583,
                    0.4214266240596771
                ],
                [
                    0,
                    0,
                    0,
                    1
                ]
            ]
        }
    ]
}