{
    "camera_angle_x": 0.8575560450553894,
    "aabb": [
        [
            -0.35,
            -0.35,
            -0.35
        ],
        [
            0.35,
            0.35,
            0.35
        ]
    ],
    "frames": [
        {
            "file_path": "000.png",
            "transform_matrix": [
                [
                    -0.9649242162704468,
                    0.09196396917104721,
                    -0.24589402973651886,
                    -0.29507285356521606
                ],
                [
                    -0.26252856850624084,
                    -0.33801379799842834,
                    0.9037839770317078,
                    1.084540843963623
                ],
                [
                    -1.2001510008019523e-08,
                    0.9366372227668762,
                    0.3503008484840393,
                    0.4203610122203827
                ],
                [
                    0,
                    0,
                    0,
                    1
                ]
            ]
        },
        {
            "file_path": "001.png",
            "transform_matrix": [
                [
                    0.9673030376434326,
                    -0.07546175271272659,
                    0.24213699996471405,
                    0.2905644178390503
                ],
                [
                    0.253623366355896,
                    0.28780627250671387,
                    -0.9234948754310608,
                    -1.1081938743591309
                ],
                [
                    -1.0233682345983652e-08,
                    0.9547110199928284,
                    0.2975347340106964,
                    0.35704171657562256
                ],
                [
                    0,
                    0,
                    0,
                    1
                ]
            ]
        },
        {
            "file_path": "002.png",
            "transform_matrix": [
                [
                    0.2953517735004425,
                    0.2703160047531128,
                    -0.9163495898246765,
                    -1.0996195077896118
                ],
                [
                    -0.955388605594635,
                    0.0835663229227066,
                    -0.28328314423561096,
                    -0.33993977308273315
                ],
                [
                    1.0661501903541648e-08,
                    0.9591380953788757,
                    0.28293827176094055,
                    0.3395259380340576
                ],
                [
                    0,
                    0,
                    0,
                    1
                ]
            ]
        },
        {
            "file_path": "003.png",
            "transform_matrix": [
                [
                    -0.7543615698814392,
                    0.09995429962873459,
                    -0.6488049626350403,
                    -0.7785660028457642
                ],
                [
                    -0.6564592719078064,
                    -0.11486118286848068,
                    0.7455657124519348,
                    0.8946788311004639
                ],
                [
                    1.7531665008618802e-08,
                    0.9883400797843933,
                    0.15226270258426666,
                    0.1827152967453003
                ],
                [
                    0,
                    0,
                    0,
                    1
                ]
            ]
        },
        {
            "file_path": "004.png",
            "transform_matrix": [
                [
                    -0.9976468086242676,
                    0.01673092506825924,
                    -0.0664917454123497,
                    -0.07979010045528412
                ],
                [
                    -0.06856439262628555,
                    -0.2434435933828354,
                    0.9674886465072632,
                    1.160986304283142
                ],
                [
                    -6.097506943802955e-09,
                    0.9697707891464233,
                    0.24401775002479553,
                    0.2928212881088257
                ],
                [
                    0,
                    0,
                    0,
                    1
                ]
            ]
        },
        {
            "file_path": "005.png",
            "transform_matrix": [
                [
                    0.9997426867485046,
                    -0.0025971122086048126,
                    0.022534267976880074,
                    0.02704111859202385
                ],
                [
                    0.022683434188365936,
                    0.11446421593427658,
                    -0.9931684732437134,
                    -1.1918020248413086
                ],
                [
                    5.732532226687681e-10,
                    0.9934240579605103,
                    0.11449367552995682,
                    0.1373925656080246
                ],
                [
                    0,
                    0,
                    0,
                    1
                ]
            ]
        }
    ]
}