{
    "camera_angle_x": 0.8575560450553894,
    "aabb": [
        [
            -0.35,
            -0.35,
            -0.35
        ],
        [
            0.35,
            0.35,
            0.35
        ]
    ],
    "frames": [
        {
            "file_path": "000.png",
            "transform_matrix": [
                [
                    -0.9507558345794678,
                    -0.023185666650533676,
                    0.3090725839138031,
                    0.3708871603012085
                ],
                [
                    0.30994102358818054,
                    -0.07112299650907516,
                    0.9480918049812317,
                    1.1377102136611938
                ],
                [
                    2.241854346607397e-08,
                    0.9971980452537537,
                    0.07480676472187042,
                    0.0897679254412651
                ],
                [
                    0,
                    0,
                    0,
                    1
                ]
            ]
        },
        {
            "file_path": "001.png",
            "transform_matrix": [
                [
                    0.4937278926372528,
                    0.26442644000053406,
                    -0.8284391760826111,
                    -0.9941269755363464
                ],
                [
                    -0.8696164488792419,
                    0.1501290500164032,
                    -0.47034937143325806,
                    -0.5644192099571228
                ],
                [
                    -1.5774165973425625e-08,
                    0.952648937702179,
                    0.30407246947288513,
                    0.3648870885372162
                ],
                [
                    0,
                    0,
                    0,
                    1
                ]
            ]
        },
        {
            "file_path": "002.png",
            "transform_matrix": [
                [
                    0.21875132620334625,
                    -0.16842320561408997,
                    0.9611355662345886,
                    1.1533626317977905
                ],
                [
                    0.975780725479126,
                    0.03775709867477417,
                    -0.21546828746795654,
                    -0.25856199860572815
                ],
                [
                    7.271615487525196e-08,
                    0.9849914908409119,
                    0.17260344326496124,
                    0.20712432265281677
                ],
                [
                    0,
                    0,
                    0,
                    1
                ]
            ]
        },
        {
            "file_path": "003.png",
            "transform_matrix": [
                [
                    0.9196853041648865,
                    -0.18706642091274261,
                    0.34523195028305054,
                    0.4142783582210541
                ],
                [
                    0.39265626668930054,
                    0.43814969062805176,
                    -0.8086074590682983,
                    -0.9703288674354553
                ],
                [
                    1.1357544238421724e-08,
                    0.8792218565940857,
                    0.4764126241207123,
                    0.5716952681541443
                ],
                [
                    0,
                    0,
                    0,
                    1
                ]
            ]
        },
        {
            "file_path": "004.png",
            "transform_matrix": [
                [
                    0.695168137550354,
                    -0.03479154035449028,
                    0.7180047631263733,
                    0.861605703830719
                ],
                [
                    0.7188471555709839,
                    0.033645570278167725,
                    -0.6943534016609192,
                    -0.8332242369651794
                ],
                [
                    -3.326441699869065e-08,
                    0.9988280534744263,
                    0.04839913919568062,
                    0.05807899311184883
                ],
                [
                    0,
                    0,
                    0,
                    1
                ]
            ]
        },
        {
            "file_path": "005.png",
            "transform_matrix": [
                [
                    0.9195592403411865,
                    0.16594232618808746,
                    -0.3561937212944031,
                    -0.42743250727653503
                ],
                [
                    -0.39295142889022827,
                    0.38832730054855347,
                    -0.8335413336753845,
                    -1.0002496242523193
                ],
                [
                    -2.649727903758503e-08,
                    0.9064574837684631,
                    0.4222972095012665,
                    0.5067567229270935
                ],
                [
                    0,
                    0,
                    0,
                    1
                ]
            ]
        }
    ]
}