{
    "camera_angle_x": 0.8575560450553894,
    "aabb": [
        [
            -0.35,
            -0.35,
            -0.35
        ],
        [
            0.35,
            0.35,
            0.35
        ]
    ],
    "frames": [
        {
            "file_path": "000.png",
            "transform_matrix": [
                [
                    0.9782692193984985,
                    0.021139023825526237,
                    -0.20625841617584229,
                    -0.24751009047031403
                ],
                [
                    -0.2073388397693634,
                    0.09973827749490738,
                    -0.973171591758728,
                    -1.1678059101104736
                ],
                [
                    -2.5563139161022264e-08,
                    0.994789183139801,
                    0.10195381939411163,
                    0.12234491109848022
                ],
                [
                    0,
                    0,
                    0,
                    1
                ]
            ]
        },
        {
            "file_path": "001.png",
            "transform_matrix": [
                [
                    0.9994438290596008,
                    -0.004846983589231968,
                    0.032993827015161514,
                    0.03959259018301964
                ],
                [
                    0.033347953110933304,
                    0.14526492357254028,
                    -0.9888306856155396,
                    -1.1865967512130737
                ],
                [
                    -1.237021929334503e-09,
                    0.989380955696106,
                    0.1453457623720169,
                    0.1744150072336197
                ],
                [
                    0,
                    0,
                    0,
                    1
                ]
            ]
        },
        {
            "file_path": "002.png",
            "transform_matrix": [
                [
                    0.44733014702796936,
                    0.011951377615332603,
                    -0.8942890763282776,
                    -1.0731468200683594
                ],
                [
                    -0.8943689465522766,
                    0.005977528169751167,
                    -0.4472902715206146,
                    -0.5367482900619507
                ],
                [
                    -4.1879243184439474e-08,
                    0.9999107718467712,
                    0.01336283516138792,
                    0.01603551208972931
                ],
                [
                    0,
                    0,
                    0,
                    1
                ]
            ]
        },
        {
            "file_path": "003.png",
            "transform_matrix": [
                [
                    -0.7162103652954102,
                    0.20890823006629944,
                    -0.66588294506073,
                    -0.7990596294403076
                ],
                [
                    -0.6978845000267029,
                    -0.21439403295516968,
                    0.683368444442749,
                    0.8200421929359436
                ],
                [
                    -3.3401562404833385e-08,
                    0.9541449546813965,
                    0.2993450164794922,
                    0.3592139184474945
                ],
                [
                    0,
                    0,
                    0,
                    1
                ]
            ]
        },
        {
            "file_path": "004.png",
            "transform_matrix": [
                [
                    -0.3166932463645935,
                    -0.33110547065734863,
                    0.8888614177703857,
                    1.066633701324463
                ],
                [
                    0.9485280513763428,
                    -0.11054904758930206,
                    0.2967718243598938,
                    0.3561262786388397
                ],
                [
                    -5.951827475314531e-09,
                    0.937095582485199,
                    0.3490729331970215,
                    0.41888758540153503
                ],
                [
                    0,
                    0,
                    0,
                    1
                ]
            ]
        },
        {
            "file_path": "005.png",
            "transform_matrix": [
                [
                    0.8785716891288757,
                    0.07552777230739594,
                    -0.47160080075263977,
                    -0.565920889377594
                ],
                [
                    -0.4776104688644409,
                    0.13893438875675201,
                    -0.8675169348716736,
                    -1.0410202741622925
                ],
                [
                    -2.1702794228417588e-08,
                    0.9874172806739807,
                    0.15813666582107544,
                    0.1897641122341156
                ],
                [
                    0,
                    0,
                    0,
                    1
                ]
            ]
        }
    ]
}