{
    "camera_angle_x": 0.8575560450553894,
    "aabb": [
        [
            -0.35,
            -0.35,
            -0.35
        ],
        [
            0.35,
            0.35,
            0.35
        ]
    ],
    "frames": [
        {
            "file_path": "000.png",
            "transform_matrix": [
                [
                    -0.6692206263542175,
                    0.09812769293785095,
                    -0.7365562319755554,
                    -0.8838673830032349
                ],
                [
                    -0.7430639863014221,
                    -0.08837607502937317,
                    0.6633594632148743,
                    0.7960314154624939
                ],
                [
                    6.864099333370177e-08,
                    0.9912421107292175,
                    0.1320580393075943,
                    0.15846994519233704
                ],
                [
                    0,
                    0,
                    0,
                    1
                ]
            ]
        },
        {
            "file_path": "001.png",
            "transform_matrix": [
                [
                    0.6880914568901062,
                    -0.27990588545799255,
                    0.6694645881652832,
                    0.8033575415611267
                ],
                [
                    0.7256239652633667,
                    0.2654278874397278,
                    -0.6348369121551514,
                    -0.7618043422698975
                ],
                [
                    8.084924729701015e-09,
                    0.9226053953170776,
                    0.3857450783252716,
                    0.46289414167404175
                ],
                [
                    0,
                    0,
                    0,
                    1
                ]
            ]
        },
        {
            "file_path": "002.png",
            "transform_matrix": [
                [
                    0.9139922261238098,
                    0.05823922157287598,
                    -0.40153005719184875,
                    -0.4818359911441803
                ],
                [
                    -0.4057316780090332,
                    0.13119542598724365,
                    -0.9045273661613464,
                    -1.085432767868042
                ],
                [
                    -1.9067719847498665e-08,
                    0.989644467830658,
                    0.14354108273983002,
                    0.17224948108196259
                ],
                [
                    0,
                    0,
                    0,
                    1
                ]
            ]
        },
        {
            "file_path": "003.png",
            "transform_matrix": [
                [
                    -0.9914453625679016,
                    0.02745647355914116,
                    -0.12760215997695923,
                    -0.15312260389328003
                ],
                [
                    -0.13052266836166382,
                    -0.20855826139450073,
                    0.9692612290382385,
                    1.1631134748458862
                ],
                [
                    1.3221027828080878e-08,
                    0.9776244759559631,
                    0.21035777032375336,
                    0.2524295449256897
                ],
                [
                    0,
                    0,
                    0,
                    1
                ]
            ]
        },
        {
            "file_path": "004.png",
            "transform_matrix": [
                [
                    0.2728094458580017,
                    0.20817193388938904,
                    -0.9392760396003723,
                    -1.1271313428878784
                ],
                [
                    -0.9620680809020996,
                    0.05903045833110809,
                    -0.26634639501571655,
                    -0.3196156919002533
                ],
                [
                    7.507055954647512e-08,
                    0.9763092994689941,
                    0.21637962758541107,
                    0.25965550541877747
                ],
                [
                    0,
                    0,
                    0,
                    1
                ]
            ]
        },
        {
            "file_path": "005.png",
            "transform_matrix": [
                [
                    0.4317833185195923,
                    0.13083454966545105,
                    -0.8924379944801331,
                    -1.0709255933761597
                ],
                [
                    -0.9019774198532104,
                    0.06263146549463272,
                    -0.4272167384624481,
                    -0.5126601457595825
                ],
                [
                    2.2520527664937617e-08,
                    0.989423930644989,
                    0.14505299925804138,
                    0.17406360805034637
                ],
                [
                    0,
                    0,
                    0,
                    1
                ]
            ]
        }
    ]
}