{
    "camera_angle_x": 0.8575560450553894,
    "aabb": [
        [
            -0.35,
            -0.35,
            -0.35
        ],
        [
            0.35,
            0.35,
            0.35
        ]
    ],
    "frames": [
        {
            "file_path": "000.png",
            "transform_matrix": [
                [
                    0.34879589080810547,
                    -0.2671329081058502,
                    0.8983214497566223,
                    1.0779857635498047
                ],
                [
                    0.9371986985206604,
                    0.09941843897104263,
                    -0.3343270421028137,
                    -0.40119245648384094
                ],
                [
                    5.888068699277937e-09,
                    0.9585176110267639,
                    0.28503334522247314,
                    0.3420400321483612
                ],
                [
                    0,
                    0,
                    0,
                    1
                ]
            ]
        },
        {
            "file_path": "001.png",
            "transform_matrix": [
                [
                    -0.9882408380508423,
                    0.045197099447250366,
                    -0.1460733264684677,
                    -0.17528797686100006
                ],
                [
                    -0.15290582180023193,
                    -0.29211193323135376,
                    0.9440818428993225,
                    1.132898211479187
                ],
                [
                    6.790552564694963e-09,
                    0.9553155899047852,
                    0.2955877482891083,
                    0.35470545291900635
                ],
                [
                    0,
                    0,
                    0,
                    1
                ]
            ]
        },
        {
            "file_path": "002.png",
            "transform_matrix": [
                [
                    -0.9749864339828491,
                    0.045406997203826904,
                    -0.21757668256759644,
                    -0.26109203696250916
                ],
                [
                    -0.22226427495479584,
                    -0.19918273389339447,
                    0.9544237852096558,
                    1.1453086137771606
                ],
                [
                    1.0050626997326617e-09,
                    0.9789097905158997,
                    0.20429283380508423,
                    0.24515129625797272
                ],
                [
                    0,
                    0,
                    0,
                    1
                ]
            ]
        },
        {
            "file_path": "003.png",
            "transform_matrix": [
                [
                    0.48917922377586365,
                    -0.2365720421075821,
                    0.8394863605499268,
                    1.0073837041854858
                ],
                [
                    0.8721833229064941,
                    0.1326856017112732,
                    -0.47084057331085205,
                    -0.5650086998939514
                ],
                [
                    -5.7343875425885926e-08,
                    0.962511420249939,
                    0.2712412178516388,
                    0.32548952102661133
                ],
                [
                    0,
                    0,
                    0,
                    1
                ]
            ]
        },
        {
            "file_path": "004.png",
            "transform_matrix": [
                [
                    0.9970427751541138,
                    0.028138183057308197,
                    -0.07151218503713608,
                    -0.08581461757421494
                ],
                [
                    -0.07684887200593948,
                    0.3650667667388916,
                    -0.9278041124343872,
                    -1.1133649349212646
                ],
                [
                    -1.76834658027758e-09,
                    0.9305559992790222,
                    0.36614954471588135,
                    0.43937948346138
                ],
                [
                    0,
                    0,
                    0,
                    1
                ]
            ]
        },
        {
            "file_path": "005.png",
            "transform_matrix": [
                [
                    -0.6968390345573425,
                    -0.08307820558547974,
                    0.7124001979827881,
                    0.8548800349235535
                ],
                [
                    0.7172279953956604,
                    -0.08071669936180115,
                    0.6921482682228088,
                    0.8305777907371521
                ],
                [
                    2.8702523025003757e-08,
                    0.9932689666748047,
                    0.11583223193883896,
                    0.13899880647659302
                ],
                [
                    0,
                    0,
                    0,
                    1
                ]
            ]
        }
    ]
}