{
    "camera_angle_x": 0.8575560450553894,
    "aabb": [
        [
            -0.35,
            -0.35,
            -0.35
        ],
        [
            0.35,
            0.35,
            0.35
        ]
    ],
    "frames": [
        {
            "file_path": "000.png",
            "transform_matrix": [
                [
                    -0.8159116506576538,
                    0.10825344920158386,
                    -0.5679520964622498,
                    -0.6815424561500549
                ],
                [
                    -0.578176736831665,
                    -0.15276508033275604,
                    0.8014827370643616,
                    0.9617792367935181
                ],
                [
                    6.225386073310801e-08,
                    0.982315719127655,
                    0.18723231554031372,
                    0.2246789187192917
                ],
                [
                    0,
                    0,
                    0,
                    1
                ]
            ]
        },
        {
            "file_path": "001.png",
            "transform_matrix": [
                [
                    -0.7595426440238953,
                    0.11883342266082764,
                    -0.6395105123519897,
                    -0.7674126625061035
                ],
                [
                    -0.6504575610160828,
                    -0.1387624442577362,
                    0.7467596530914307,
                    0.8961115479469299
                ],
                [
                    -1.6784856171625506e-08,
                    0.983170211315155,
                    0.1826920360326767,
                    0.21923057734966278
                ],
                [
                    0,
                    0,
                    0,
                    1
                ]
            ]
        },
        {
            "file_path": "002.png",
            "transform_matrix": [
                [
                    -0.03938708081841469,
                    -0.10448597371578217,
                    0.9937461614608765,
                    1.192495346069336
                ],
                [
                    0.999224066734314,
                    -0.004118644166737795,
                    0.03917110711336136,
                    0.047005362808704376
                ],
                [
                    7.059661299990694e-09,
                    0.9945178627967834,
                    0.10456706583499908,
                    0.125480517745018
                ],
                [
                    0,
                    0,
                    0,
                    1
                ]
            ]
        },
        {
            "file_path": "003.png",
            "transform_matrix": [
                [
                    -0.9244474768638611,
                    0.05422278866171837,
                    -0.37743446230888367,
                    -0.45292142033576965
                ],
                [
                    -0.3813094198703766,
                    -0.1314578801393509,
                    0.9150530099868774,
                    1.0980637073516846
                ],
                [
                    -7.904626286858729e-09,
                    0.9898377060890198,
                    0.14220154285430908,
                    0.17064164578914642
                ],
                [
                    0,
                    0,
                    0,
                    1
                ]
            ]
        },
        {
            "file_path": "004.png",
            "transform_matrix": [
                [
                    0.9639359712600708,
                    -0.11812405288219452,
                    0.23848308622837067,
                    0.28617966175079346
                ],
                [
                    0.2661343216896057,
                    0.42784398794174194,
                    -0.8637837171554565,
                    -1.0365402698516846
                ],
                [
                    2.0388807087101668e-08,
                    0.8961007595062256,
                    0.4438510537147522,
                    0.532621443271637
                ],
                [
                    0,
                    0,
                    0,
                    1
                ]
            ]
        },
        {
            "file_path": "005.png",
            "transform_matrix": [
                [
                    -0.4110381305217743,
                    -0.43582475185394287,
                    0.8006900548934937,
                    0.9608279466629028
                ],
                [
                    0.9116182327270508,
                    -0.19650833308696747,
                    0.36102187633514404,
                    0.4332263171672821
                ],
                [
                    -5.040661221755727e-08,
                    0.8783173561096191,
                    0.47807809710502625,
                    0.5736938714981079
                ],
                [
                    0,
                    0,
                    0,
                    1
                ]
            ]
        }
    ]
}