{
    "camera_angle_x": 0.8575560450553894,
    "aabb": [
        [
            -0.35,
            -0.35,
            -0.35
        ],
        [
            0.35,
            0.35,
            0.35
        ]
    ],
    "frames": [
        {
            "file_path": "000.png",
            "transform_matrix": [
                [
                    -0.9267874956130981,
                    0.16995280981063843,
                    -0.33493468165397644,
                    -0.4019216001033783
                ],
                [
                    -0.37558645009994507,
                    -0.41937121748924255,
                    0.8264760971069336,
                    0.9917713403701782
                ],
                [
                    -5.6921907187756915e-09,
                    0.8917645215988159,
                    0.4524998068809509,
                    0.542999804019928
                ],
                [
                    0,
                    0,
                    0,
                    1
                ]
            ]
        },
        {
            "file_path": "001.png",
            "transform_matrix": [
                [
                    0.2901359796524048,
                    0.2330232709646225,
                    -0.9281818866729736,
                    -1.1138180494308472
                ],
                [
                    -0.956985592842102,
                    0.07064718008041382,
                    -0.2814035415649414,
                    -0.33768415451049805
                ],
                [
                    5.8560004845276126e-08,
                    0.9699018001556396,
                    0.24349701404571533,
                    0.2921966314315796
                ],
                [
                    0,
                    0,
                    0,
                    1
                ]
            ]
        },
        {
            "file_path": "002.png",
            "transform_matrix": [
                [
                    0.647962212562561,
                    -0.23529545962810516,
                    0.7244177460670471,
                    0.8693012595176697
                ],
                [
                    0.7616724967956543,
                    0.20016804337501526,
                    -0.6162692308425903,
                    -0.7395231127738953
                ],
                [
                    5.429987837146655e-08,
                    0.9510882496833801,
                    0.30891939997673035,
                    0.37070342898368835
                ],
                [
                    0,
                    0,
                    0,
                    1
                ]
            ]
        },
        {
            "file_path": "003.png",
            "transform_matrix": [
                [
                    -0.44275155663490295,
                    -0.0722966194152832,
                    0.8937250971794128,
                    1.0724700689315796
                ],
                [
                    0.8966445326805115,
                    -0.03569921851158142,
                    0.4413098990917206,
                    0.5295718312263489
                ],
                [
                    -2.5326013286530724e-08,
                    0.9967442154884338,
                    0.08063007891178131,
                    0.09675627946853638
                ],
                [
                    0,
                    0,
                    0,
                    1
                ]
            ]
        },
        {
            "file_path": "004.png",
            "transform_matrix": [
                [
                    0.20385798811912537,
                    0.030100252479314804,
                    -0.9785377383232117,
                    -1.1742451190948486
                ],
                [
                    -0.9790005683898926,
                    0.006267643067985773,
                    -0.2037617266178131,
                    -0.24451421201229095
                ],
                [
                    -3.4506680179902105e-08,
                    0.9995273351669312,
                    0.030745772644877434,
                    0.036895059049129486
                ],
                [
                    0,
                    0,
                    0,
                    1
                ]
            ]
        },
        {
            "file_path": "005.png",
            "transform_matrix": [
                [
                    0.4756314158439636,
                    -0.05740000307559967,
                    0.877769947052002,
                    1.0533238649368286
                ],
                [
                    0.8796446919441223,
                    0.031036585569381714,
                    -0.4746178090572357,
                    -0.569541335105896
                ],
                [
                    1.49633443413677e-08,
                    0.9978687763214111,
                    0.06525354087352753,
                    0.07830445468425751
                ],
                [
                    0,
                    0,
                    0,
                    1
                ]
            ]
        }
    ]
}