{
    "camera_angle_x": 0.8575560450553894,
    "aabb": [
        [
            -0.35,
            -0.35,
            -0.35
        ],
        [
            0.35,
            0.35,
            0.35
        ]
    ],
    "frames": [
        {
            "file_path": "000.png",
            "transform_matrix": [
                [
                    -0.989098310470581,
                    0.05117124319076538,
                    -0.13808056712150574,
                    -0.1656966656446457
                ],
                [
                    -0.14725738763809204,
                    -0.34370696544647217,
                    0.9274593591690063,
                    1.1129511594772339
                ],
                [
                    6.3196603505844e-10,
                    0.9376817941665649,
                    0.3474952280521393,
                    0.4169943332672119
                ],
                [
                    0,
                    0,
                    0,
                    1
                ]
            ]
        },
        {
            "file_path": "001.png",
            "transform_matrix": [
                [
                    0.6993467807769775,
                    -0.2784145772457123,
                    0.6583307981491089,
                    0.7899969816207886
                ],
                [
                    0.7147825360298157,
                    0.27240216732025146,
                    -0.6441141366958618,
                    -0.7729369401931763
                ],
                [
                    1.8844836802145437e-08,
                    0.9210225343704224,
                    0.3895094394683838,
                    0.46741142868995667
                ],
                [
                    0,
                    0,
                    0,
                    1
                ]
            ]
        },
        {
            "file_path": "002.png",
            "transform_matrix": [
                [
                    -0.6382110118865967,
                    0.11741431057453156,
                    -0.7608553171157837,
                    -0.9130263328552246
                ],
                [
                    -0.76986163854599,
                    -0.09733584523200989,
                    0.6307447552680969,
                    0.7568937540054321
                ],
                [
                    2.3010681360347007e-08,
                    0.9883014559745789,
                    0.15251344442367554,
                    0.1830163151025772
                ],
                [
                    0,
                    0,
                    0,
                    1
                ]
            ]
        },
        {
            "file_path": "003.png",
            "transform_matrix": [
                [
                    0.346355140209198,
                    -0.2509513199329376,
                    0.9039146304130554,
                    1.0846974849700928
                ],
                [
                    0.9381034970283508,
                    0.09265308827161789,
                    -0.33373239636421204,
                    -0.40047886967658997
                ],
                [
                    5.3277222633596466e-08,
                    0.9635553359985352,
                    0.2675091624259949,
                    0.32101112604141235
                ],
                [
                    0,
                    0,
                    0,
                    1
                ]
            ]
        },
        {
            "file_path": "004.png",
            "transform_matrix": [
                [
                    -0.8643574118614197,
                    -0.15576721727848053,
                    0.47814545035362244,
                    0.573774516582489
                ],
                [
                    0.5028782486915588,
                    -0.26773595809936523,
                    0.8218461871147156,
                    0.9862152934074402
                ],
                [
                    1.5313176504605508e-08,
                    0.9508176445960999,
                    0.30975133180618286,
                    0.37170177698135376
                ],
                [
                    0,
                    0,
                    0,
                    1
                ]
            ]
        },
        {
            "file_path": "005.png",
            "transform_matrix": [
                [
                    0.9962805509567261,
                    0.020896686241030693,
                    -0.08359654247760773,
                    -0.10031583905220032
                ],
                [
                    -0.08616875112056732,
                    0.24160680174827576,
                    -0.9665409326553345,
                    -1.159848928451538
                ],
                [
                    5.330533792147207e-09,
                    0.9701493382453918,
                    0.24250879883766174,
                    0.2910107672214508
                ],
                [
                    0,
                    0,
                    0,
                    1
                ]
            ]
        }
    ]
}