{
    "camera_angle_x": 0.8575560450553894,
    "aabb": [
        [
            -0.35,
            -0.35,
            -0.35
        ],
        [
            0.35,
            0.35,
            0.35
        ]
    ],
    "frames": [
        {
            "file_path": "000.png",
            "transform_matrix": [
                [
                    0.9867018461227417,
                    0.03300783038139343,
                    -0.1591539829969406,
                    -0.1909847855567932
                ],
                [
                    -0.16254077851772308,
                    0.20037367939949036,
                    -0.9661422967910767,
                    -1.15937077999115
                ],
                [
                    1.6856121831665405e-08,
                    0.979163408279419,
                    0.20307418704032898,
                    0.24368898570537567
                ],
                [
                    0,
                    0,
                    0,
                    1
                ]
            ]
        },
        {
            "file_path": "001.png",
            "transform_matrix": [
                [
                    0.9591601490974426,
                    -0.07108153402805328,
                    0.2737868130207062,
                    0.3285441994667053
                ],
                [
                    0.282863587141037,
                    0.24102987349033356,
                    -0.9283818602561951,
                    -1.114058256149292
                ],
                [
                    1.2545076089054419e-09,
                    0.9679111838340759,
                    0.2512926161289215,
                    0.3015512526035309
                ],
                [
                    0,
                    0,
                    0,
                    1
                ]
            ]
        },
        {
            "file_path": "002.png",
            "transform_matrix": [
                [
                    0.9612484574317932,
                    -0.03033926710486412,
                    0.2740090489387512,
                    0.3288109004497528
                ],
                [
                    0.27568358182907104,
                    0.10578638315200806,
                    -0.955409824848175,
                    -1.1464917659759521
                ],
                [
                    -1.1957715706500949e-08,
                    0.9939259886741638,
                    0.11005102843046188,
                    0.13206131756305695
                ],
                [
                    0,
                    0,
                    0,
                    1
                ]
            ]
        },
        {
            "file_path": "003.png",
            "transform_matrix": [
                [
                    -0.9921916127204895,
                    -0.042228590697050095,
                    0.11735692620277405,
                    0.14082831144332886
                ],
                [
                    0.12472330033779144,
                    -0.33593446016311646,
                    0.9335910677909851,
                    1.1203092336654663
                ],
                [
                    -1.9614763147046688e-09,
                    0.9409382939338684,
                    0.33857816457748413,
                    0.4062938094139099
                ],
                [
                    0,
                    0,
                    0,
                    1
                ]
            ]
        },
        {
            "file_path": "004.png",
            "transform_matrix": [
                [
                    -0.7119249105453491,
                    -0.0993383377790451,
                    0.6951941847801208,
                    0.8342329859733582
                ],
                [
                    0.7022557258605957,
                    -0.10070611536502838,
                    0.7047661542892456,
                    0.8457193374633789
                ],
                [
                    -1.9891791325221675e-08,
                    0.989944577217102,
                    0.1414560079574585,
                    0.16974739730358124
                ],
                [
                    0,
                    0,
                    0,
                    1
                ]
            ]
        },
        {
            "file_path": "005.png",
            "transform_matrix": [
                [
                    -0.9747316241264343,
                    -0.08144469559192657,
                    0.2080027014017105,
                    0.24960322678089142
                ],
                [
                    0.22337940335273743,
                    -0.35538965463638306,
                    0.9076341986656189,
                    1.0891610383987427
                ],
                [
                    7.727458672945886e-09,
                    0.9311632513999939,
                    0.36460253596305847,
                    0.4375230669975281
                ],
                [
                    0,
                    0,
                    0,
                    1
                ]
            ]
        }
    ]
}