{
    "camera_angle_x": 0.8575560450553894,
    "aabb": [
        [
            -0.35,
            -0.35,
            -0.35
        ],
        [
            0.35,
            0.35,
            0.35
        ]
    ],
    "frames": [
        {
            "file_path": "000.png",
            "transform_matrix": [
                [
                    0.9887467622756958,
                    -0.03819921612739563,
                    0.14463993906974792,
                    0.17356792092323303
                ],
                [
                    0.1495991051197052,
                    0.25247031450271606,
                    -0.9559702277183533,
                    -1.1471641063690186
                ],
                [
                    2.2264843302366444e-09,
                    0.9668503999710083,
                    0.25534379482269287,
                    0.3064127564430237
                ],
                [
                    0,
                    0,
                    0,
                    1
                ]
            ]
        },
        {
            "file_path": "001.png",
            "transform_matrix": [
                [
                    -0.4710035026073456,
                    -0.11996415257453918,
                    0.8739362359046936,
                    1.0487233400344849
                ],
                [
                    0.8821314573287964,
                    -0.06405340880155563,
                    0.46662768721580505,
                    0.5599532723426819
                ],
                [
                    -6.489185722102775e-08,
                    0.9907097816467285,
                    0.13599340617656708,
                    0.16319219768047333
                ],
                [
                    0,
                    0,
                    0,
                    1
                ]
            ]
        },
        {
            "file_path": "002.png",
            "transform_matrix": [
                [
                    0.7587630748748779,
                    0.17468032240867615,
                    -0.6275073289871216,
                    -0.7530088424682617
                ],
                [
                    -0.6513667702674866,
                    0.2034812569618225,
                    -0.7309698462486267,
                    -0.8771636486053467
                ],
                [
                    3.872099085810987e-09,
                    0.9633703231811523,
                    0.2681749761104584,
                    0.32181015610694885
                ],
                [
                    0,
                    0,
                    0,
                    1
                ]
            ]
        },
        {
            "file_path": "003.png",
            "transform_matrix": [
                [
                    -0.5177848935127258,
                    0.2356380969285965,
                    -0.8224194645881653,
                    -0.9869033098220825
                ],
                [
                    -0.8555110096931458,
                    -0.1426163762807846,
                    0.4977566599845886,
                    0.5973079204559326
                ],
                [
                    3.454940511460336e-08,
                    0.9613196849822998,
                    0.2754353880882263,
                    0.33052265644073486
                ],
                [
                    0,
                    0,
                    0,
                    1
                ]
            ]
        },
        {
            "file_path": "004.png",
            "transform_matrix": [
                [
                    -0.9942431449890137,
                    -0.012638900429010391,
                    0.10640034824609756,
                    0.12768042087554932
                ],
                [
                    0.10714837908744812,
                    -0.11727796494960785,
                    0.9873020052909851,
                    1.1847623586654663
                ],
                [
                    2.2142421229887077e-10,
                    0.9930187463760376,
                    0.11795695871114731,
                    0.14154835045337677
                ],
                [
                    0,
                    0,
                    0,
                    1
                ]
            ]
        },
        {
            "file_path": "005.png",
            "transform_matrix": [
                [
                    -0.20622137188911438,
                    -0.4564167857170105,
                    0.8655381798744202,
                    1.0386459827423096
                ],
                [
                    0.9785053133964539,
                    -0.09619051963090897,
                    0.18241339921951294,
                    0.2188960313796997
                ],
                [
                    6.158291654401182e-08,
                    0.8845512866973877,
                    0.46644288301467896,
                    0.5597314238548279
                ],
                [
                    0,
                    0,
                    0,
                    1
                ]
            ]
        }
    ]
}