{
    "camera_angle_x": 0.8575560450553894,
    "aabb": [
        [
            -0.35,
            -0.35,
            -0.35
        ],
        [
            0.35,
            0.35,
            0.35
        ]
    ],
    "frames": [
        {
            "file_path": "000.png",
            "transform_matrix": [
                [
                    0.7012526392936707,
                    -0.3297185003757477,
                    0.6320841908454895,
                    0.7585011124610901
                ],
                [
                    0.7129128575325012,
                    0.3243257999420166,
                    -0.6217460036277771,
                    -0.7460952401161194
                ],
                [
                    -4.660991592686514e-08,
                    0.8866219520568848,
                    0.4624948799610138,
                    0.554993748664856
                ],
                [
                    0,
                    0,
                    0,
                    1
                ]
            ]
        },
        {
            "file_path": "001.png",
            "transform_matrix": [
                [
                    0.9289390444755554,
                    0.17680011689662933,
                    -0.32529062032699585,
                    -0.39034873247146606
                ],
                [
                    -0.3702327013015747,
                    0.4436034560203552,
                    -0.8161762952804565,
                    -0.9794115424156189
                ],
                [
                    -1.4126092295896342e-08,
                    0.8786112666130066,
                    0.47753775119781494,
                    0.5730454921722412
                ],
                [
                    0,
                    0,
                    0,
                    1
                ]
            ]
        },
        {
            "file_path": "002.png",
            "transform_matrix": [
                [
                    0.32050395011901855,
                    0.21364672482013702,
                    -0.9228392839431763,
                    -1.1074072122573853
                ],
                [
                    -0.9472472071647644,
                    0.07228795439004898,
                    -0.31224551796913147,
                    -0.3746945559978485
                ],
                [
                    -2.702546453292598e-08,
                    0.9742328524589539,
                    0.2255447953939438,
                    0.2706538140773773
                ],
                [
                    0,
                    0,
                    0,
                    1
                ]
            ]
        },
        {
            "file_path": "003.png",
            "transform_matrix": [
                [
                    0.37611615657806396,
                    0.3250460922718048,
                    -0.8676875829696655,
                    -1.0412250757217407
                ],
                [
                    -0.9265725612640381,
                    0.13194327056407928,
                    -0.3522135317325592,
                    -0.4226562976837158
                ],
                [
                    -3.7346456593922994e-08,
                    0.9364486932754517,
                    0.35080471634864807,
                    0.4209657609462738
                ],
                [
                    0,
                    0,
                    0,
                    1
                ]
            ]
        },
        {
            "file_path": "004.png",
            "transform_matrix": [
                [
                    -0.1845153123140335,
                    0.3268216848373413,
                    -0.9268990755081177,
                    -1.1122788190841675
                ],
                [
                    -0.982829749584198,
                    -0.06135716289281845,
                    0.1740148663520813,
                    0.20881791412830353
                ],
                [
                    1.847708475111176e-08,
                    0.9430922865867615,
                    0.33253127336502075,
                    0.3990376591682434
                ],
                [
                    0,
                    0,
                    0,
                    1
                ]
            ]
        },
        {
            "file_path": "005.png",
            "transform_matrix": [
                [
                    -0.9260467886924744,
                    -0.024538233876228333,
                    0.37661024928092957,
                    0.45193231105804443
                ],
                [
                    0.37740880250930786,
                    -0.06020943075418472,
                    0.9240873456001282,
                    1.1089048385620117
                ],
                [
                    7.503105692308054e-09,
                    0.9978841543197632,
                    0.06501764804124832,
                    0.07802116870880127
                ],
                [
                    0,
                    0,
                    0,
                    1
                ]
            ]
        }
    ]
}