{
    "camera_angle_x": 0.8575560450553894,
    "aabb": [
        [
            -0.35,
            -0.35,
            -0.35
        ],
        [
            0.35,
            0.35,
            0.35
        ]
    ],
    "frames": [
        {
            "file_path": "000.png",
            "transform_matrix": [
                [
                    0.8775954246520996,
                    0.05597032979130745,
                    -0.47612348198890686,
                    -0.571348249912262
                ],
                [
                    -0.47940197587013245,
                    0.102459616959095,
                    -0.8715937733650208,
                    -1.0459126234054565
                ],
                [
                    3.075959398302075e-08,
                    0.9931612610816956,
                    0.11675038188695908,
                    0.14010033011436462
                ],
                [
                    0,
                    0,
                    0,
                    1
                ]
            ]
        },
        {
            "file_path": "001.png",
            "transform_matrix": [
                [
                    0.6957346200942993,
                    0.20214392244815826,
                    -0.6892685890197754,
                    -0.8271223902702332
                ],
                [
                    -0.7182989120483398,
                    0.19579389691352844,
                    -0.6676162481307983,
                    -0.8011394143104553
                ],
                [
                    4.1205154843737546e-08,
                    0.9595845937728882,
                    0.28142035007476807,
                    0.3377043902873993
                ],
                [
                    0,
                    0,
                    0,
                    1
                ]
            ]
        },
        {
            "file_path": "002.png",
            "transform_matrix": [
                [
                    -0.6288838982582092,
                    -0.1076616421341896,
                    0.7700092792510986,
                    0.9240111112594604
                ],
                [
                    0.7774994373321533,
                    -0.0870826318860054,
                    0.6228253841400146,
                    0.7473903894424438
                ],
                [
                    -3.385956404144963e-08,
                    0.9903664588928223,
                    0.1384715735912323,
                    0.1661660522222519
                ],
                [
                    0,
                    0,
                    0,
                    1
                ]
            ]
        },
        {
            "file_path": "003.png",
            "transform_matrix": [
                [
                    -0.7830809950828552,
                    0.2221517711877823,
                    -0.5808902382850647,
                    -0.6970682144165039
                ],
                [
                    -0.6219203472137451,
                    -0.27971896529197693,
                    0.7314184308052063,
                    0.877701997756958
                ],
                [
                    -1.72971557077517e-08,
                    0.9340269565582275,
                    0.35720282793045044,
                    0.4286434054374695
                ],
                [
                    0,
                    0,
                    0,
                    1
                ]
            ]
        },
        {
            "file_path": "004.png",
            "transform_matrix": [
                [
                    -0.09680213779211044,
                    0.1425601840019226,
                    -0.9850411415100098,
                    -1.1820493936538696
                ],
                [
                    -0.995303750038147,
                    -0.013865272514522076,
                    0.09580394625663757,
                    0.1149648055434227
                ],
                [
                    3.8529552881527707e-08,
                    0.9896891117095947,
                    0.1432327777147293,
                    0.171879380941391
                ],
                [
                    0,
                    0,
                    0,
                    1
                ]
            ]
        },
        {
            "file_path": "005.png",
            "transform_matrix": [
                [
                    -0.776217520236969,
                    0.009990706108510494,
                    -0.6303861141204834,
                    -0.756463348865509
                ],
                [
                    -0.6304652690887451,
                    -0.01230045035481453,
                    0.7761200070381165,
                    0.9313439726829529
                ],
                [
                    -2.576511803908943e-08,
                    0.999874472618103,
                    0.015846559777855873,
                    0.019015861675143242
                ],
                [
                    0,
                    0,
                    0,
                    1
                ]
            ]
        }
    ]
}