{
    "camera_angle_x": 0.8575560450553894,
    "aabb": [
        [
            -0.35,
            -0.35,
            -0.35
        ],
        [
            0.35,
            0.35,
            0.35
        ]
    ],
    "frames": [
        {
            "file_path": "000.png",
            "transform_matrix": [
                [
                    0.005558351054787636,
                    0.03794899210333824,
                    -0.9992642402648926,
                    -1.1991171836853027
                ],
                [
                    -0.9999845623970032,
                    0.0002109618071699515,
                    -0.005554363131523132,
                    -0.006665259599685669
                ],
                [
                    4.175651113769163e-08,
                    0.9992796778678894,
                    0.037949562072753906,
                    0.045539602637290955
                ],
                [
                    0,
                    0,
                    0,
                    1
                ]
            ]
        },
        {
            "file_path": "001.png",
            "transform_matrix": [
                [
                    0.6129502058029175,
                    -0.2983512878417969,
                    0.731627345085144,
                    0.8779528737068176
                ],
                [
                    0.7901215553283691,
                    0.23145106434822083,
                    -0.5675723552703857,
                    -0.6810868382453918
                ],
                [
                    1.7590412682011447e-08,
                    0.9259681105613708,
                    0.3776017427444458,
                    0.45312216877937317
                ],
                [
                    0,
                    0,
                    0,
                    1
                ]
            ]
        },
        {
            "file_path": "002.png",
            "transform_matrix": [
                [
                    0.9861276149749756,
                    0.01119260210543871,
                    -0.16561122238636017,
                    -0.19873346388339996
                ],
                [
                    -0.1659890115261078,
                    0.06649424135684967,
                    -0.983883261680603,
                    -1.1806598901748657
                ],
                [
                    -6.716398992523409e-09,
                    0.9977241158485413,
                    0.06742965430021286,
                    0.08091571927070618
                ],
                [
                    0,
                    0,
                    0,
                    1
                ]
            ]
        },
        {
            "file_path": "003.png",
            "transform_matrix": [
                [
                    -0.18011634051799774,
                    -0.39729052782058716,
                    0.8998435735702515,
                    1.0798122882843018
                ],
                [
                    0.9836453795433044,
                    -0.07274831831455231,
                    0.16477125883102417,
                    0.19772550463676453
                ],
                [
                    -1.2334741228414714e-08,
                    0.9148049354553223,
                    0.4038960635662079,
                    0.48467543721199036
                ],
                [
                    0,
                    0,
                    0,
                    1
                ]
            ]
        },
        {
            "file_path": "004.png",
            "transform_matrix": [
                [
                    0.9639158844947815,
                    -0.042013708502054214,
                    0.26287081837654114,
                    0.3154450058937073
                ],
                [
                    0.26620709896087646,
                    0.1521284431219101,
                    -0.951835572719574,
                    -1.142202615737915
                ],
                [
                    -1.3642228680055268e-08,
                    0.9874674677848816,
                    0.1578233689069748,
                    0.18938814103603363
                ],
                [
                    0,
                    0,
                    0,
                    1
                ]
            ]
        },
        {
            "file_path": "005.png",
            "transform_matrix": [
                [
                    -0.9880989789962769,
                    -0.04506340250372887,
                    0.1470709592103958,
                    0.17648515105247498
                ],
                [
                    0.1538199633359909,
                    -0.2894754707813263,
                    0.9447451829910278,
                    1.1336941719055176
                ],
                [
                    -3.359833300464743e-09,
                    0.9561241269111633,
                    0.2929619252681732,
                    0.35155442357063293
                ],
                [
                    0,
                    0,
                    0,
                    1
                ]
            ]
        }
    ]
}