{
    "camera_angle_x": 0.8575560450553894,
    "aabb": [
        [
            -0.35,
            -0.35,
            -0.35
        ],
        [
            0.35,
            0.35,
            0.35
        ]
    ],
    "frames": [
        {
            "file_path": "000.png",
            "transform_matrix": [
                [
                    -0.8190199136734009,
                    0.2504167854785919,
                    -0.5162343382835388,
                    -0.6194813251495361
                ],
                [
                    -0.5737651586532593,
                    -0.3574569821357727,
                    0.7368976473808289,
                    0.8842772245407104
                ],
                [
                    -3.179524910024156e-08,
                    0.8997310996055603,
                    0.4364447295665741,
                    0.5237336158752441
                ],
                [
                    0,
                    0,
                    0,
                    1
                ]
            ]
        },
        {
            "file_path": "001.png",
            "transform_matrix": [
                [
                    0.9548314213752747,
                    0.02675599418580532,
                    -0.29594096541404724,
                    -0.3551291227340698
                ],
                [
                    -0.2971479892730713,
                    0.08597546815872192,
                    -0.9509528875350952,
                    -1.1411434412002563
                ],
                [
                    -1.0877631240191477e-08,
                    0.9959379434585571,
                    0.09004256129264832,
                    0.10805118829011917
                ],
                [
                    0,
                    0,
                    0,
                    1
                ]
            ]
        },
        {
            "file_path": "002.png",
            "transform_matrix": [
                [
                    -0.7356190085411072,
                    -0.2645948529243469,
                    0.6235817670822144,
                    0.748298168182373
                ],
                [
                    0.6773955225944519,
                    -0.2873373031616211,
                    0.6771798729896545,
                    0.8126159310340881
                ],
                [
                    -1.3768653772672224e-08,
                    0.9205579161643982,
                    0.3906061351299286,
                    0.46872738003730774
                ],
                [
                    0,
                    0,
                    0,
                    1
                ]
            ]
        },
        {
            "file_path": "003.png",
            "transform_matrix": [
                [
                    0.41604354977607727,
                    0.02412746101617813,
                    -0.9090245366096497,
                    -1.0908294916152954
                ],
                [
                    -0.9093446731567383,
                    0.011038769036531448,
                    -0.41589710116386414,
                    -0.4990765154361725
                ],
                [
                    -1.8592587025523244e-08,
                    0.9996479749679565,
                    0.02653278037905693,
                    0.03183935210108757
                ],
                [
                    0,
                    0,
                    0,
                    1
                ]
            ]
        },
        {
            "file_path": "004.png",
            "transform_matrix": [
                [
                    -0.03386889770627022,
                    0.08114447444677353,
                    -0.9961267709732056,
                    -1.1953520774841309
                ],
                [
                    -0.9994263648986816,
                    -0.00274997903034091,
                    0.03375701606273651,
                    0.04050841182470322
                ],
                [
                    -7.402471169370983e-08,
                    0.9966986179351807,
                    0.08119100332260132,
                    0.09742935001850128
                ],
                [
                    0,
                    0,
                    0,
                    1
                ]
            ]
        },
        {
            "file_path": "005.png",
            "transform_matrix": [
                [
                    0.9091466069221497,
                    -0.1792912632226944,
                    0.37590840458869934,
                    0.45109009742736816
                ],
                [
                    0.4164762794971466,
                    0.39138370752334595,
                    -0.8205890655517578,
                    -0.9847068190574646
                ],
                [
                    3.6359075750169723e-09,
                    0.902592658996582,
                    0.4304957091808319,
                    0.5165948867797852
                ],
                [
                    0,
                    0,
                    0,
                    1
                ]
            ]
        }
    ]
}