{
    "camera_angle_x": 0.8575560450553894,
    "aabb": [
        [
            -0.35,
            -0.35,
            -0.35
        ],
        [
            0.35,
            0.35,
            0.35
        ]
    ],
    "frames": [
        {
            "file_path": "000.png",
            "transform_matrix": [
                [
                    -0.7358546257019043,
                    0.20810632407665253,
                    -0.6443677544593811,
                    -0.7732413411140442
                ],
                [
                    -0.6771395802497864,
                    -0.22615137696266174,
                    0.7002410888671875,
                    0.8402893543243408
                ],
                [
                    -4.4170391788611596e-08,
                    0.9516025185585022,
                    0.30733156204223633,
                    0.36879780888557434
                ],
                [
                    0,
                    0,
                    0,
                    1
                ]
            ]
        },
        {
            "file_path": "001.png",
            "transform_matrix": [
                [
                    0.9941060543060303,
                    0.04716810584068298,
                    -0.09761299192905426,
                    -0.11713558435440063
                ],
                [
                    -0.10841183364391327,
                    0.43251821398735046,
                    -0.8950837254524231,
                    -1.0741004943847656
                ],
                [
                    -6.312970590727218e-09,
                    0.9003905653953552,
                    0.4350825548171997,
                    0.5220991969108582
                ],
                [
                    0,
                    0,
                    0,
                    1
                ]
            ]
        },
        {
            "file_path": "002.png",
            "transform_matrix": [
                [
                    -0.9370089769363403,
                    0.11815109103918076,
                    -0.32871681451797485,
                    -0.39446017146110535
                ],
                [
                    -0.3493056297302246,
                    -0.31693917512893677,
                    0.8817796111106873,
                    1.0581355094909668
                ],
                [
                    -1.1088987506013837e-09,
                    0.9410579204559326,
                    0.33824557065963745,
                    0.4058947265148163
                ],
                [
                    0,
                    0,
                    0,
                    1
                ]
            ]
        },
        {
            "file_path": "003.png",
            "transform_matrix": [
                [
                    0.03313014283776283,
                    0.4575311541557312,
                    -0.8885761499404907,
                    -1.0662914514541626
                ],
                [
                    -0.9994510412216187,
                    0.015166446566581726,
                    -0.02945479191839695,
                    -0.03534575551748276
                ],
                [
                    4.551243648620584e-08,
                    0.8890641927719116,
                    0.45778247714042664,
                    0.5493389368057251
                ],
                [
                    0,
                    0,
                    0,
                    1
                ]
            ]
        },
        {
            "file_path": "004.png",
            "transform_matrix": [
                [
                    0.9103788137435913,
                    -0.053550757467746735,
                    0.4102959632873535,
                    0.4923551082611084
                ],
                [
                    0.41377586126327515,
                    0.11782088130712509,
                    -0.9027225375175476,
                    -1.0832669734954834
                ],
                [
                    -4.421513821739609e-09,
                    0.9915900230407715,
                    0.12941962480545044,
                    0.15530362725257874
                ],
                [
                    0,
                    0,
                    0,
                    1
                ]
            ]
        },
        {
            "file_path": "005.png",
            "transform_matrix": [
                [
                    0.8669473528862,
                    0.12922576069831848,
                    -0.48135536909103394,
                    -0.5776263475418091
                ],
                [
                    -0.4983997046947479,
                    0.22478319704532623,
                    -0.8372994661331177,
                    -1.0047593116760254
                ],
                [
                    -8.098618664575952e-09,
                    0.9658019542694092,
                    0.2592812776565552,
                    0.3111378252506256
                ],
                [
                    0,
                    0,
                    0,
                    1
                ]
            ]
        }
    ]
}