{
    "camera_angle_x": 0.8575560450553894,
    "aabb": [
        [
            -0.35,
            -0.35,
            -0.35
        ],
        [
            0.35,
            0.35,
            0.35
        ]
    ],
    "frames": [
        {
            "file_path": "000.png",
            "transform_matrix": [
                [
                    0.6257671117782593,
                    0.33451196551322937,
                    -0.7046399712562561,
                    -0.8455677628517151
                ],
                [
                    -0.7800101041793823,
                    0.2683638334274292,
                    -0.565301239490509,
                    -0.6783613562583923
                ],
                [
                    4.1104456727225624e-08,
                    0.903373122215271,
                    0.428855836391449,
                    0.5146270990371704
                ],
                [
                    0,
                    0,
                    0,
                    1
                ]
            ]
        },
        {
            "file_path": "001.png",
            "transform_matrix": [
                [
                    -0.641632080078125,
                    0.10339562594890594,
                    -0.7600118517875671,
                    -0.9120140671730042
                ],
                [
                    -0.7670128345489502,
                    -0.08649396151304245,
                    0.6357753872871399,
                    0.7629305124282837
                ],
                [
                    4.360543925940874e-08,
                    0.9908725619316101,
                    0.13480286300182343,
                    0.16176363825798035
                ],
                [
                    0,
                    0,
                    0,
                    1
                ]
            ]
        },
        {
            "file_path": "002.png",
            "transform_matrix": [
                [
                    0.7468013167381287,
                    -0.2936354875564575,
                    0.5967127084732056,
                    0.7160552144050598
                ],
                [
                    0.6650472283363342,
                    0.32973191142082214,
                    -0.6700664758682251,
                    -0.8040797114372253
                ],
                [
                    6.839636057520693e-08,
                    0.8972486257553101,
                    0.4415256679058075,
                    0.5298308730125427
                ],
                [
                    0,
                    0,
                    0,
                    1
                ]
            ]
        },
        {
            "file_path": "003.png",
            "transform_matrix": [
                [
                    0.853192150592804,
                    -0.20143698155879974,
                    0.4811302721500397,
                    0.5773563385009766
                ],
                [
                    0.5215967893600464,
                    0.32949674129486084,
                    -0.7869998216629028,
                    -0.9443997740745544
                ],
                [
                    -2.150908784415151e-09,
                    0.9224180579185486,
                    0.3861928880214691,
                    0.4634316563606262
                ],
                [
                    0,
                    0,
                    0,
                    1
                ]
            ]
        },
        {
            "file_path": "004.png",
            "transform_matrix": [
                [
                    -0.12289217114448547,
                    0.49032464623451233,
                    -0.8628321290016174,
                    -1.0353986024856567
                ],
                [
                    -0.9924200177192688,
                    -0.06071733310818672,
                    0.10684517025947571,
                    0.12821421027183533
                ],
                [
                    -4.272225240242733e-08,
                    0.8694223165512085,
                    0.4940696954727173,
                    0.5928836464881897
                ],
                [
                    0,
                    0,
                    0,
                    1
                ]
            ]
        },
        {
            "file_path": "005.png",
            "transform_matrix": [
                [
                    0.9432997703552246,
                    -0.14257079362869263,
                    0.299765020608902,
                    0.35971808433532715
                ],
                [
                    0.33194202184677124,
                    0.4051521420478821,
                    -0.8518604636192322,
                    -1.0222326517105103
                ],
                [
                    -2.3180525943189423e-08,
                    0.9030644297599792,
                    0.4295051693916321,
                    0.51540607213974
                ],
                [
                    0,
                    0,
                    0,
                    1
                ]
            ]
        }
    ]
}