{
    "camera_angle_x": 0.8575560450553894,
    "aabb": [
        [
            -0.35,
            -0.35,
            -0.35
        ],
        [
            0.35,
            0.35,
            0.35
        ]
    ],
    "frames": [
        {
            "file_path": "000.png",
            "transform_matrix": [
                [
                    -0.02632845565676689,
                    -0.4797060787677765,
                    0.8770341873168945,
                    1.052441120147705
                ],
                [
                    0.9996533989906311,
                    -0.012634350918233395,
                    0.02309890277683735,
                    0.027718691155314445
                ],
                [
                    2.7035579108769525e-08,
                    0.8773383498191833,
                    0.47987237572669983,
                    0.5758468508720398
                ],
                [
                    0,
                    0,
                    0,
                    1
                ]
            ]
        },
        {
            "file_path": "001.png",
            "transform_matrix": [
                [
                    -0.7338430881500244,
                    0.08438127487897873,
                    -0.6740580201148987,
                    -0.8088696599006653
                ],
                [
                    -0.6793190836906433,
                    -0.09115396440029144,
                    0.7281597256660461,
                    0.8737916946411133
                ],
                [
                    5.991260820792377e-09,
                    0.992255449295044,
                    0.12421445548534393,
                    0.14905743300914764
                ],
                [
                    0,
                    0,
                    0,
                    1
                ]
            ]
        },
        {
            "file_path": "002.png",
            "transform_matrix": [
                [
                    0.054839231073856354,
                    -0.34420546889305115,
                    0.9372914433479309,
                    1.124749779701233
                ],
                [
                    0.9984952211380005,
                    0.01890437677502632,
                    -0.051477834582328796,
                    -0.0617733933031559
                ],
                [
                    1.938776250653973e-08,
                    0.9387040138244629,
                    0.34472420811653137,
                    0.4136691093444824
                ],
                [
                    0,
                    0,
                    0,
                    1
                ]
            ]
        },
        {
            "file_path": "003.png",
            "transform_matrix": [
                [
                    -0.9961521029472351,
                    0.03206084668636322,
                    -0.0815666913986206,
                    -0.09788002818822861
                ],
                [
                    -0.08764144778251648,
                    -0.3644106090068817,
                    0.9271051287651062,
                    1.1125261783599854
                ],
                [
                    6.520404216558973e-09,
                    0.930686354637146,
                    0.36581823229789734,
                    0.4389820098876953
                ],
                [
                    0,
                    0,
                    0,
                    1
                ]
            ]
        },
        {
            "file_path": "004.png",
            "transform_matrix": [
                [
                    0.9604366421699524,
                    -0.004870349541306496,
                    0.2784559726715088,
                    0.334147185087204
                ],
                [
                    0.2784985601902008,
                    0.01679593324661255,
                    -0.9602898359298706,
                    -1.1523478031158447
                ],
                [
                    7.0763936932394245e-09,
                    0.9998471140861511,
                    0.017487812787294388,
                    0.020985662937164307
                ],
                [
                    0,
                    0,
                    0,
                    1
                ]
            ]
        },
        {
            "file_path": "005.png",
            "transform_matrix": [
                [
                    0.6258344054222107,
                    -0.0022448250092566013,
                    0.7799527645111084,
                    0.9359433650970459
                ],
                [
                    0.7799559831619263,
                    0.0018011494539678097,
                    -0.6258319020271301,
                    -0.7509981989860535
                ],
                [
                    8.994732070277678e-09,
                    0.9999959468841553,
                    0.0028780559077858925,
                    0.0034537864848971367
                ],
                [
                    0,
                    0,
                    0,
                    1
                ]
            ]
        }
    ]
}