{
    "camera_angle_x": 0.8575560450553894,
    "aabb": [
        [
            -0.35,
            -0.35,
            -0.35
        ],
        [
            0.35,
            0.35,
            0.35
        ]
    ],
    "frames": [
        {
            "file_path": "000.png",
            "transform_matrix": [
                [
                    -0.9993032217025757,
                    0.016939496621489525,
                    -0.03326225280761719,
                    -0.039914704859256744
                ],
                [
                    -0.03732725605368614,
                    -0.4534941613674164,
                    0.8904773592948914,
                    1.068572759628296
                ],
                [
                    1.3823853173278167e-09,
                    0.8910983800888062,
                    0.45381030440330505,
                    0.5445725917816162
                ],
                [
                    0,
                    0,
                    0,
                    1
                ]
            ]
        },
        {
            "file_path": "001.png",
            "transform_matrix": [
                [
                    0.678444504737854,
                    0.2943580746650696,
                    -0.673102080821991,
                    -0.8077224493026733
                ],
                [
                    -0.7346516847610474,
                    0.27183711528778076,
                    -0.6216040253639221,
                    -0.7459248304367065
                ],
                [
                    -9.303796844051249e-09,
                    0.9162194132804871,
                    0.40067702531814575,
                    0.4808124601840973
                ],
                [
                    0,
                    0,
                    0,
                    1
                ]
            ]
        },
        {
            "file_path": "002.png",
            "transform_matrix": [
                [
                    0.9743205308914185,
                    0.06859657913446426,
                    -0.21446222066879272,
                    -0.25735461711883545
                ],
                [
                    -0.22516557574272156,
                    0.2968260645866394,
                    -0.9280059933662415,
                    -1.1136069297790527
                ],
                [
                    2.8646347516314563e-09,
                    0.9524648189544678,
                    0.30464932322502136,
                    0.3655794858932495
                ],
                [
                    0,
                    0,
                    0,
                    1
                ]
            ]
        },
        {
            "file_path": "003.png",
            "transform_matrix": [
                [
                    0.8715286254882812,
                    -0.15853500366210938,
                    0.464009165763855,
                    0.5568109750747681
                ],
                [
                    0.4903446435928345,
                    0.28177687525749207,
                    -0.824720561504364,
                    -0.989664614200592
                ],
                [
                    1.619526379670333e-08,
                    0.946291983127594,
                    0.3233133852481842,
                    0.38797619938850403
                ],
                [
                    0,
                    0,
                    0,
                    1
                ]
            ]
        },
        {
            "file_path": "004.png",
            "transform_matrix": [
                [
                    -0.8027246594429016,
                    -0.23205524682998657,
                    0.5493484735488892,
                    0.6592181324958801
                ],
                [
                    0.5963500142097473,
                    -0.3123609721660614,
                    0.7394574880599976,
                    0.887349009513855
                ],
                [
                    -1.2391700110470083e-08,
                    0.9211846590042114,
                    0.38912585377693176,
                    0.46695107221603394
                ],
                [
                    0,
                    0,
                    0,
                    1
                ]
            ]
        },
        {
            "file_path": "005.png",
            "transform_matrix": [
                [
                    0.7636930346488953,
                    0.12468624114990234,
                    -0.6334243416786194,
                    -0.7601091265678406
                ],
                [
                    -0.6455795764923096,
                    0.14749833941459656,
                    -0.7493139505386353,
                    -0.8991766571998596
                ],
                [
                    -4.82746429497638e-08,
                    0.9811716079711914,
                    0.19313833117485046,
                    0.23176617920398712
                ],
                [
                    0,
                    0,
                    0,
                    1
                ]
            ]
        }
    ]
}