{
    "camera_angle_x": 0.8575560450553894,
    "aabb": [
        [
            -0.35,
            -0.35,
            -0.35
        ],
        [
            0.35,
            0.35,
            0.35
        ]
    ],
    "frames": [
        {
            "file_path": "000.png",
            "transform_matrix": [
                [
                    0.5248565077781677,
                    -0.27166274189949036,
                    0.8066752552986145,
                    0.9680103659629822
                ],
                [
                    0.8511907458305359,
                    0.1675112396478653,
                    -0.49740761518478394,
                    -0.5968891382217407
                ],
                [
                    -5.230647559528734e-08,
                    0.947702169418335,
                    0.3191561698913574,
                    0.38298752903938293
                ],
                [
                    0,
                    0,
                    0,
                    1
                ]
            ]
        },
        {
            "file_path": "001.png",
            "transform_matrix": [
                [
                    0.3277651369571686,
                    0.3762551546096802,
                    -0.8666038513183594,
                    -1.0399245023727417
                ],
                [
                    -0.9447593092918396,
                    0.13053405284881592,
                    -0.3006507456302643,
                    -0.36078083515167236
                ],
                [
                    2.0429453684300825e-09,
                    0.9172748327255249,
                    0.39825499057769775,
                    0.47790607810020447
                ],
                [
                    0,
                    0,
                    0,
                    1
                ]
            ]
        },
        {
            "file_path": "002.png",
            "transform_matrix": [
                [
                    -0.9582827091217041,
                    -0.0962715595960617,
                    0.26912152767181396,
                    0.32294583320617676
                ],
                [
                    0.28582268953323364,
                    -0.3227713704109192,
                    0.9022883772850037,
                    1.082745909690857
                ],
                [
                    -9.98951588115915e-09,
                    0.9415681958198547,
                    0.3368225693702698,
                    0.40418723225593567
                ],
                [
                    0,
                    0,
                    0,
                    1
                ]
            ]
        },
        {
            "file_path": "003.png",
            "transform_matrix": [
                [
                    0.6943917274475098,
                    -0.27775469422340393,
                    0.6638316512107849,
                    0.7965980172157288
                ],
                [
                    0.7195972204208374,
                    0.26802563667297363,
                    -0.6405795216560364,
                    -0.7686954736709595
                ],
                [
                    5.1700293823842e-08,
                    0.9225045442581177,
                    0.3859862983226776,
                    0.46318358182907104
                ],
                [
                    0,
                    0,
                    0,
                    1
                ]
            ]
        },
        {
            "file_path": "004.png",
            "transform_matrix": [
                [
                    0.542466938495636,
                    0.2791271209716797,
                    -0.7923494577407837,
                    -0.9508193731307983
                ],
                [
                    -0.8400771617889404,
                    0.18024204671382904,
                    -0.5116475224494934,
                    -0.6139769554138184
                ],
                [
                    1.3913670215970342e-09,
                    0.9431865215301514,
                    0.33226364850997925,
                    0.3987164795398712
                ],
                [
                    0,
                    0,
                    0,
                    1
                ]
            ]
        },
        {
            "file_path": "005.png",
            "transform_matrix": [
                [
                    -0.8771504759788513,
                    0.23449599742889404,
                    -0.41906923055648804,
                    -0.5028830766677856
                ],
                [
                    -0.48021599650382996,
                    -0.4283245801925659,
                    0.765461266040802,
                    0.9185534715652466
                ],
                [
                    -1.0310817977199349e-08,
                    0.8726682662963867,
                    0.48831358551979065,
                    0.5859763026237488
                ],
                [
                    0,
                    0,
                    0,
                    1
                ]
            ]
        }
    ]
}