{
    "camera_angle_x": 0.8575560450553894,
    "aabb": [
        [
            -0.35,
            -0.35,
            -0.35
        ],
        [
            0.35,
            0.35,
            0.35
        ]
    ],
    "frames": [
        {
            "file_path": "000.png",
            "transform_matrix": [
                [
                    -0.9736228585243225,
                    -0.015323447994887829,
                    0.22764843702316284,
                    0.2731781005859375
                ],
                [
                    0.22816357016563416,
                    -0.06538838148117065,
                    0.9714246392250061,
                    1.1657094955444336
                ],
                [
                    -1.8763095965823595e-08,
                    0.997742235660553,
                    0.06715981662273407,
                    0.08059199154376984
                ],
                [
                    0,
                    0,
                    0,
                    1
                ]
            ]
        },
        {
            "file_path": "001.png",
            "transform_matrix": [
                [
                    0.7418209314346313,
                    0.12798148393630981,
                    -0.6582723259925842,
                    -0.7899267673492432
                ],
                [
                    -0.670598030090332,
                    0.14157406985759735,
                    -0.7281861901283264,
                    -0.8738234639167786
                ],
                [
                    -2.6097128014157533e-08,
                    0.9816198945045471,
                    0.19084672629833221,
                    0.22901611030101776
                ],
                [
                    0,
                    0,
                    0,
                    1
                ]
            ]
        },
        {
            "file_path": "002.png",
            "transform_matrix": [
                [
                    -0.7046663761138916,
                    0.18412545323371887,
                    -0.6852322220802307,
                    -0.8222786784172058
                ],
                [
                    -0.7095388770103455,
                    -0.18286101520061493,
                    0.680526614189148,
                    0.8166319727897644
                ],
                [
                    3.436614903762347e-08,
                    0.9657431244850159,
                    0.25950008630752563,
                    0.3114001452922821
                ],
                [
                    0,
                    0,
                    0,
                    1
                ]
            ]
        },
        {
            "file_path": "003.png",
            "transform_matrix": [
                [
                    0.9718625545501709,
                    0.04200774431228638,
                    -0.23177260160446167,
                    -0.27812710404396057
                ],
                [
                    -0.2355486899614334,
                    0.17332179844379425,
                    -0.9562826752662659,
                    -1.1475391387939453
                ],
                [
                    -1.0375275749652246e-08,
                    0.9839690327644348,
                    0.17833982408046722,
                    0.21400795876979828
                ],
                [
                    0,
                    0,
                    0,
                    1
                ]
            ]
        },
        {
            "file_path": "004.png",
            "transform_matrix": [
                [
                    -0.5156975984573364,
                    0.19779087603092194,
                    -0.8336276412010193,
                    -1.0003530979156494
                ],
                [
                    -0.8567708730697632,
                    -0.11905203014612198,
                    0.5017673969268799,
                    0.6021208167076111
                ],
                [
                    2.350274996842927e-08,
                    0.972987949848175,
                    0.23085613548755646,
                    0.2770274579524994
                ],
                [
                    0,
                    0,
                    0,
                    1
                ]
            ]
        },
        {
            "file_path": "005.png",
            "transform_matrix": [
                [
                    0.6677443385124207,
                    0.03765913471579552,
                    -0.7434375286102295,
                    -0.8921250700950623
                ],
                [
                    -0.7443907856941223,
                    0.033781424164772034,
                    -0.6668893694877625,
                    -0.8002671599388123
                ],
                [
                    -2.6271159470070415e-08,
                    0.9987195730209351,
                    0.050590429455041885,
                    0.06070868298411369
                ],
                [
                    0,
                    0,
                    0,
                    1
                ]
            ]
        }
    ]
}