{
    "camera_angle_x": 0.8575560450553894,
    "aabb": [
        [
            -0.35,
            -0.35,
            -0.35
        ],
        [
            0.35,
            0.35,
            0.35
        ]
    ],
    "frames": [
        {
            "file_path": "000.png",
            "transform_matrix": [
                [
                    0.9883130192756653,
                    0.049521807581186295,
                    -0.14416979253292084,
                    -0.17300373315811157
                ],
                [
                    -0.1524379849433899,
                    0.32106852531433105,
                    -0.9347073435783386,
                    -1.1216486692428589
                ],
                [
                    -1.4534027314994091e-09,
                    0.9457603693008423,
                    0.3248652219772339,
                    0.38983842730522156
                ],
                [
                    0,
                    0,
                    0,
                    1
                ]
            ]
        },
        {
            "file_path": "001.png",
            "transform_matrix": [
                [
                    0.22005318105220795,
                    0.3557742238044739,
                    -0.9082958102226257,
                    -1.0899549722671509
                ],
                [
                    -0.9754878878593445,
                    0.08025651425123215,
                    -0.20489583909511566,
                    -0.2458750307559967
                ],
                [
                    2.163253398634879e-08,
                    0.9311195611953735,
                    0.3647141456604004,
                    0.43765708804130554
                ],
                [
                    0,
                    0,
                    0,
                    1
                ]
            ]
        },
        {
            "file_path": "002.png",
            "transform_matrix": [
                [
                    -0.9422668218612671,
                    -0.13611608743667603,
                    0.3059511184692383,
                    0.36714136600494385
                ],
                [
                    0.33486366271972656,
                    -0.38301464915275574,
                    0.8609102368354797,
                    1.0330921411514282
                ],
                [
                    -4.0266376899467105e-09,
                    0.913658857345581,
                    0.4064820110797882,
                    0.48777857422828674
                ],
                [
                    0,
                    0,
                    0,
                    1
                ]
            ]
        },
        {
            "file_path": "003.png",
            "transform_matrix": [
                [
                    -0.2611626386642456,
                    0.378416508436203,
                    -0.8880288004875183,
                    -1.0656344890594482
                ],
                [
                    -0.9652948975563049,
                    -0.10238146036863327,
                    0.2402580827474594,
                    0.2883096933364868
                ],
                [
                    -5.2195474609106896e-09,
                    0.9199560284614563,
                    0.39202162623405457,
                    0.47042614221572876
                ],
                [
                    0,
                    0,
                    0,
                    1
                ]
            ]
        },
        {
            "file_path": "004.png",
            "transform_matrix": [
                [
                    -0.759733259677887,
                    0.07542393356561661,
                    -0.6458459496498108,
                    -0.775015115737915
                ],
                [
                    -0.6502351760864258,
                    -0.0881253182888031,
                    0.7546048164367676,
                    0.9055256843566895
                ],
                [
                    -4.270607334433407e-08,
                    0.9932498931884766,
                    0.11599480360746384,
                    0.13919377326965332
                ],
                [
                    0,
                    0,
                    0,
                    1
                ]
            ]
        },
        {
            "file_path": "005.png",
            "transform_matrix": [
                [
                    0.16956207156181335,
                    -0.45125725865364075,
                    0.8761368989944458,
                    1.0513641834259033
                ],
                [
                    0.9855196475982666,
                    0.07764033228158951,
                    -0.15074248611927032,
                    -0.18089093267917633
                ],
                [
                    -3.238028511987068e-08,
                    0.8890101909637451,
                    0.45788756012916565,
                    0.5494651198387146
                ],
                [
                    0,
                    0,
                    0,
                    1
                ]
            ]
        }
    ]
}