{
    "camera_angle_x": 0.8575560450553894,
    "aabb": [
        [
            -0.35,
            -0.35,
            -0.35
        ],
        [
            0.35,
            0.35,
            0.35
        ]
    ],
    "frames": [
        {
            "file_path": "000.png",
            "transform_matrix": [
                [
                    -0.22293636202812195,
                    0.36265599727630615,
                    -0.9048647284507751,
                    -1.0858376026153564
                ],
                [
                    -0.974833071231842,
                    -0.08293646574020386,
                    0.2069351226091385,
                    0.24832217395305634
                ],
                [
                    3.263188830260333e-08,
                    0.9282253384590149,
                    0.3720185458660126,
                    0.446422278881073
                ],
                [
                    0,
                    0,
                    0,
                    1
                ]
            ]
        },
        {
            "file_path": "001.png",
            "transform_matrix": [
                [
                    -0.7336531281471252,
                    -0.2838994562625885,
                    0.6173770427703857,
                    0.7408524751663208
                ],
                [
                    0.6795243620872498,
                    -0.3065139949321747,
                    0.6665553450584412,
                    0.7998663783073425
                ],
                [
                    -9.2618837044256e-09,
                    0.908543050289154,
                    0.41779136657714844,
                    0.501349687576294
                ],
                [
                    0,
                    0,
                    0,
                    1
                ]
            ]
        },
        {
            "file_path": "002.png",
            "transform_matrix": [
                [
                    0.8911922574043274,
                    -0.08658567070960999,
                    0.4452855885028839,
                    0.5343427062034607
                ],
                [
                    0.45362576842308044,
                    0.17010609805583954,
                    -0.8748071789741516,
                    -1.0497686862945557
                ],
                [
                    -2.779337648917135e-08,
                    0.9816144108772278,
                    0.19087472558021545,
                    0.22904957830905914
                ],
                [
                    0,
                    0,
                    0,
                    1
                ]
            ]
        },
        {
            "file_path": "003.png",
            "transform_matrix": [
                [
                    -0.7215740084648132,
                    -0.0880473256111145,
                    0.6867161393165588,
                    0.8240593075752258
                ],
                [
                    0.6923376321792603,
                    -0.09176557511091232,
                    0.7157149910926819,
                    0.8588578701019287
                ],
                [
                    2.5752701304782022e-08,
                    0.9918805360794067,
                    0.12717387080192566,
                    0.15260866284370422
                ],
                [
                    0,
                    0,
                    0,
                    1
                ]
            ]
        },
        {
            "file_path": "004.png",
            "transform_matrix": [
                [
                    -0.9385191798210144,
                    0.15755808353424072,
                    -0.3071763515472412,
                    -0.368611603975296
                ],
                [
                    -0.3452272415161133,
                    -0.42833033204078674,
                    0.8350756764411926,
                    1.0020908117294312
                ],
                [
                    -9.205427531355781e-09,
                    0.8897801041603088,
                    0.45638948678970337,
                    0.5476675033569336
                ],
                [
                    0,
                    0,
                    0,
                    1
                ]
            ]
        },
        {
            "file_path": "005.png",
            "transform_matrix": [
                [
                    -0.9411523342132568,
                    -0.07350893318653107,
                    0.32989203929901123,
                    0.39587047696113586
                ],
                [
                    0.337982714176178,
                    -0.20469418168067932,
                    0.9186229109764099,
                    1.102347493171692
                ],
                [
                    -1.3664295472892718e-08,
                    0.9760618805885315,
                    0.21749311685562134,
                    0.26099178194999695
                ],
                [
                    0,
                    0,
                    0,
                    1
                ]
            ]
        }
    ]
}