{
    "camera_angle_x": 0.8575560450553894,
    "aabb": [
        [
            -0.35,
            -0.35,
            -0.35
        ],
        [
            0.35,
            0.35,
            0.35
        ]
    ],
    "frames": [
        {
            "file_path": "000.png",
            "transform_matrix": [
                [
                    -0.9990213513374329,
                    -0.021640699356794357,
                    0.03857552632689476,
                    0.04629063233733177
                ],
                [
                    0.0442311093211174,
                    -0.48878535628318787,
                    0.871282160282135,
                    1.0455385446548462
                ],
                [
                    -2.16726014912183e-09,
                    0.8721356987953186,
                    0.4892641305923462,
                    0.587117075920105
                ],
                [
                    0,
                    0,
                    0,
                    1
                ]
            ]
        },
        {
            "file_path": "001.png",
            "transform_matrix": [
                [
                    -0.8404418230056763,
                    0.2507416605949402,
                    -0.4804021418094635,
                    -0.5764825940132141
                ],
                [
                    -0.5419018268585205,
                    -0.38887810707092285,
                    0.7450612187385559,
                    0.894073486328125
                ],
                [
                    2.4925359554117676e-09,
                    0.8865113854408264,
                    0.4627067744731903,
                    0.5552481412887573
                ],
                [
                    0,
                    0,
                    0,
                    1
                ]
            ]
        },
        {
            "file_path": "002.png",
            "transform_matrix": [
                [
                    -0.7688397765159607,
                    -0.3120395839214325,
                    0.5581368803977966,
                    0.6697642803192139
                ],
                [
                    0.6394415497779846,
                    -0.3751842975616455,
                    0.6710821986198425,
                    0.8052986264228821
                ],
                [
                    -2.21492886254282e-08,
                    0.8728505373001099,
                    0.4879876375198364,
                    0.5855852961540222
                ],
                [
                    0,
                    0,
                    0,
                    1
                ]
            ]
        },
        {
            "file_path": "003.png",
            "transform_matrix": [
                [
                    0.6506345272064209,
                    0.10618121176958084,
                    -0.7519310712814331,
                    -0.902317225933075
                ],
                [
                    -0.7593910098075867,
                    0.0909743681550026,
                    -0.6442429423332214,
                    -0.7730915546417236
                ],
                [
                    -1.4374517576243306e-08,
                    0.9901763796806335,
                    0.13982410728931427,
                    0.16778893768787384
                ],
                [
                    0,
                    0,
                    0,
                    1
                ]
            ]
        },
        {
            "file_path": "004.png",
            "transform_matrix": [
                [
                    -0.08884435147047043,
                    -0.48749738931655884,
                    0.8685925602912903,
                    1.0423110723495483
                ],
                [
                    0.9960455894470215,
                    -0.04348341003060341,
                    0.07747585326433182,
                    0.092971071600914
                ],
                [
                    5.55089769704864e-08,
                    0.8720410466194153,
                    0.48943281173706055,
                    0.5873193740844727
                ],
                [
                    0,
                    0,
                    0,
                    1
                ]
            ]
        },
        {
            "file_path": "005.png",
            "transform_matrix": [
                [
                    -0.9188122749328613,
                    0.16583052277565002,
                    -0.35816797614097595,
                    -0.4298016130924225
                ],
                [
                    -0.39469489455223083,
                    -0.386037677526474,
                    0.8337810635566711,
                    1.0005372762680054
                ],
                [
                    1.1712039338362956e-08,
                    0.907455325126648,
                    0.4201485812664032,
                    0.5041784048080444
                ],
                [
                    0,
                    0,
                    0,
                    1
                ]
            ]
        }
    ]
}