{
    "camera_angle_x": 0.8575560450553894,
    "aabb": [
        [
            -0.35,
            -0.35,
            -0.35
        ],
        [
            0.35,
            0.35,
            0.35
        ]
    ],
    "frames": [
        {
            "file_path": "000.png",
            "transform_matrix": [
                [
                    0.998448371887207,
                    0.026427073404192924,
                    -0.0490151084959507,
                    -0.05881812795996666
                ],
                [
                    -0.05568546801805496,
                    0.47384113073349,
                    -0.8788479566574097,
                    -1.0546175241470337
                ],
                [
                    -2.600849535738803e-09,
                    0.880213737487793,
                    0.47457751631736755,
                    0.5694931745529175
                ],
                [
                    0,
                    0,
                    0,
                    1
                ]
            ]
        },
        {
            "file_path": "001.png",
            "transform_matrix": [
                [
                    -0.9832637310028076,
                    -0.016437528654932976,
                    0.18144534528255463,
                    0.2177344262599945
                ],
                [
                    0.18218839168548584,
                    -0.08871275186538696,
                    0.9792535901069641,
                    1.1751042604446411
                ],
                [
                    -2.480527783177422e-09,
                    0.9959216713905334,
                    0.09022264927625656,
                    0.10826731473207474
                ],
                [
                    0,
                    0,
                    0,
                    1
                ]
            ]
        },
        {
            "file_path": "002.png",
            "transform_matrix": [
                [
                    0.24179674685001373,
                    0.4528888463973999,
                    -0.8581527471542358,
                    -1.0297832489013672
                ],
                [
                    -0.9703269600868225,
                    0.11285571753978729,
                    -0.21384404599666595,
                    -0.2566128373146057
                ],
                [
                    -7.878817598339083e-08,
                    0.8843954801559448,
                    0.46673834323883057,
                    0.5600860118865967
                ],
                [
                    0,
                    0,
                    0,
                    1
                ]
            ]
        },
        {
            "file_path": "003.png",
            "transform_matrix": [
                [
                    0.8903972506523132,
                    -0.17455676198005676,
                    0.42038393020629883,
                    0.5044606924057007
                ],
                [
                    0.4551842510700226,
                    0.34145480394363403,
                    -0.8223235607147217,
                    -0.9867882132530212
                ],
                [
                    -3.856710506511263e-09,
                    0.9235467910766602,
                    0.38348591327667236,
                    0.46018317341804504
                ],
                [
                    0,
                    0,
                    0,
                    1
                ]
            ]
        },
        {
            "file_path": "004.png",
            "transform_matrix": [
                [
                    0.10985591262578964,
                    0.3243173062801361,
                    -0.9395477771759033,
                    -1.1274572610855103
                ],
                [
                    -0.9939475655555725,
                    0.0358450710773468,
                    -0.10384343564510345,
                    -0.12461213022470474
                ],
                [
                    -2.416990341203018e-08,
                    0.945268988609314,
                    0.32629215717315674,
                    0.39155060052871704
                ],
                [
                    0,
                    0,
                    0,
                    1
                ]
            ]
        },
        {
            "file_path": "005.png",
            "transform_matrix": [
                [
                    0.8615292906761169,
                    0.10117071866989136,
                    -0.4975256621837616,
                    -0.597030758857727
                ],
                [
                    -0.5077078938484192,
                    0.17167651653289795,
                    -0.8442510962486267,
                    -1.01310133934021
                ],
                [
                    -9.272746126498532e-09,
                    0.9799447655677795,
                    0.19926950335502625,
                    0.23912352323532104
                ],
                [
                    0,
                    0,
                    0,
                    1
                ]
            ]
        }
    ]
}