{
    "camera_angle_x": 0.8575560450553894,
    "aabb": [
        [
            -0.35,
            -0.35,
            -0.35
        ],
        [
            0.35,
            0.35,
            0.35
        ]
    ],
    "frames": [
        {
            "file_path": "000.png",
            "transform_matrix": [
                [
                    0.9494815468788147,
                    -0.14157114923000336,
                    0.28007566928863525,
                    0.3360908031463623
                ],
                [
                    0.31382283568382263,
                    0.4283282160758972,
                    -0.8473784923553467,
                    -1.016854166984558
                ],
                [
                    9.04018904179793e-09,
                    0.8924643397331238,
                    0.45111799240112305,
                    0.5413416624069214
                ],
                [
                    0,
                    0,
                    0,
                    1
                ]
            ]
        },
        {
            "file_path": "001.png",
            "transform_matrix": [
                [
                    -0.31420522928237915,
                    -0.08953037112951279,
                    0.9451241493225098,
                    1.1341489553451538
                ],
                [
                    0.9493551850318909,
                    -0.029631683602929115,
                    0.31280478835105896,
                    0.3753657042980194
                ],
                [
                    -5.708505890211768e-11,
                    0.9955433011054993,
                    0.09430641680955887,
                    0.11316778510808945
                ],
                [
                    0,
                    0,
                    0,
                    1
                ]
            ]
        },
        {
            "file_path": "002.png",
            "transform_matrix": [
                [
                    -0.9992386102676392,
                    0.018275411799550056,
                    -0.03447093814611435,
                    -0.0413651280105114
                ],
                [
                    -0.03901584446430206,
                    -0.4680533707141876,
                    0.8828384876251221,
                    1.0594062805175781
                ],
                [
                    -5.608776776355739e-10,
                    0.8835111856460571,
                    0.46841001510620117,
                    0.5620920658111572
                ],
                [
                    0,
                    0,
                    0,
                    1
                ]
            ]
        },
        {
            "file_path": "003.png",
            "transform_matrix": [
                [
                    0.674239993095398,
                    -0.19805379211902618,
                    0.7114598751068115,
                    0.8537518382072449
                ],
                [
                    0.7385123372077942,
                    0.18081723153591156,
                    -0.6495419144630432,
                    -0.7794503569602966
                ],
                [
                    1.3455544234375338e-08,
                    0.9633690118789673,
                    0.26817935705184937,
                    0.3218153417110443
                ],
                [
                    0,
                    0,
                    0,
                    1
                ]
            ]
        },
        {
            "file_path": "004.png",
            "transform_matrix": [
                [
                    0.9510843753814697,
                    0.07967374473810196,
                    -0.2984805703163147,
                    -0.35817670822143555
                ],
                [
                    -0.3089313209056854,
                    0.24528567492961884,
                    -0.9189105033874512,
                    -1.1026926040649414
                ],
                [
                    -1.0824458662739289e-08,
                    0.966171383857727,
                    0.25790107250213623,
                    0.3094813823699951
                ],
                [
                    0,
                    0,
                    0,
                    1
                ]
            ]
        },
        {
            "file_path": "005.png",
            "transform_matrix": [
                [
                    0.9632532596588135,
                    -0.07999357581138611,
                    0.2564062774181366,
                    0.30768752098083496
                ],
                [
                    0.26859477162361145,
                    0.28687846660614014,
                    -0.919542133808136,
                    -1.1034504175186157
                ],
                [
                    3.973466000672943e-09,
                    0.9546213150024414,
                    0.2978224754333496,
                    0.35738706588745117
                ],
                [
                    0,
                    0,
                    0,
                    1
                ]
            ]
        }
    ]
}