{
    "camera_angle_x": 0.8575560450553894,
    "aabb": [
        [
            -0.35,
            -0.35,
            -0.35
        ],
        [
            0.35,
            0.35,
            0.35
        ]
    ],
    "frames": [
        {
            "file_path": "000.png",
            "transform_matrix": [
                [
                    -0.9778662919998169,
                    0.03115912713110447,
                    -0.206898033618927,
                    -0.24827763438224792
                ],
                [
                    -0.2092311829328537,
                    -0.14562582969665527,
                    0.9669620394706726,
                    1.1603543758392334
                ],
                [
                    3.7604488412057435e-09,
                    0.9888489842414856,
                    0.14892195165157318,
                    0.1787063330411911
                ],
                [
                    0,
                    0,
                    0,
                    1
                ]
            ]
        },
        {
            "file_path": "001.png",
            "transform_matrix": [
                [
                    -0.9752037525177002,
                    -0.08821384608745575,
                    0.20296764373779297,
                    0.24356119334697723
                ],
                [
                    0.22130872309207916,
                    -0.38871699571609497,
                    0.8943833112716675,
                    1.0732600688934326
                ],
                [
                    -1.3110050822717767e-08,
                    0.9171245098114014,
                    0.39860081672668457,
                    0.4783210754394531
                ],
                [
                    0,
                    0,
                    0,
                    1
                ]
            ]
        },
        {
            "file_path": "002.png",
            "transform_matrix": [
                [
                    0.8941184878349304,
                    -0.1458941400051117,
                    0.423399418592453,
                    0.5080792903900146
                ],
                [
                    0.44783052802085876,
                    0.2912856936454773,
                    -0.8453404903411865,
                    -1.0144085884094238
                ],
                [
                    1.569651608690492e-08,
                    0.945445716381073,
                    0.3257797658443451,
                    0.3909359276294708
                ],
                [
                    0,
                    0,
                    0,
                    1
                ]
            ]
        },
        {
            "file_path": "003.png",
            "transform_matrix": [
                [
                    -0.9649584889411926,
                    0.044512487947940826,
                    -0.2585996985435486,
                    -0.3103196620941162
                ],
                [
                    -0.2624026834964752,
                    -0.16369007527828217,
                    0.950973391532898,
                    1.1411681175231934
                ],
                [
                    -5.2229358615818455e-09,
                    0.9855071306228638,
                    0.16963426768779755,
                    0.20356114208698273
                ],
                [
                    0,
                    0,
                    0,
                    1
                ]
            ]
        },
        {
            "file_path": "004.png",
            "transform_matrix": [
                [
                    0.14808520674705505,
                    0.26250335574150085,
                    -0.9535004496574402,
                    -1.144200325012207
                ],
                [
                    -0.9889748096466064,
                    0.03930617868900299,
                    -0.1427735984325409,
                    -0.17132824659347534
                ],
                [
                    1.1855391335302556e-07,
                    0.9641304016113281,
                    0.26542964577674866,
                    0.3185157775878906
                ],
                [
                    0,
                    0,
                    0,
                    1
                ]
            ]
        },
        {
            "file_path": "005.png",
            "transform_matrix": [
                [
                    -0.9415226578712463,
                    -0.02640794776380062,
                    0.33591344952583313,
                    0.40309610962867737
                ],
                [
                    0.33694988489151,
                    -0.07379046827554703,
                    0.9386265873908997,
                    1.1263518333435059
                ],
                [
                    -2.715878189007981e-09,
                    0.996924102306366,
                    0.07837347686290741,
                    0.09404825419187546
                ],
                [
                    0,
                    0,
                    0,
                    1
                ]
            ]
        }
    ]
}