{
    "camera_angle_x": 0.8575560450553894,
    "aabb": [
        [
            -0.35,
            -0.35,
            -0.35
        ],
        [
            0.35,
            0.35,
            0.35
        ]
    ],
    "frames": [
        {
            "file_path": "000.png",
            "transform_matrix": [
                [
                    0.9747174382209778,
                    0.09192293137311935,
                    -0.2036568969488144,
                    -0.2443881779909134
                ],
                [
                    -0.22344116866588593,
                    0.400995135307312,
                    -0.8884127736091614,
                    -1.066094994544983
                ],
                [
                    -2.5276126081053008e-08,
                    0.9114567637443542,
                    0.4113962948322296,
                    0.49367591738700867
                ],
                [
                    0,
                    0,
                    0,
                    1
                ]
            ]
        },
        {
            "file_path": "001.png",
            "transform_matrix": [
                [
                    0.9258983731269836,
                    0.14935912191867828,
                    -0.3469928503036499,
                    -0.4163914620876312
                ],
                [
                    -0.37777265906333923,
                    0.3660702705383301,
                    -0.8504589200019836,
                    -1.0205507278442383
                ],
                [
                    -1.9143126195331206e-08,
                    0.9185229539871216,
                    0.39536768198013306,
                    0.4744413495063782
                ],
                [
                    0,
                    0,
                    0,
                    1
                ]
            ]
        },
        {
            "file_path": "002.png",
            "transform_matrix": [
                [
                    -0.08305414766073227,
                    -0.38010716438293457,
                    0.9212060570716858,
                    1.1054472923278809
                ],
                [
                    0.9965450763702393,
                    -0.03167898207902908,
                    0.0767751932144165,
                    0.09213028103113174
                ],
                [
                    3.942061610473502e-08,
                    0.9243998527526855,
                    0.3814249336719513,
                    0.4577099680900574
                ],
                [
                    0,
                    0,
                    0,
                    1
                ]
            ]
        },
        {
            "file_path": "003.png",
            "transform_matrix": [
                [
                    -0.17209479212760925,
                    -0.1048046201467514,
                    0.9794895648956299,
                    1.1753872632980347
                ],
                [
                    0.9850805997848511,
                    -0.018309693783521652,
                    0.1711178570985794,
                    0.20534132421016693
                ],
                [
                    3.8946616598423134e-08,
                    0.9943244457244873,
                    0.1063917726278305,
                    0.1276702880859375
                ],
                [
                    0,
                    0,
                    0,
                    1
                ]
            ]
        },
        {
            "file_path": "004.png",
            "transform_matrix": [
                [
                    0.0319238156080246,
                    -0.25062111020088196,
                    0.9675588607788086,
                    1.1610705852508545
                ],
                [
                    0.9994904398918152,
                    0.008004672825336456,
                    -0.030904078856110573,
                    -0.03708498179912567
                ],
                [
                    8.40331324525323e-08,
                    0.968052327632904,
                    0.25074878334999084,
                    0.30089884996414185
                ],
                [
                    0,
                    0,
                    0,
                    1
                ]
            ]
        },
        {
            "file_path": "005.png",
            "transform_matrix": [
                [
                    0.7756733894348145,
                    0.2490052431821823,
                    -0.579937219619751,
                    -0.695924699306488
                ],
                [
                    -0.6311345100402832,
                    0.30603107810020447,
                    -0.7127511501312256,
                    -0.8553014397621155
                ],
                [
                    2.6442435796525388e-08,
                    0.9188804626464844,
                    0.39453598856925964,
                    0.4734432101249695
                ],
                [
                    0,
                    0,
                    0,
                    1
                ]
            ]
        }
    ]
}