{
    "camera_angle_x": 0.8575560450553894,
    "aabb": [
        [
            -0.35,
            -0.35,
            -0.35
        ],
        [
            0.35,
            0.35,
            0.35
        ]
    ],
    "frames": [
        {
            "file_path": "000.png",
            "transform_matrix": [
                [
                    -0.9798614382743835,
                    -0.09203029423952103,
                    0.17720620334148407,
                    0.2126474529504776
                ],
                [
                    0.19967876374721527,
                    -0.4516100287437439,
                    0.8695842623710632,
                    1.0435012578964233
                ],
                [
                    1.2600955834329852e-09,
                    0.8874563574790955,
                    0.4608917236328125,
                    0.5530700087547302
                ],
                [
                    0,
                    0,
                    0,
                    1
                ]
            ]
        },
        {
            "file_path": "001.png",
            "transform_matrix": [
                [
                    0.9979271292686462,
                    0.006326173897832632,
                    -0.06404223293066025,
                    -0.07685068994760513
                ],
                [
                    -0.06435392796993256,
                    0.09809920936822891,
                    -0.9930936694145203,
                    -1.191712498664856
                ],
                [
                    6.490784798529603e-09,
                    0.995156466960907,
                    0.09830297529697418,
                    0.11796335875988007
                ],
                [
                    0,
                    0,
                    0,
                    1
                ]
            ]
        },
        {
            "file_path": "002.png",
            "transform_matrix": [
                [
                    -0.9723021388053894,
                    -0.10860850661993027,
                    0.20696091651916504,
                    0.24835307896137238
                ],
                [
                    0.23372769355773926,
                    -0.4518090486526489,
                    0.8609529733657837,
                    1.0331435203552246
                ],
                [
                    -2.891351158496036e-09,
                    0.8854788541793823,
                    0.46467968821525574,
                    0.5576156973838806
                ],
                [
                    0,
                    0,
                    0,
                    1
                ]
            ]
        },
        {
            "file_path": "003.png",
            "transform_matrix": [
                [
                    -0.921424150466919,
                    -0.16053533554077148,
                    0.35384494066238403,
                    0.4246138632297516
                ],
                [
                    0.38855865597724915,
                    -0.38069185614585876,
                    0.8391043543815613,
                    1.006925106048584
                ],
                [
                    -3.1049101067992524e-08,
                    0.9106603860855103,
                    0.41315585374832153,
                    0.4957871735095978
                ],
                [
                    0,
                    0,
                    0,
                    1
                ]
            ]
        },
        {
            "file_path": "004.png",
            "transform_matrix": [
                [
                    -0.7949435710906982,
                    -0.10401874035596848,
                    0.597699761390686,
                    0.7172397375106812
                ],
                [
                    0.6066835522651672,
                    -0.13629688322544098,
                    0.7831720113754272,
                    0.9398062825202942
                ],
                [
                    1.4374087697888172e-08,
                    0.985192060470581,
                    0.17145465314388275,
                    0.20574568212032318
                ],
                [
                    0,
                    0,
                    0,
                    1
                ]
            ]
        },
        {
            "file_path": "005.png",
            "transform_matrix": [
                [
                    -0.9924182295799255,
                    0.05717965587973595,
                    -0.10879633575677872,
                    -0.13055558502674103
                ],
                [
                    -0.12290710210800171,
                    -0.46169939637184143,
                    0.8784802556037903,
                    1.0541763305664062
                ],
                [
                    -1.0365486247110312e-09,
                    0.8851916193962097,
                    0.4652266502380371,
                    0.558272123336792
                ],
                [
                    0,
                    0,
                    0,
                    1
                ]
            ]
        }
    ]
}