{
    "camera_angle_x": 0.8575560450553894,
    "aabb": [
        [
            -0.35,
            -0.35,
            -0.35
        ],
        [
            0.35,
            0.35,
            0.35
        ]
    ],
    "frames": [
        {
            "file_path": "000.png",
            "transform_matrix": [
                [
                    0.34093692898750305,
                    0.34244149923324585,
                    -0.8754974603652954,
                    -1.0505969524383545
                ],
                [
                    -0.9400861859321594,
                    0.12419182807207108,
                    -0.31751278042793274,
                    -0.3810153603553772
                ],
                [
                    7.184782191416161e-08,
                    0.9312949180603027,
                    0.3642660975456238,
                    0.43711933493614197
                ],
                [
                    0,
                    0,
                    0,
                    1
                ]
            ]
        },
        {
            "file_path": "001.png",
            "transform_matrix": [
                [
                    0.6882736086845398,
                    0.3033894896507263,
                    -0.6589646339416504,
                    -0.7907573580741882
                ],
                [
                    -0.7254512906074524,
                    0.2878413200378418,
                    -0.6251945495605469,
                    -0.7502332925796509
                ],
                [
                    2.0741950379488117e-09,
                    0.9083516001701355,
                    0.4182077646255493,
                    0.5018495321273804
                ],
                [
                    0,
                    0,
                    0,
                    1
                ]
            ]
        },
        {
            "file_path": "002.png",
            "transform_matrix": [
                [
                    -0.23460978269577026,
                    0.4689178466796875,
                    -0.8515129685401917,
                    -1.0218156576156616
                ],
                [
                    -0.9720896482467651,
                    -0.11317134648561478,
                    0.20550909638404846,
                    0.24661089479923248
                ],
                [
                    2.497172957305338e-08,
                    0.8759613633155823,
                    0.48238125443458557,
                    0.5788575410842896
                ],
                [
                    0,
                    0,
                    0,
                    1
                ]
            ]
        },
        {
            "file_path": "003.png",
            "transform_matrix": [
                [
                    0.8677534461021423,
                    0.08872709423303604,
                    -0.4890107214450836,
                    -0.5868127942085266
                ],
                [
                    -0.4969949424266815,
                    0.15491743385791779,
                    -0.8538130521774292,
                    -1.0245755910873413
                ],
                [
                    -3.747292964817461e-08,
                    0.9839350581169128,
                    0.17852704226970673,
                    0.21423257887363434
                ],
                [
                    0,
                    0,
                    0,
                    1
                ]
            ]
        },
        {
            "file_path": "004.png",
            "transform_matrix": [
                [
                    -0.4330529272556305,
                    -0.423665851354599,
                    0.7955957651138306,
                    0.954714834690094
                ],
                [
                    0.9013686180114746,
                    -0.2035457193851471,
                    0.38223543763160706,
                    0.45868250727653503
                ],
                [
                    -3.750154320414367e-08,
                    0.8826531171798706,
                    0.47002503275871277,
                    0.5640301704406738
                ],
                [
                    0,
                    0,
                    0,
                    1
                ]
            ]
        },
        {
            "file_path": "005.png",
            "transform_matrix": [
                [
                    0.9997450113296509,
                    -0.003419894725084305,
                    0.022319497540593147,
                    0.026783397421240807
                ],
                [
                    0.02257998287677765,
                    0.15141823887825012,
                    -0.9882118105888367,
                    -1.1858543157577515
                ],
                [
                    1.8031038884203099e-09,
                    0.9884638786315918,
                    0.15145686268806458,
                    0.18174830079078674
                ],
                [
                    0,
                    0,
                    0,
                    1
                ]
            ]
        }
    ]
}