{
    "camera_angle_x": 0.8575560450553894,
    "aabb": [
        [
            -0.35,
            -0.35,
            -0.35
        ],
        [
            0.35,
            0.35,
            0.35
        ]
    ],
    "frames": [
        {
            "file_path": "000.png",
            "transform_matrix": [
                [
                    -0.6395473480224609,
                    -0.338184654712677,
                    0.690369725227356,
                    0.8284437656402588
                ],
                [
                    0.7687517404556274,
                    -0.2813459038734436,
                    0.5743390321731567,
                    0.6892067790031433
                ],
                [
                    2.5026785976933752e-08,
                    0.8980399370193481,
                    0.4399140179157257,
                    0.5278968214988708
                ],
                [
                    0,
                    0,
                    0,
                    1
                ]
            ]
        },
        {
            "file_path": "001.png",
            "transform_matrix": [
                [
                    0.903721272945404,
                    -0.007340048905462027,
                    0.4280584454536438,
                    0.5136701464653015
                ],
                [
                    0.4281213581562042,
                    0.015494141727685928,
                    -0.9035884141921997,
                    -1.0843061208724976
                ],
                [
                    -9.774385745231484e-09,
                    0.9998530149459839,
                    0.017144817858934402,
                    0.020573683083057404
                ],
                [
                    0,
                    0,
                    0,
                    1
                ]
            ]
        },
        {
            "file_path": "002.png",
            "transform_matrix": [
                [
                    -0.9658807516098022,
                    -0.05476028472185135,
                    0.2531319558620453,
                    0.3037583529949188
                ],
                [
                    0.2589873969554901,
                    -0.2042258083820343,
                    0.9440430998802185,
                    1.1328517198562622
                ],
                [
                    3.784370150583527e-09,
                    0.9773910045623779,
                    0.21143995225429535,
                    0.2537279427051544
                ],
                [
                    0,
                    0,
                    0,
                    1
                ]
            ]
        },
        {
            "file_path": "003.png",
            "transform_matrix": [
                [
                    0.22911997139453888,
                    -0.06555724143981934,
                    0.9711880683898926,
                    1.1654257774353027
                ],
                [
                    0.9733982086181641,
                    0.015430980361998081,
                    -0.22859974205493927,
                    -0.27431970834732056
                ],
                [
                    -6.858556389488513e-09,
                    0.997729480266571,
                    0.06734885275363922,
                    0.0808185264468193
                ],
                [
                    0,
                    0,
                    0,
                    1
                ]
            ]
        },
        {
            "file_path": "004.png",
            "transform_matrix": [
                [
                    0.8486027121543884,
                    0.09997323900461197,
                    -0.5194985866546631,
                    -0.6233983039855957
                ],
                [
                    -0.5290306806564331,
                    0.1603640615940094,
                    -0.8333126306533813,
                    -0.9999752044677734
                ],
                [
                    -4.269806197498838e-08,
                    0.9819820523262024,
                    0.1889742910861969,
                    0.22676925361156464
                ],
                [
                    0,
                    0,
                    0,
                    1
                ]
            ]
        },
        {
            "file_path": "005.png",
            "transform_matrix": [
                [
                    -0.14061102271080017,
                    -0.4662877023220062,
                    0.873386800289154,
                    1.048064112663269
                ],
                [
                    0.9900649785995483,
                    -0.0662231296300888,
                    0.12404010444879532,
                    0.14884811639785767
                ],
                [
                    -1.8016830694023156e-08,
                    0.8821510076522827,
                    0.47096672654151917,
                    0.5651600956916809
                ],
                [
                    0,
                    0,
                    0,
                    1
                ]
            ]
        }
    ]
}