{
    "camera_angle_x": 0.8575560450553894,
    "aabb": [
        [
            -0.35,
            -0.35,
            -0.35
        ],
        [
            0.35,
            0.35,
            0.35
        ]
    ],
    "frames": [
        {
            "file_path": "000.png",
            "transform_matrix": [
                [
                    -0.2547483742237091,
                    -0.19672641158103943,
                    0.9467850923538208,
                    1.1361421346664429
                ],
                [
                    0.9670073986053467,
                    -0.05182556062936783,
                    0.24942101538181305,
                    0.2993052005767822
                ],
                [
                    -5.04308559357014e-08,
                    0.979087769985199,
                    0.20343834161758423,
                    0.24412600696086884
                ],
                [
                    0,
                    0,
                    0,
                    1
                ]
            ]
        },
        {
            "file_path": "001.png",
            "transform_matrix": [
                [
                    0.19866235554218292,
                    0.09487645328044891,
                    -0.9754648804664612,
                    -1.1705578565597534
                ],
                [
                    -0.980068027973175,
                    0.01923166774213314,
                    -0.19772930443286896,
                    -0.23727522790431976
                ],
                [
                    -2.4769448714323516e-08,
                    0.9953032732009888,
                    0.09680597484111786,
                    0.11616715788841248
                ],
                [
                    0,
                    0,
                    0,
                    1
                ]
            ]
        },
        {
            "file_path": "002.png",
            "transform_matrix": [
                [
                    0.5218350291252136,
                    0.35199448466300964,
                    -0.777038037776947,
                    -0.9324457049369812
                ],
                [
                    -0.8530464172363281,
                    0.21532602608203888,
                    -0.475338339805603,
                    -0.5704060196876526
                ],
                [
                    6.900056348513317e-08,
                    0.9108977317810059,
                    0.4126322865486145,
                    0.49515870213508606
                ],
                [
                    0,
                    0,
                    0,
                    1
                ]
            ]
        },
        {
            "file_path": "003.png",
            "transform_matrix": [
                [
                    0.9590639472007751,
                    -0.12333544343709946,
                    0.2549210786819458,
                    0.3059053122997284
                ],
                [
                    0.28318965435028076,
                    0.4176938235759735,
                    -0.863328218460083,
                    -1.0359938144683838
                ],
                [
                    -5.17200859917466e-09,
                    0.9001779556274414,
                    0.4355223774909973,
                    0.5226268172264099
                ],
                [
                    0,
                    0,
                    0,
                    1
                ]
            ]
        },
        {
            "file_path": "004.png",
            "transform_matrix": [
                [
                    -0.7708817720413208,
                    -0.09162142872810364,
                    0.6303545236587524,
                    0.7564254403114319
                ],
                [
                    0.636978268623352,
                    -0.1108817532658577,
                    0.7628656029701233,
                    0.915438711643219
                ],
                [
                    -3.6196585284642424e-08,
                    0.9896013140678406,
                    0.14383754134178162,
                    0.17260520160198212
                ],
                [
                    0,
                    0,
                    0,
                    1
                ]
            ]
        },
        {
            "file_path": "005.png",
            "transform_matrix": [
                [
                    -0.5905149579048157,
                    -0.30867740511894226,
                    0.7456610202789307,
                    0.8947933316230774
                ],
                [
                    0.807026743888855,
                    -0.225864440202713,
                    0.545612633228302,
                    0.6547352075576782
                ],
                [
                    -1.2518508896164349e-08,
                    0.92396080493927,
                    0.3824872076511383,
                    0.45898470282554626
                ],
                [
                    0,
                    0,
                    0,
                    1
                ]
            ]
        }
    ]
}