{
    "camera_angle_x": 0.8575560450553894,
    "aabb": [
        [
            -0.35,
            -0.35,
            -0.35
        ],
        [
            0.35,
            0.35,
            0.35
        ]
    ],
    "frames": [
        {
            "file_path": "000.png",
            "transform_matrix": [
                [
                    -0.9919935464859009,
                    0.02520653046667576,
                    -0.12374747544527054,
                    -0.14849697053432465
                ],
                [
                    -0.12628857791423798,
                    -0.19799664616584778,
                    0.9720332026481628,
                    1.1664398908615112
                ],
                [
                    -2.9025182257669258e-09,
                    0.9798785448074341,
                    0.19959472119808197,
                    0.23951350152492523
                ],
                [
                    0,
                    0,
                    0,
                    1
                ]
            ]
        },
        {
            "file_path": "001.png",
            "transform_matrix": [
                [
                    0.8397234082221985,
                    -0.03585972636938095,
                    0.541828989982605,
                    0.6501948237419128
                ],
                [
                    0.5430143475532532,
                    0.05545391887426376,
                    -0.8378904461860657,
                    -1.005468487739563
                ],
                [
                    -3.605475740187103e-08,
                    0.9978170990943909,
                    0.06603829562664032,
                    0.07924588769674301
                ],
                [
                    0,
                    0,
                    0,
                    1
                ]
            ]
        },
        {
            "file_path": "002.png",
            "transform_matrix": [
                [
                    -0.9980226755142212,
                    0.006793319247663021,
                    -0.062488265335559845,
                    -0.07498591393232346
                ],
                [
                    -0.06285644322633743,
                    -0.10786309093236923,
                    0.9921767711639404,
                    1.1906120777130127
                ],
                [
                    -1.6750361098161193e-09,
                    0.9941425919532776,
                    0.10807672888040543,
                    0.12969224154949188
                ],
                [
                    0,
                    0,
                    0,
                    1
                ]
            ]
        },
        {
            "file_path": "003.png",
            "transform_matrix": [
                [
                    0.5181747674942017,
                    -0.420505166053772,
                    0.7447619438171387,
                    0.8937143683433533
                ],
                [
                    0.8552747964859009,
                    0.2547662854194641,
                    -0.45121970772743225,
                    -0.5414636135101318
                ],
                [
                    -1.911882918648189e-08,
                    0.870786726474762,
                    0.4916608929634094,
                    0.5899931192398071
                ],
                [
                    0,
                    0,
                    0,
                    1
                ]
            ]
        },
        {
            "file_path": "004.png",
            "transform_matrix": [
                [
                    0.910803496837616,
                    0.16001127660274506,
                    -0.38056978583335876,
                    -0.45668378472328186
                ],
                [
                    -0.4128401279449463,
                    0.3530152142047882,
                    -0.8396090269088745,
                    -1.007530927658081
                ],
                [
                    2.355108819074303e-08,
                    0.921833336353302,
                    0.3875865638256073,
                    0.4651038348674774
                ],
                [
                    0,
                    0,
                    0,
                    1
                ]
            ]
        },
        {
            "file_path": "005.png",
            "transform_matrix": [
                [
                    -0.39730122685432434,
                    -0.1981602907180786,
                    0.8960381150245667,
                    1.07524573802948
                ],
                [
                    0.9176883101463318,
                    -0.08579092472791672,
                    0.3879280388355255,
                    0.465513676404953
                ],
                [
                    -2.4720673508227264e-08,
                    0.9764079451560974,
                    0.215934157371521,
                    0.2591211199760437
                ],
                [
                    0,
                    0,
                    0,
                    1
                ]
            ]
        }
    ]
}