{
    "camera_angle_x": 0.8575560450553894,
    "aabb": [
        [
            -0.35,
            -0.35,
            -0.35
        ],
        [
            0.35,
            0.35,
            0.35
        ]
    ],
    "frames": [
        {
            "file_path": "000.png",
            "transform_matrix": [
                [
                    -0.8549983501434326,
                    0.22399139404296875,
                    -0.467766672372818,
                    -0.5613199472427368
                ],
                [
                    -0.5186306834220886,
                    -0.36926519870758057,
                    0.7711455225944519,
                    0.9253746867179871
                ],
                [
                    8.880011392875531e-09,
                    0.9019262790679932,
                    0.43188995122909546,
                    0.5182681679725647
                ],
                [
                    0,
                    0,
                    0,
                    1
                ]
            ]
        },
        {
            "file_path": "001.png",
            "transform_matrix": [
                [
                    -0.96760094165802,
                    -0.07432928681373596,
                    0.24129647016525269,
                    0.28955572843551636
                ],
                [
                    0.2524853050708771,
                    -0.28485268354415894,
                    0.9247217774391174,
                    1.1096659898757935
                ],
                [
                    6.4899641216698e-09,
                    0.9556853175163269,
                    0.2943904995918274,
                    0.35326874256134033
                ],
                [
                    0,
                    0,
                    0,
                    1
                ]
            ]
        },
        {
            "file_path": "002.png",
            "transform_matrix": [
                [
                    0.9441850781440735,
                    -0.050643954426050186,
                    0.32549917697906494,
                    0.3905990421772003
                ],
                [
                    0.3294154405593872,
                    0.14515794813632965,
                    -0.9329601526260376,
                    -1.1195522546768188
                ],
                [
                    -1.2019817141606381e-08,
                    0.9881115555763245,
                    0.153738871216774,
                    0.1844867765903473
                ],
                [
                    0,
                    0,
                    0,
                    1
                ]
            ]
        },
        {
            "file_path": "003.png",
            "transform_matrix": [
                [
                    0.9998853206634521,
                    0.001086792559362948,
                    -0.015106070786714554,
                    -0.018127283081412315
                ],
                [
                    -0.015145114623010159,
                    0.07175026088953018,
                    -0.9973077178001404,
                    -1.196769118309021
                ],
                [
                    -8.399586581830931e-10,
                    0.9974220991134644,
                    0.07175848633050919,
                    0.08611048758029938
                ],
                [
                    0,
                    0,
                    0,
                    1
                ]
            ]
        },
        {
            "file_path": "004.png",
            "transform_matrix": [
                [
                    -0.5938445329666138,
                    0.07036038488149643,
                    -0.8014976382255554,
                    -0.9617970585823059
                ],
                [
                    -0.80458003282547,
                    -0.051931608468294144,
                    0.5915693640708923,
                    0.7098832130432129
                ],
                [
                    7.884302988259151e-08,
                    0.9961690306663513,
                    0.08744966238737106,
                    0.10493994504213333
                ],
                [
                    0,
                    0,
                    0,
                    1
                ]
            ]
        },
        {
            "file_path": "005.png",
            "transform_matrix": [
                [
                    -0.7294583916664124,
                    0.3322950601577759,
                    -0.5978885293006897,
                    -0.7174661755561829
                ],
                [
                    -0.6840253472328186,
                    -0.35436612367630005,
                    0.637600302696228,
                    0.7651203274726868
                ],
                [
                    1.666936100264138e-08,
                    0.8740736842155457,
                    0.48579341173171997,
                    0.5829522013664246
                ],
                [
                    0,
                    0,
                    0,
                    1
                ]
            ]
        }
    ]
}