{
    "camera_angle_x": 0.8575560450553894,
    "aabb": [
        [
            -0.35,
            -0.35,
            -0.35
        ],
        [
            0.35,
            0.35,
            0.35
        ]
    ],
    "frames": [
        {
            "file_path": "000.png",
            "transform_matrix": [
                [
                    -0.5002487897872925,
                    0.23934844136238098,
                    -0.8321439027786255,
                    -0.9985727071762085
                ],
                [
                    -0.8658817410469055,
                    -0.13827963173389435,
                    0.48075729608535767,
                    0.5769087672233582
                ],
                [
                    -4.023230815164425e-08,
                    0.9610364437103271,
                    0.2764216363430023,
                    0.33170604705810547
                ],
                [
                    0,
                    0,
                    0,
                    1
                ]
            ]
        },
        {
            "file_path": "001.png",
            "transform_matrix": [
                [
                    0.0075285048224031925,
                    -0.4294551610946655,
                    0.9030569195747375,
                    1.0836682319641113
                ],
                [
                    0.9999717473983765,
                    0.0032331645488739014,
                    -0.006798957474529743,
                    -0.008158843033015728
                ],
                [
                    3.226184119853315e-08,
                    0.9030824899673462,
                    0.42946726083755493,
                    0.5153608322143555
                ],
                [
                    0,
                    0,
                    0,
                    1
                ]
            ]
        },
        {
            "file_path": "002.png",
            "transform_matrix": [
                [
                    0.7990180850028992,
                    0.20135065913200378,
                    -0.56659334897995,
                    -0.6799119710922241
                ],
                [
                    -0.6013069748878479,
                    0.2675551474094391,
                    -0.7528905868530273,
                    -0.903468668460846
                ],
                [
                    -3.555399175070306e-08,
                    0.9422696828842163,
                    0.33485496044158936,
                    0.4018261134624481
                ],
                [
                    0,
                    0,
                    0,
                    1
                ]
            ]
        },
        {
            "file_path": "003.png",
            "transform_matrix": [
                [
                    0.9946694374084473,
                    0.0007385578355751932,
                    -0.10311257094144821,
                    -0.12373507022857666
                ],
                [
                    -0.10311521589756012,
                    0.007124006282538176,
                    -0.994644045829773,
                    -1.193572759628296
                ],
                [
                    -1.2536993665435148e-08,
                    0.9999744892120361,
                    0.007162186782807112,
                    0.008594974875450134
                ],
                [
                    0,
                    0,
                    0,
                    1
                ]
            ]
        },
        {
            "file_path": "004.png",
            "transform_matrix": [
                [
                    0.622856080532074,
                    0.03838825598359108,
                    -0.7813940644264221,
                    -0.9376727938652039
                ],
                [
                    -0.7823364734649658,
                    0.03056255355477333,
                    -0.6221058964729309,
                    -0.7465270757675171
                ],
                [
                    -9.165147218936909e-08,
                    0.9987955093383789,
                    0.049068570137023926,
                    0.05888256058096886
                ],
                [
                    0,
                    0,
                    0,
                    1
                ]
            ]
        },
        {
            "file_path": "005.png",
            "transform_matrix": [
                [
                    0.7746242880821228,
                    -0.1419212818145752,
                    0.6162918210029602,
                    0.7395502328872681
                ],
                [
                    0.6324217319488525,
                    0.17383277416229248,
                    -0.7548675537109375,
                    -0.905841052532196
                ],
                [
                    1.7206190250362852e-08,
                    0.9744950532913208,
                    0.22440917789936066,
                    0.26929110288619995
                ],
                [
                    0,
                    0,
                    0,
                    1
                ]
            ]
        }
    ]
}