{
    "camera_angle_x": 0.8575560450553894,
    "aabb": [
        [
            -0.35,
            -0.35,
            -0.35
        ],
        [
            0.35,
            0.35,
            0.35
        ]
    ],
    "frames": [
        {
            "file_path": "000.png",
            "transform_matrix": [
                [
                    -0.5550426244735718,
                    -0.2934783101081848,
                    0.778330385684967,
                    0.9339964985847473
                ],
                [
                    0.8318219184875488,
                    -0.19582678377628326,
                    0.5193497538566589,
                    0.6232197284698486
                ],
                [
                    2.5198854558539097e-08,
                    0.9356935024261475,
                    0.35281386971473694,
                    0.4233767092227936
                ],
                [
                    0,
                    0,
                    0,
                    1
                ]
            ]
        },
        {
            "file_path": "001.png",
            "transform_matrix": [
                [
                    -0.9070307612419128,
                    -0.12640680372714996,
                    0.4016425311565399,
                    0.4819710850715637
                ],
                [
                    0.4210646152496338,
                    -0.27229759097099304,
                    0.8651928901672363,
                    1.0382314920425415
                ],
                [
                    3.7098519811706865e-09,
                    0.9538739323616028,
                    0.30020758509635925,
                    0.36024922132492065
                ],
                [
                    0,
                    0,
                    0,
                    1
                ]
            ]
        },
        {
            "file_path": "002.png",
            "transform_matrix": [
                [
                    -0.468202143907547,
                    -0.06051425635814667,
                    0.8815467953681946,
                    1.0578562021255493
                ],
                [
                    0.8836213946342468,
                    -0.032064516097307205,
                    0.46710288524627686,
                    0.5605235695838928
                ],
                [
                    -1.9610148171977926e-08,
                    0.9976521730422974,
                    0.0684843510389328,
                    0.08218131959438324
                ],
                [
                    0,
                    0,
                    0,
                    1
                ]
            ]
        },
        {
            "file_path": "003.png",
            "transform_matrix": [
                [
                    -0.8706634044647217,
                    0.16587144136428833,
                    -0.4630680978298187,
                    -0.5556817054748535
                ],
                [
                    -0.4918794333934784,
                    -0.2936047911643982,
                    0.8196651339530945,
                    0.9835981130599976
                ],
                [
                    3.3841217828012304e-08,
                    0.9414260387420654,
                    0.33721962571144104,
                    0.40466374158859253
                ],
                [
                    0,
                    0,
                    0,
                    1
                ]
            ]
        },
        {
            "file_path": "004.png",
            "transform_matrix": [
                [
                    -0.07842875272035599,
                    -0.3856639862060547,
                    0.919299840927124,
                    1.1031599044799805
                ],
                [
                    0.9969197511672974,
                    -0.03034064918756485,
                    0.0723222941160202,
                    0.08678673952817917
                ],
                [
                    4.7074614428765926e-08,
                    0.9221403002738953,
                    0.3868556320667267,
                    0.46422678232192993
                ],
                [
                    0,
                    0,
                    0,
                    1
                ]
            ]
        },
        {
            "file_path": "005.png",
            "transform_matrix": [
                [
                    0.0571817047894001,
                    -0.030007053166627884,
                    0.9979126453399658,
                    1.1974953413009644
                ],
                [
                    0.9983636736869812,
                    0.0017186880577355623,
                    -0.057155776768922806,
                    -0.06858693808317184
                ],
                [
                    7.309268568178595e-08,
                    0.9995481371879578,
                    0.03005632385611534,
                    0.036067526787519455
                ],
                [
                    0,
                    0,
                    0,
                    1
                ]
            ]
        }
    ]
}