{
    "camera_angle_x": 0.8575560450553894,
    "aabb": [
        [
            -0.35,
            -0.35,
            -0.35
        ],
        [
            0.35,
            0.35,
            0.35
        ]
    ],
    "frames": [
        {
            "file_path": "000.png",
            "transform_matrix": [
                [
                    -0.8508569002151489,
                    -0.061205580830574036,
                    0.5218204855918884,
                    0.6261845827102661
                ],
                [
                    0.5253977179527283,
                    -0.0991196483373642,
                    0.8450637459754944,
                    1.0140764713287354
                ],
                [
                    1.5519917795359106e-08,
                    0.9931914806365967,
                    0.11649377644062042,
                    0.13979266583919525
                ],
                [
                    0,
                    0,
                    0,
                    1
                ]
            ]
        },
        {
            "file_path": "001.png",
            "transform_matrix": [
                [
                    -0.9124154448509216,
                    -0.06015772745013237,
                    0.4048199951648712,
                    0.48578396439552307
                ],
                [
                    0.409265398979187,
                    -0.13411551713943481,
                    0.9025048017501831,
                    1.0830057859420776
                ],
                [
                    -7.965603288084822e-09,
                    0.9891380667686462,
                    0.14698947966098785,
                    0.1763875037431717
                ],
                [
                    0,
                    0,
                    0,
                    1
                ]
            ]
        },
        {
            "file_path": "002.png",
            "transform_matrix": [
                [
                    0.7759600877761841,
                    0.30734169483184814,
                    -0.5508421063423157,
                    -0.6610105633735657
                ],
                [
                    -0.6307820081710815,
                    0.3780781328678131,
                    -0.677621603012085,
                    -0.8131458759307861
                ],
                [
                    -7.43526129554084e-09,
                    0.8732686042785645,
                    0.48723912239074707,
                    0.5846869945526123
                ],
                [
                    0,
                    0,
                    0,
                    1
                ]
            ]
        },
        {
            "file_path": "003.png",
            "transform_matrix": [
                [
                    0.4796925485134125,
                    0.22506149113178253,
                    -0.848081648349762,
                    -1.0176979303359985
                ],
                [
                    -0.8774366974830627,
                    0.12304052710533142,
                    -0.46364426612854004,
                    -0.5563731789588928
                ],
                [
                    -1.1873613203761124e-08,
                    0.9665445685386658,
                    0.256498783826828,
                    0.3077986538410187
                ],
                [
                    0,
                    0,
                    0,
                    1
                ]
            ]
        },
        {
            "file_path": "004.png",
            "transform_matrix": [
                [
                    0.7991571426391602,
                    0.06216078996658325,
                    -0.5978995561599731,
                    -0.7174794673919678
                ],
                [
                    -0.6011221408843994,
                    0.08263915032148361,
                    -0.7948728799819946,
                    -0.9538474678993225
                ],
                [
                    -1.665416959895083e-08,
                    0.9946390390396118,
                    0.10340789705514908,
                    0.1240895465016365
                ],
                [
                    0,
                    0,
                    0,
                    1
                ]
            ]
        },
        {
            "file_path": "005.png",
            "transform_matrix": [
                [
                    -0.543461799621582,
                    -0.28322407603263855,
                    0.7902112007141113,
                    0.948253333568573
                ],
                [
                    0.8394341468811035,
                    -0.18336345255374908,
                    0.5115940570831299,
                    0.61391282081604
                ],
                [
                    -1.892029288796948e-08,
                    0.9413619041442871,
                    0.3373987376689911,
                    0.4048786759376526
                ],
                [
                    0,
                    0,
                    0,
                    1
                ]
            ]
        }
    ]
}