{
    "camera_angle_x": 0.8575560450553894,
    "aabb": [
        [
            -0.35,
            -0.35,
            -0.35
        ],
        [
            0.35,
            0.35,
            0.35
        ]
    ],
    "frames": [
        {
            "file_path": "000.png",
            "transform_matrix": [
                [
                    -0.598465621471405,
                    -0.16890837252140045,
                    0.7831404209136963,
                    0.9397685527801514
                ],
                [
                    0.801148533821106,
                    -0.12617629766464233,
                    0.5850133895874023,
                    0.7020159959793091
                ],
                [
                    7.536917223660566e-08,
                    0.9775221347808838,
                    0.21083281934261322,
                    0.25299933552742004
                ],
                [
                    0,
                    0,
                    0,
                    1
                ]
            ]
        },
        {
            "file_path": "001.png",
            "transform_matrix": [
                [
                    0.4717375934123993,
                    -0.13400758802890778,
                    0.8714962601661682,
                    1.0457954406738281
                ],
                [
                    0.8817390203475952,
                    0.07169508188962936,
                    -0.4662576913833618,
                    -0.55950927734375
                ],
                [
                    -2.1190018628658436e-09,
                    0.9883835315704346,
                    0.1519809365272522,
                    0.18237720429897308
                ],
                [
                    0,
                    0,
                    0,
                    1
                ]
            ]
        },
        {
            "file_path": "002.png",
            "transform_matrix": [
                [
                    0.0827360674738884,
                    -0.07281314581632614,
                    0.9939080476760864,
                    1.1926895380020142
                ],
                [
                    0.9965716004371643,
                    0.006044820882380009,
                    -0.08251506090164185,
                    -0.09901809692382812
                ],
                [
                    6.86303636143748e-08,
                    0.9973273873329163,
                    0.07306352257728577,
                    0.08767636120319366
                ],
                [
                    0,
                    0,
                    0,
                    1
                ]
            ]
        },
        {
            "file_path": "003.png",
            "transform_matrix": [
                [
                    -0.9939290881156921,
                    0.026130301877856255,
                    -0.10687392950057983,
                    -0.12824872136116028
                ],
                [
                    -0.11002194881439209,
                    -0.23605893552303314,
                    0.9654901623725891,
                    1.1585882902145386
                ],
                [
                    1.560751528018045e-11,
                    0.9713873267173767,
                    0.23750081658363342,
                    0.2850010097026825
                ],
                [
                    0,
                    0,
                    0,
                    1
                ]
            ]
        },
        {
            "file_path": "004.png",
            "transform_matrix": [
                [
                    0.996311604976654,
                    -0.032040003687143326,
                    0.07960296422243118,
                    0.09552355110645294
                ],
                [
                    0.08580905199050903,
                    0.37200993299484253,
                    -0.9242540001869202,
                    -1.1091047525405884
                ],
                [
                    5.5730540182707955e-09,
                    0.9276756048202515,
                    0.3733871579170227,
                    0.4480646550655365
                ],
                [
                    0,
                    0,
                    0,
                    1
                ]
            ]
        },
        {
            "file_path": "005.png",
            "transform_matrix": [
                [
                    -0.0034332051873207092,
                    -0.46119245886802673,
                    0.8872935175895691,
                    1.064752221107483
                ],
                [
                    0.9999940991401672,
                    -0.0015833383658900857,
                    0.003046300495043397,
                    0.003655563574284315
                ],
                [
                    -4.270053466370882e-08,
                    0.8872987031936646,
                    0.461195170879364,
                    0.5534343123435974
                ],
                [
                    0,
                    0,
                    0,
                    1
                ]
            ]
        }
    ]
}