{
    "camera_angle_x": 0.8575560450553894,
    "aabb": [
        [
            -0.35,
            -0.35,
            -0.35
        ],
        [
            0.35,
            0.35,
            0.35
        ]
    ],
    "frames": [
        {
            "file_path": "000.png",
            "transform_matrix": [
                [
                    -0.5760200619697571,
                    0.13532420992851257,
                    -0.806156575679779,
                    -0.9673879146575928
                ],
                [
                    -0.8174356818199158,
                    -0.09535860270261765,
                    0.5680719614028931,
                    0.6816864013671875
                ],
                [
                    -2.5288485971941554e-08,
                    0.9862019419670105,
                    0.1655471920967102,
                    0.19865669310092926
                ],
                [
                    0,
                    0,
                    0,
                    1
                ]
            ]
        },
        {
            "file_path": "001.png",
            "transform_matrix": [
                [
                    -0.36021918058395386,
                    -0.20842956006526947,
                    0.9092851877212524,
                    1.091142177581787
                ],
                [
                    0.9328678250312805,
                    -0.08048337697982788,
                    0.35111284255981445,
                    0.4213353097438812
                ],
                [
                    -4.828628519248923e-08,
                    0.9747203588485718,
                    0.22342871129512787,
                    0.2681146264076233
                ],
                [
                    0,
                    0,
                    0,
                    1
                ]
            ]
        },
        {
            "file_path": "002.png",
            "transform_matrix": [
                [
                    -0.911053478717804,
                    -0.0745135247707367,
                    0.40549883246421814,
                    0.4865986108779907
                ],
                [
                    0.41228821873664856,
                    -0.1646561324596405,
                    0.8960506319999695,
                    1.0752607583999634
                ],
                [
                    -2.1046842491045936e-08,
                    0.9835324287414551,
                    0.1807316094636917,
                    0.2168779969215393
                ],
                [
                    0,
                    0,
                    0,
                    1
                ]
            ]
        },
        {
            "file_path": "003.png",
            "transform_matrix": [
                [
                    -0.7228541970252991,
                    0.08657248318195343,
                    -0.6855563521385193,
                    -0.8226675987243652
                ],
                [
                    -0.6910009384155273,
                    -0.09056342393159866,
                    0.7171584367752075,
                    0.8605901002883911
                ],
                [
                    -4.457475100139163e-08,
                    0.9921208620071411,
                    0.1252855360507965,
                    0.15034270286560059
                ],
                [
                    0,
                    0,
                    0,
                    1
                ]
            ]
        },
        {
            "file_path": "004.png",
            "transform_matrix": [
                [
                    -0.6430711150169373,
                    0.04638193920254707,
                    -0.7644004821777344,
                    -0.9172806739807129
                ],
                [
                    -0.7658063769340515,
                    -0.03894843906164169,
                    0.6418905854225159,
                    0.7702687382698059
                ],
                [
                    -1.0670920858046884e-07,
                    0.9981641173362732,
                    0.06056626886129379,
                    0.07267941534519196
                ],
                [
                    0,
                    0,
                    0,
                    1
                ]
            ]
        },
        {
            "file_path": "005.png",
            "transform_matrix": [
                [
                    -0.48234331607818604,
                    0.37414807081222534,
                    -0.7920594811439514,
                    -0.9504714012145996
                ],
                [
                    -0.8759822845458984,
                    -0.20601767301559448,
                    0.4361327588558197,
                    0.5233593583106995
                ],
                [
                    -1.3755524719272216e-08,
                    0.9041957855224609,
                    0.42711830139160156,
                    0.5125418305397034
                ],
                [
                    0,
                    0,
                    0,
                    1
                ]
            ]
        }
    ]
}