{
    "camera_angle_x": 0.8575560450553894,
    "aabb": [
        [
            -0.35,
            -0.35,
            -0.35
        ],
        [
            0.35,
            0.35,
            0.35
        ]
    ],
    "frames": [
        {
            "file_path": "000.png",
            "transform_matrix": [
                [
                    -0.06857358664274216,
                    -0.22156557440757751,
                    0.9727314710617065,
                    1.1672776937484741
                ],
                [
                    0.9976460933685303,
                    -0.015229366719722748,
                    0.06686102598905563,
                    0.08023320138454437
                ],
                [
                    -7.0861219114704e-08,
                    0.9750266075134277,
                    0.2220882922410965,
                    0.26650598645210266
                ],
                [
                    0,
                    0,
                    0,
                    1
                ]
            ]
        },
        {
            "file_path": "001.png",
            "transform_matrix": [
                [
                    -0.7486611008644104,
                    0.19036729633808136,
                    -0.6350330114364624,
                    -0.7620396614074707
                ],
                [
                    -0.6629529595375061,
                    -0.2149784415960312,
                    0.7171315550804138,
                    0.8605578541755676
                ],
                [
                    -1.8197603424141562e-09,
                    0.9578854441642761,
                    0.2871505320072174,
                    0.3445807695388794
                ],
                [
                    0,
                    0,
                    0,
                    1
                ]
            ]
        },
        {
            "file_path": "002.png",
            "transform_matrix": [
                [
                    -0.4861201047897339,
                    -0.09466425329446793,
                    0.8687498569488525,
                    1.0424997806549072
                ],
                [
                    0.8738922476768494,
                    -0.05265896022319794,
                    0.4832594096660614,
                    0.5799112319946289
                ],
                [
                    -4.1039946552245965e-08,
                    0.9941157102584839,
                    0.10832472145557404,
                    0.12998981773853302
                ],
                [
                    0,
                    0,
                    0,
                    1
                ]
            ]
        },
        {
            "file_path": "003.png",
            "transform_matrix": [
                [
                    -0.9175225496292114,
                    0.16810043156147003,
                    -0.3604091703891754,
                    -0.4324909448623657
                ],
                [
                    -0.3976839482784271,
                    -0.3878353238105774,
                    0.8315234780311584,
                    0.9978281259536743
                ],
                [
                    5.829479121643999e-08,
                    0.906270444393158,
                    0.42269840836524963,
                    0.5072383284568787
                ],
                [
                    0,
                    0,
                    0,
                    1
                ]
            ]
        },
        {
            "file_path": "004.png",
            "transform_matrix": [
                [
                    0.20028387010097504,
                    -0.3557584583759308,
                    0.9128649830818176,
                    1.0954378843307495
                ],
                [
                    0.9797379970550537,
                    0.07272615283727646,
                    -0.18661339581012726,
                    -0.2239360511302948
                ],
                [
                    5.8500415178741605e-08,
                    0.9317440390586853,
                    0.3631158471107483,
                    0.435739129781723
                ],
                [
                    0,
                    0,
                    0,
                    1
                ]
            ]
        },
        {
            "file_path": "005.png",
            "transform_matrix": [
                [
                    0.471834659576416,
                    -0.06595088541507721,
                    0.8792170882225037,
                    1.0550603866577148
                ],
                [
                    0.8816871643066406,
                    0.03529347479343414,
                    -0.4705129861831665,
                    -0.5646156072616577
                ],
                [
                    -2.364190265780053e-08,
                    0.9971986413002014,
                    0.07480064034461975,
                    0.08976077288389206
                ],
                [
                    0,
                    0,
                    0,
                    1
                ]
            ]
        }
    ]
}