{
    "camera_angle_x": 0.8575560450553894,
    "aabb": [
        [
            -0.35,
            -0.35,
            -0.35
        ],
        [
            0.35,
            0.35,
            0.35
        ]
    ],
    "frames": [
        {
            "file_path": "000.png",
            "transform_matrix": [
                [
                    0.9833236336708069,
                    -0.04102368652820587,
                    0.17717711627483368,
                    0.21261252462863922
                ],
                [
                    0.1818644404411316,
                    0.22181114554405212,
                    -0.9579797387123108,
                    -1.1495757102966309
                ],
                [
                    -3.848724894339739e-09,
                    0.9742262959480286,
                    0.2255728840827942,
                    0.2706873416900635
                ],
                [
                    0,
                    0,
                    0,
                    1
                ]
            ]
        },
        {
            "file_path": "001.png",
            "transform_matrix": [
                [
                    0.8960944414138794,
                    -0.17709673941135406,
                    0.40700316429138184,
                    0.48840370774269104
                ],
                [
                    0.44386351108551025,
                    0.3575318455696106,
                    -0.8216790556907654,
                    -0.9860146641731262
                ],
                [
                    -8.158327347018712e-09,
                    0.9169558882713318,
                    0.3989890515804291,
                    0.4787869155406952
                ],
                [
                    0,
                    0,
                    0,
                    1
                ]
            ]
        },
        {
            "file_path": "002.png",
            "transform_matrix": [
                [
                    0.9935692548751831,
                    0.015807615593075752,
                    -0.11211729049682617,
                    -0.13454075157642365
                ],
                [
                    -0.11322618275880814,
                    0.13871300220489502,
                    -0.9838387370109558,
                    -1.180606484413147
                ],
                [
                    -9.688942981256332e-09,
                    0.9902065396308899,
                    0.13961081206798553,
                    0.16753314435482025
                ],
                [
                    0,
                    0,
                    0,
                    1
                ]
            ]
        },
        {
            "file_path": "003.png",
            "transform_matrix": [
                [
                    -0.31965285539627075,
                    0.1863977164030075,
                    -0.92902010679245,
                    -1.1148239374160767
                ],
                [
                    -0.9475349187850952,
                    -0.06288176029920578,
                    0.31340667605400085,
                    0.3760879635810852
                ],
                [
                    7.081617070525681e-09,
                    0.9804601669311523,
                    0.19671843945980072,
                    0.23606234788894653
                ],
                [
                    0,
                    0,
                    0,
                    1
                ]
            ]
        },
        {
            "file_path": "004.png",
            "transform_matrix": [
                [
                    0.40777677297592163,
                    0.08887407183647156,
                    -0.9087461829185486,
                    -1.0904953479766846
                ],
                [
                    -0.9130817651748657,
                    0.039690352976322174,
                    -0.405840665102005,
                    -0.48700881004333496
                ],
                [
                    -1.3934415221683594e-07,
                    0.9952518939971924,
                    0.09733401238918304,
                    0.11680104583501816
                ],
                [
                    0,
                    0,
                    0,
                    1
                ]
            ]
        },
        {
            "file_path": "005.png",
            "transform_matrix": [
                [
                    0.24422167241573334,
                    -0.3899787962436676,
                    0.8878470063209534,
                    1.0654164552688599
                ],
                [
                    0.9697194695472717,
                    0.09821532666683197,
                    -0.223602294921875,
                    -0.26832273602485657
                ],
                [
                    -5.218551279995154e-08,
                    0.9155710339546204,
                    0.4021563231945038,
                    0.48258763551712036
                ],
                [
                    0,
                    0,
                    0,
                    1
                ]
            ]
        }
    ]
}