{
    "camera_angle_x": 0.8575560450553894,
    "aabb": [
        [
            -0.35,
            -0.35,
            -0.35
        ],
        [
            0.35,
            0.35,
            0.35
        ]
    ],
    "frames": [
        {
            "file_path": "000.png",
            "transform_matrix": [
                [
                    -0.4040755331516266,
                    0.41631677746772766,
                    -0.8144956827163696,
                    -0.9773949384689331
                ],
                [
                    -0.9147256016731262,
                    -0.18390588462352753,
                    0.35979947447776794,
                    0.4317593276500702
                ],
                [
                    -3.749773824779368e-09,
                    0.8904262781143188,
                    0.4551275074481964,
                    0.5461530089378357
                ],
                [
                    0,
                    0,
                    0,
                    1
                ]
            ]
        },
        {
            "file_path": "001.png",
            "transform_matrix": [
                [
                    0.9842159748077393,
                    -0.002989285159856081,
                    0.1769462376832962,
                    0.2123354971408844
                ],
                [
                    0.17697149515151978,
                    0.01662466675043106,
                    -0.9840755462646484,
                    -1.180890679359436
                ],
                [
                    8.251501704137354e-09,
                    0.9998573660850525,
                    0.016891280189156532,
                    0.020269587635993958
                ],
                [
                    0,
                    0,
                    0,
                    1
                ]
            ]
        },
        {
            "file_path": "002.png",
            "transform_matrix": [
                [
                    0.6452181935310364,
                    0.22816616296768188,
                    -0.7291321754455566,
                    -0.8749585747718811
                ],
                [
                    -0.7639983296394348,
                    0.19269272685050964,
                    -0.6157727241516113,
                    -0.7389273047447205
                ],
                [
                    -2.4415374610953222e-08,
                    0.9543635249137878,
                    0.2986474335193634,
                    0.3583769202232361
                ],
                [
                    0,
                    0,
                    0,
                    1
                ]
            ]
        },
        {
            "file_path": "003.png",
            "transform_matrix": [
                [
                    -0.5526570081710815,
                    -0.27774205803871155,
                    0.7857669591903687,
                    0.9429203271865845
                ],
                [
                    0.8334088921546936,
                    -0.18417870998382568,
                    0.5210642218589783,
                    0.625277042388916
                ],
                [
                    4.285899635192436e-08,
                    0.9428349137306213,
                    0.33326026797294617,
                    0.3999124765396118
                ],
                [
                    0,
                    0,
                    0,
                    1
                ]
            ]
        },
        {
            "file_path": "004.png",
            "transform_matrix": [
                [
                    -0.9938457012176514,
                    -0.04940098524093628,
                    0.09914954006671906,
                    0.11897943168878555
                ],
                [
                    0.1107749417424202,
                    -0.4432135224342346,
                    0.8895453810691833,
                    1.0674543380737305
                ],
                [
                    -8.838498821717167e-09,
                    0.8950539231300354,
                    0.4459579885005951,
                    0.5351498126983643
                ],
                [
                    0,
                    0,
                    0,
                    1
                ]
            ]
        },
        {
            "file_path": "005.png",
            "transform_matrix": [
                [
                    -0.677274763584137,
                    -0.3497920334339142,
                    0.6472594738006592,
                    0.7767112851142883
                ],
                [
                    0.7357304096221924,
                    -0.3220001757144928,
                    0.5958329439163208,
                    0.7149994969367981
                ],
                [
                    -9.221292174288465e-09,
                    0.8797509074211121,
                    0.4754349887371063,
                    0.570522129535675
                ],
                [
                    0,
                    0,
                    0,
                    1
                ]
            ]
        }
    ]
}