{
    "camera_angle_x": 0.8575560450553894,
    "aabb": [
        [
            -0.35,
            -0.35,
            -0.35
        ],
        [
            0.35,
            0.35,
            0.35
        ]
    ],
    "frames": [
        {
            "file_path": "000.png",
            "transform_matrix": [
                [
                    0.7352011203765869,
                    0.13695991039276123,
                    -0.6638684868812561,
                    -0.7966420650482178
                ],
                [
                    -0.6778490543365479,
                    0.14854779839515686,
                    -0.7200376987457275,
                    -0.864045262336731
                ],
                [
                    -5.311987649747607e-08,
                    0.9793751239776611,
                    0.20205064117908478,
                    0.24246102571487427
                ],
                [
                    0,
                    0,
                    0,
                    1
                ]
            ]
        },
        {
            "file_path": "001.png",
            "transform_matrix": [
                [
                    -0.041654665023088455,
                    0.21331335604190826,
                    -0.9760954976081848,
                    -1.1713145971298218
                ],
                [
                    -0.9991321563720703,
                    -0.008893233723938465,
                    0.040694184601306915,
                    0.048833075910806656
                ],
                [
                    3.662048797536954e-08,
                    0.9769434332847595,
                    0.2134985774755478,
                    0.2561984658241272
                ],
                [
                    0,
                    0,
                    0,
                    1
                ]
            ]
        },
        {
            "file_path": "002.png",
            "transform_matrix": [
                [
                    0.6330406069755554,
                    0.14964158833026886,
                    -0.7595176696777344,
                    -0.9114211201667786
                ],
                [
                    -0.7741186618804932,
                    0.12237031012773514,
                    -0.6211006045341492,
                    -0.7453206777572632
                ],
                [
                    -1.1828063861685223e-08,
                    0.9811386466026306,
                    0.19330568611621857,
                    0.23196695744991302
                ],
                [
                    0,
                    0,
                    0,
                    1
                ]
            ]
        },
        {
            "file_path": "003.png",
            "transform_matrix": [
                [
                    0.8287979960441589,
                    -0.174839049577713,
                    0.531531035900116,
                    0.6378371715545654
                ],
                [
                    0.5595479607582092,
                    0.25897014141082764,
                    -0.7872995734214783,
                    -0.9447594285011292
                ],
                [
                    6.102091276716237e-09,
                    0.949929416179657,
                    0.31246474385261536,
                    0.374957799911499
                ],
                [
                    0,
                    0,
                    0,
                    1
                ]
            ]
        },
        {
            "file_path": "004.png",
            "transform_matrix": [
                [
                    0.9856895208358765,
                    0.00912670698016882,
                    -0.16832363605499268,
                    -0.2019883692264557
                ],
                [
                    -0.1685708910226822,
                    0.053366728127002716,
                    -0.9842438697814941,
                    -1.181092619895935
                ],
                [
                    -8.707134568908259e-09,
                    0.9985333681106567,
                    0.05414152145385742,
                    0.06497004628181458
                ],
                [
                    0,
                    0,
                    0,
                    1
                ]
            ]
        },
        {
            "file_path": "005.png",
            "transform_matrix": [
                [
                    0.13541652262210846,
                    -0.2723510265350342,
                    0.9526212811470032,
                    1.1431455612182617
                ],
                [
                    0.9907887578010559,
                    0.037223704159259796,
                    -0.13019995391368866,
                    -0.1562398225069046
                ],
                [
                    3.2361674451308886e-10,
                    0.9614776968955994,
                    0.2748830318450928,
                    0.3298596441745758
                ],
                [
                    0,
                    0,
                    0,
                    1
                ]
            ]
        }
    ]
}