{
    "camera_angle_x": 0.8575560450553894,
    "aabb": [
        [
            -0.35,
            -0.35,
            -0.35
        ],
        [
            0.35,
            0.35,
            0.35
        ]
    ],
    "frames": [
        {
            "file_path": "000.png",
            "transform_matrix": [
                [
                    -0.4355418086051941,
                    0.12930309772491455,
                    -0.8908336162567139,
                    -1.069000244140625
                ],
                [
                    -0.900168776512146,
                    -0.06256274878978729,
                    0.4310248792171478,
                    0.5172297954559326
                ],
                [
                    1.1346237727138941e-08,
                    0.9896297454833984,
                    0.14364302158355713,
                    0.1723717600107193
                ],
                [
                    0,
                    0,
                    0,
                    1
                ]
            ]
        },
        {
            "file_path": "001.png",
            "transform_matrix": [
                [
                    0.054071616381406784,
                    -0.20806998014450073,
                    0.9766182899475098,
                    1.171941876411438
                ],
                [
                    0.9985371232032776,
                    0.011267092078924179,
                    -0.052884768694639206,
                    -0.0634617730975151
                ],
                [
                    1.196582744000807e-08,
                    0.978049099445343,
                    0.2083747386932373,
                    0.250049889087677
                ],
                [
                    0,
                    0,
                    0,
                    1
                ]
            ]
        },
        {
            "file_path": "002.png",
            "transform_matrix": [
                [
                    0.6626161932945251,
                    0.058953117579221725,
                    -0.7466353178024292,
                    -0.8959624171257019
                ],
                [
                    -0.7489591240882874,
                    0.05215676128864288,
                    -0.6605603098869324,
                    -0.7926723957061768
                ],
                [
                    2.6435280631176283e-09,
                    0.996897280216217,
                    0.07871338725090027,
                    0.0944560244679451
                ],
                [
                    0,
                    0,
                    0,
                    1
                ]
            ]
        },
        {
            "file_path": "003.png",
            "transform_matrix": [
                [
                    0.40529298782348633,
                    0.22968798875808716,
                    -0.8848621845245361,
                    -1.0618345737457275
                ],
                [
                    -0.9141868948936462,
                    0.1018291488289833,
                    -0.392292320728302,
                    -0.47075071930885315
                ],
                [
                    1.6960655102593591e-10,
                    0.9679227471351624,
                    0.2512483298778534,
                    0.3014981150627136
                ],
                [
                    0,
                    0,
                    0,
                    1
                ]
            ]
        },
        {
            "file_path": "004.png",
            "transform_matrix": [
                [
                    -0.7901186943054199,
                    -0.29872003197669983,
                    0.5352370142936707,
                    0.6422845125198364
                ],
                [
                    0.612953782081604,
                    -0.38506051898002625,
                    0.6899390816688538,
                    0.8279269337654114
                ],
                [
                    4.1114734727898394e-08,
                    0.8732093572616577,
                    0.4873451888561249,
                    0.584814190864563
                ],
                [
                    0,
                    0,
                    0,
                    1
                ]
            ]
        },
        {
            "file_path": "005.png",
            "transform_matrix": [
                [
                    0.4391014575958252,
                    0.388642817735672,
                    -0.8100288510322571,
                    -0.9720345735549927
                ],
                [
                    -0.8984375596046448,
                    0.189944788813591,
                    -0.39589279890060425,
                    -0.4750712811946869
                ],
                [
                    -5.709616601734524e-08,
                    0.9015973806381226,
                    0.4325762689113617,
                    0.5190916657447815
                ],
                [
                    0,
                    0,
                    0,
                    1
                ]
            ]
        }
    ]
}