{
    "camera_angle_x": 0.8575560450553894,
    "aabb": [
        [
            -0.35,
            -0.35,
            -0.35
        ],
        [
            0.35,
            0.35,
            0.35
        ]
    ],
    "frames": [
        {
            "file_path": "000.png",
            "transform_matrix": [
                [
                    0.4851981997489929,
                    -0.20896263420581818,
                    0.8490685224533081,
                    1.018882155418396
                ],
                [
                    0.8744041919708252,
                    0.11595126986503601,
                    -0.47113966941833496,
                    -0.5653676390647888
                ],
                [
                    1.591433473890902e-08,
                    0.9710251688957214,
                    0.23897714912891388,
                    0.2867726683616638
                ],
                [
                    0,
                    0,
                    0,
                    1
                ]
            ]
        },
        {
            "file_path": "001.png",
            "transform_matrix": [
                [
                    -0.9567630887031555,
                    -0.07949007302522659,
                    0.27979689836502075,
                    0.33575624227523804
                ],
                [
                    0.2908693253993988,
                    -0.2614685595035553,
                    0.9203420877456665,
                    1.1044102907180786
                ],
                [
                    -1.0815218942639149e-08,
                    0.9619333744049072,
                    0.27328434586524963,
                    0.3279414772987366
                ],
                [
                    0,
                    0,
                    0,
                    1
                ]
            ]
        },
        {
            "file_path": "002.png",
            "transform_matrix": [
                [
                    0.9671820998191833,
                    -0.021168023347854614,
                    0.253200888633728,
                    0.3038409948348999
                ],
                [
                    0.25408416986465454,
                    0.0805768147110939,
                    -0.9638199210166931,
                    -1.1565837860107422
                ],
                [
                    1.0007675577128339e-08,
                    0.9965237379074097,
                    0.08331090956926346,
                    0.0999734103679657
                ],
                [
                    0,
                    0,
                    0,
                    1
                ]
            ]
        },
        {
            "file_path": "003.png",
            "transform_matrix": [
                [
                    0.24805264174938202,
                    0.3263149559497833,
                    -0.9121339917182922,
                    -1.0945608615875244
                ],
                [
                    -0.968746542930603,
                    0.0835547223687172,
                    -0.23355667293071747,
                    -0.28026801347732544
                ],
                [
                    5.23395797813464e-08,
                    0.9415609836578369,
                    0.33684247732162476,
                    0.40421101450920105
                ],
                [
                    0,
                    0,
                    0,
                    1
                ]
            ]
        },
        {
            "file_path": "004.png",
            "transform_matrix": [
                [
                    0.7715440988540649,
                    -0.23013298213481903,
                    0.5930923819541931,
                    0.7117106914520264
                ],
                [
                    0.6361758708953857,
                    0.27910155057907104,
                    -0.7192932963371277,
                    -0.8631518483161926
                ],
                [
                    -3.7211247416735205e-09,
                    0.9322775602340698,
                    0.36174413561820984,
                    0.4340931177139282
                ],
                [
                    0,
                    0,
                    0,
                    1
                ]
            ]
        },
        {
            "file_path": "005.png",
            "transform_matrix": [
                [
                    -0.6013898253440857,
                    -0.028039997443556786,
                    0.7984636425971985,
                    0.958156406879425
                ],
                [
                    0.7989558577537537,
                    -0.021106291562318802,
                    0.6010192632675171,
                    0.7212230563163757
                ],
                [
                    -1.112194070174155e-08,
                    0.9993839859962463,
                    0.03509574756026268,
                    0.0421149842441082
                ],
                [
                    0,
                    0,
                    0,
                    1
                ]
            ]
        }
    ]
}