{
    "camera_angle_x": 0.8575560450553894,
    "aabb": [
        [
            -0.35,
            -0.35,
            -0.35
        ],
        [
            0.35,
            0.35,
            0.35
        ]
    ],
    "frames": [
        {
            "file_path": "000.png",
            "transform_matrix": [
                [
                    0.9923680424690247,
                    -0.008368666283786297,
                    0.12302688509225845,
                    0.14763225615024567
                ],
                [
                    0.12331118434667587,
                    0.06734821945428848,
                    -0.9900801181793213,
                    -1.1880961656570435
                ],
                [
                    3.658249703164529e-09,
                    0.9976944923400879,
                    0.06786616891622543,
                    0.0814395472407341
                ],
                [
                    0,
                    0,
                    0,
                    1
                ]
            ]
        },
        {
            "file_path": "001.png",
            "transform_matrix": [
                [
                    0.9842363595962524,
                    0.019985562190413475,
                    -0.17572534084320068,
                    -0.2108704298734665
                ],
                [
                    -0.17685818672180176,
                    0.11122198402881622,
                    -0.9779319763183594,
                    -1.1735183000564575
                ],
                [
                    1.2215513045532589e-08,
                    0.9935946464538574,
                    0.11300332844257355,
                    0.13560406863689423
                ],
                [
                    0,
                    0,
                    0,
                    1
                ]
            ]
        },
        {
            "file_path": "002.png",
            "transform_matrix": [
                [
                    0.1644384115934372,
                    -0.3017432391643524,
                    0.9391013383865356,
                    1.1269214153289795
                ],
                [
                    0.9863874912261963,
                    0.050302837044000626,
                    -0.15655560791492462,
                    -0.1878666877746582
                ],
                [
                    -3.2730941512681966e-08,
                    0.9520614147186279,
                    0.305907279253006,
                    0.3670889735221863
                ],
                [
                    0,
                    0,
                    0,
                    1
                ]
            ]
        },
        {
            "file_path": "003.png",
            "transform_matrix": [
                [
                    -0.9643409848213196,
                    0.0018699818756431341,
                    -0.264656126499176,
                    -0.31758740544319153
                ],
                [
                    -0.2646627426147461,
                    -0.00681371008977294,
                    0.9643169641494751,
                    1.1571804285049438
                ],
                [
                    -3.88051972777248e-08,
                    0.9999750256538391,
                    0.007065683603286743,
                    0.008478662930428982
                ],
                [
                    0,
                    0,
                    0,
                    1
                ]
            ]
        },
        {
            "file_path": "004.png",
            "transform_matrix": [
                [
                    -0.91756671667099,
                    0.1836223155260086,
                    -0.35263893008232117,
                    -0.4231666922569275
                ],
                [
                    -0.39758190512657166,
                    -0.4237760901451111,
                    0.8138442635536194,
                    0.9766131639480591
                ],
                [
                    2.005305077545927e-08,
                    0.8869592547416687,
                    0.461847722530365,
                    0.5542173385620117
                ],
                [
                    0,
                    0,
                    0,
                    1
                ]
            ]
        },
        {
            "file_path": "005.png",
            "transform_matrix": [
                [
                    0.2130240648984909,
                    -0.026042191311717033,
                    0.9766998887062073,
                    1.1720397472381592
                ],
                [
                    0.9770470261573792,
                    0.0056777531281113625,
                    -0.2129484862089157,
                    -0.25553828477859497
                ],
                [
                    8.615000268719086e-08,
                    0.9996448159217834,
                    0.026653863489627838,
                    0.03198476880788803
                ],
                [
                    0,
                    0,
                    0,
                    1
                ]
            ]
        }
    ]
}