{
    "camera_angle_x": 0.8575560450553894,
    "aabb": [
        [
            -0.35,
            -0.35,
            -0.35
        ],
        [
            0.35,
            0.35,
            0.35
        ]
    ],
    "frames": [
        {
            "file_path": "000.png",
            "transform_matrix": [
                [
                    -0.4119876027107239,
                    -0.057557035237550735,
                    0.9093700051307678,
                    1.0912439823150635
                ],
                [
                    0.9111896753311157,
                    -0.026024185121059418,
                    0.41116470098495483,
                    0.49339747428894043
                ],
                [
                    5.3460649240832936e-08,
                    0.9980031251907349,
                    0.0631667897105217,
                    0.07580018788576126
                ],
                [
                    0,
                    0,
                    0,
                    1
                ]
            ]
        },
        {
            "file_path": "001.png",
            "transform_matrix": [
                [
                    0.9679555296897888,
                    -0.024984046816825867,
                    0.2498757541179657,
                    0.2998508810997009
                ],
                [
                    0.2511216700077057,
                    0.0963016003370285,
                    -0.9631531834602356,
                    -1.155783772468567
                ],
                [
                    3.403549442282383e-09,
                    0.9950386881828308,
                    0.09948970377445221,
                    0.11938782781362534
                ],
                [
                    0,
                    0,
                    0,
                    1
                ]
            ]
        },
        {
            "file_path": "002.png",
            "transform_matrix": [
                [
                    0.7227925658226013,
                    0.17184685170650482,
                    -0.6693575978279114,
                    -0.8032291531562805
                ],
                [
                    -0.6910650730133057,
                    0.17973653972148895,
                    -0.7000884413719177,
                    -0.8401062488555908
                ],
                [
                    5.065423636096966e-09,
                    0.9685883522033691,
                    0.2486695945262909,
                    0.2984035015106201
                ],
                [
                    0,
                    0,
                    0,
                    1
                ]
            ]
        },
        {
            "file_path": "003.png",
            "transform_matrix": [
                [
                    -0.10598737746477127,
                    0.38347288966178894,
                    -0.9174504280090332,
                    -1.100940465927124
                ],
                [
                    -0.9943674802780151,
                    -0.040873557329177856,
                    0.09778892248868942,
                    0.11734676361083984
                ],
                [
                    -3.27087477103305e-08,
                    0.92264723777771,
                    0.3856450319290161,
                    0.4627740681171417
                ],
                [
                    0,
                    0,
                    0,
                    1
                ]
            ]
        },
        {
            "file_path": "004.png",
            "transform_matrix": [
                [
                    0.9163533449172974,
                    -0.19406932592391968,
                    0.3501908779144287,
                    0.42022904753685
                ],
                [
                    0.4003705382347107,
                    0.44417867064476013,
                    -0.8015040755271912,
                    -0.9618049263954163
                ],
                [
                    1.671295990490762e-08,
                    0.8746670484542847,
                    0.4847242534160614,
                    0.5816691517829895
                ],
                [
                    0,
                    0,
                    0,
                    1
                ]
            ]
        },
        {
            "file_path": "005.png",
            "transform_matrix": [
                [
                    0.9903656244277954,
                    -0.03334851190447807,
                    0.13440179824829102,
                    0.16128215193748474
                ],
                [
                    0.13847732543945312,
                    0.2385026067495346,
                    -0.9612184166908264,
                    -1.1534619331359863
                ],
                [
                    -5.267322578106359e-09,
                    0.9705692529678345,
                    0.24082279205322266,
                    0.2889874279499054
                ],
                [
                    0,
                    0,
                    0,
                    1
                ]
            ]
        }
    ]
}