{
    "camera_angle_x": 0.8575560450553894,
    "aabb": [
        [
            -0.35,
            -0.35,
            -0.35
        ],
        [
            0.35,
            0.35,
            0.35
        ]
    ],
    "frames": [
        {
            "file_path": "000.png",
            "transform_matrix": [
                [
                    -0.03309798240661621,
                    0.4957961142063141,
                    -0.8678080439567566,
                    -1.0413696765899658
                ],
                [
                    -0.9994521737098694,
                    -0.016418790444731712,
                    0.028738444671034813,
                    0.03448611870408058
                ],
                [
                    9.292502767266342e-08,
                    0.8682838082313538,
                    0.4960678517818451,
                    0.5952816009521484
                ],
                [
                    0,
                    0,
                    0,
                    1
                ]
            ]
        },
        {
            "file_path": "001.png",
            "transform_matrix": [
                [
                    -0.19282223284244537,
                    -0.4088098108768463,
                    0.8920170068740845,
                    1.070420265197754
                ],
                [
                    0.9812338352203369,
                    -0.08033520728349686,
                    0.17529018223285675,
                    0.21034817397594452
                ],
                [
                    -5.358644727948558e-08,
                    0.909076988697052,
                    0.41662827134132385,
                    0.49995413422584534
                ],
                [
                    0,
                    0,
                    0,
                    1
                ]
            ]
        },
        {
            "file_path": "002.png",
            "transform_matrix": [
                [
                    0.717126727104187,
                    0.1901634931564331,
                    -0.6704976558685303,
                    -0.8045971393585205
                ],
                [
                    -0.6969428062438965,
                    0.19567067921161652,
                    -0.6899157762527466,
                    -0.8278989195823669
                ],
                [
                    -3.0620590507624e-08,
                    0.9620555639266968,
                    0.2728537321090698,
                    0.32742470502853394
                ],
                [
                    0,
                    0,
                    0,
                    1
                ]
            ]
        },
        {
            "file_path": "003.png",
            "transform_matrix": [
                [
                    -0.9559260010719299,
                    0.04554793983697891,
                    -0.29005348682403564,
                    -0.34806424379348755
                ],
                [
                    -0.2936079502105713,
                    -0.1482945829629898,
                    0.9443533420562744,
                    1.1332240104675293
                ],
                [
                    3.623349620340832e-09,
                    0.98789381980896,
                    0.15513178706169128,
                    0.18615812063217163
                ],
                [
                    0,
                    0,
                    0,
                    1
                ]
            ]
        },
        {
            "file_path": "004.png",
            "transform_matrix": [
                [
                    0.3758755326271057,
                    0.19022177159786224,
                    -0.9069361686706543,
                    -1.0883234739303589
                ],
                [
                    -0.9266701340675354,
                    0.07715772092342377,
                    -0.3678710162639618,
                    -0.4414452016353607
                ],
                [
                    4.511689155606291e-08,
                    0.9787044525146484,
                    0.2052745372056961,
                    0.24632947146892548
                ],
                [
                    0,
                    0,
                    0,
                    1
                ]
            ]
        },
        {
            "file_path": "005.png",
            "transform_matrix": [
                [
                    -0.7335652112960815,
                    0.23865188658237457,
                    -0.6363391280174255,
                    -0.7636069655418396
                ],
                [
                    -0.6796191334724426,
                    -0.25759533047676086,
                    0.6868497133255005,
                    0.8242196440696716
                ],
                [
                    -8.314010813137429e-09,
                    0.9363172650337219,
                    0.3511553108692169,
                    0.4213864505290985
                ],
                [
                    0,
                    0,
                    0,
                    1
                ]
            ]
        }
    ]
}