{
    "camera_angle_x": 0.8575560450553894,
    "aabb": [
        [
            -0.35,
            -0.35,
            -0.35
        ],
        [
            0.35,
            0.35,
            0.35
        ]
    ],
    "frames": [
        {
            "file_path": "000.png",
            "transform_matrix": [
                [
                    -0.5747067332267761,
                    0.060769591480493546,
                    -0.8161000609397888,
                    -0.9793201088905334
                ],
                [
                    -0.8183594942092896,
                    -0.042676541954278946,
                    0.5731199979782104,
                    0.6877440214157104
                ],
                [
                    -4.4251194708522235e-08,
                    0.9972391128540039,
                    0.07425783574581146,
                    0.08910944312810898
                ],
                [
                    0,
                    0,
                    0,
                    1
                ]
            ]
        },
        {
            "file_path": "001.png",
            "transform_matrix": [
                [
                    0.014680145308375359,
                    0.30316925048828125,
                    -0.9528236985206604,
                    -1.1433883905410767
                ],
                [
                    -0.9998922944068909,
                    0.004450966138392687,
                    -0.01398917194455862,
                    -0.016787046566605568
                ],
                [
                    -3.6801985459078423e-08,
                    0.9529263973236084,
                    0.3032018542289734,
                    0.36384251713752747
                ],
                [
                    0,
                    0,
                    0,
                    1
                ]
            ]
        },
        {
            "file_path": "002.png",
            "transform_matrix": [
                [
                    0.2622349262237549,
                    0.2583402395248413,
                    -0.9297812581062317,
                    -1.1157375574111938
                ],
                [
                    -0.965004026889801,
                    0.07020267844200134,
                    -0.2526632845401764,
                    -0.30319592356681824
                ],
                [
                    2.2631784446502934e-08,
                    0.9634997844696045,
                    0.26770898699760437,
                    0.3212508261203766
                ],
                [
                    0,
                    0,
                    0,
                    1
                ]
            ]
        },
        {
            "file_path": "003.png",
            "transform_matrix": [
                [
                    0.7086667418479919,
                    -0.21750770509243011,
                    0.671179473400116,
                    0.8054153919219971
                ],
                [
                    0.7055433988571167,
                    0.21847060322761536,
                    -0.6741507053375244,
                    -0.8089808821678162
                ],
                [
                    -1.9920678440144002e-08,
                    0.9512944221496582,
                    0.3082839548587799,
                    0.36994075775146484
                ],
                [
                    0,
                    0,
                    0,
                    1
                ]
            ]
        },
        {
            "file_path": "004.png",
            "transform_matrix": [
                [
                    0.969548761844635,
                    0.08831349015235901,
                    -0.2284204065799713,
                    -0.2741044759750366
                ],
                [
                    -0.2448982447385788,
                    0.34963172674179077,
                    -0.9043133854866028,
                    -1.08517587184906
                ],
                [
                    -2.134058618707968e-08,
                    0.9327157139778137,
                    0.3606128394603729,
                    0.4327355921268463
                ],
                [
                    0,
                    0,
                    0,
                    1
                ]
            ]
        },
        {
            "file_path": "005.png",
            "transform_matrix": [
                [
                    -0.4523422420024872,
                    0.27369776368141174,
                    -0.8488085865974426,
                    -1.0185703039169312
                ],
                [
                    -0.8918444514274597,
                    -0.1388191431760788,
                    0.43051451444625854,
                    0.5166174173355103
                ],
                [
                    -8.1303426213708e-09,
                    0.9517451524734497,
                    0.3068895936012268,
                    0.3682674765586853
                ],
                [
                    0,
                    0,
                    0,
                    1
                ]
            ]
        }
    ]
}