{
    "camera_angle_x": 0.8575560450553894,
    "aabb": [
        [
            -0.35,
            -0.35,
            -0.35
        ],
        [
            0.35,
            0.35,
            0.35
        ]
    ],
    "frames": [
        {
            "file_path": "000.png",
            "transform_matrix": [
                [
                    0.47460708022117615,
                    0.337887167930603,
                    -0.8127610087394714,
                    -0.9753130078315735
                ],
                [
                    -0.8801978230476379,
                    0.18219034373760223,
                    -0.43824490904808044,
                    -0.5258939266204834
                ],
                [
                    -6.012999875792957e-08,
                    0.9233846068382263,
                    0.3838762938976288,
                    0.46065184473991394
                ],
                [
                    0,
                    0,
                    0,
                    1
                ]
            ]
        },
        {
            "file_path": "001.png",
            "transform_matrix": [
                [
                    -0.9462255239486694,
                    0.004499256145209074,
                    -0.32347720861434937,
                    -0.3881726562976837
                ],
                [
                    -0.32350850105285645,
                    -0.01315995678305626,
                    0.9461338520050049,
                    1.1353604793548584
                ],
                [
                    -1.0596254540473637e-08,
                    0.9999033808708191,
                    0.013907608576118946,
                    0.016689317300915718
                ],
                [
                    0,
                    0,
                    0,
                    1
                ]
            ]
        },
        {
            "file_path": "002.png",
            "transform_matrix": [
                [
                    -0.11848355829715729,
                    -0.1867830604314804,
                    0.9752301573753357,
                    1.170276165008545
                ],
                [
                    0.9929561018943787,
                    -0.02228773944079876,
                    0.1163683757185936,
                    0.13964207470417023
                ],
                [
                    -2.493541728654236e-08,
                    0.9821484088897705,
                    0.18810801208019257,
                    0.22572976350784302
                ],
                [
                    0,
                    0,
                    0,
                    1
                ]
            ]
        },
        {
            "file_path": "003.png",
            "transform_matrix": [
                [
                    -0.031760137528181076,
                    0.36103591322898865,
                    -0.9320110082626343,
                    -1.1184132099151611
                ],
                [
                    -0.9994956254959106,
                    -0.011472394689917564,
                    0.02961566299200058,
                    0.03553881496191025
                ],
                [
                    -1.0329138433462504e-08,
                    0.9324814081192017,
                    0.36121806502342224,
                    0.4334617257118225
                ],
                [
                    0,
                    0,
                    0,
                    1
                ]
            ]
        },
        {
            "file_path": "004.png",
            "transform_matrix": [
                [
                    -0.8125984072685242,
                    0.22732701897621155,
                    -0.5366621613502502,
                    -0.6439946293830872
                ],
                [
                    -0.5828239917755127,
                    -0.31694909930229187,
                    0.7482375502586365,
                    0.8978850841522217
                ],
                [
                    1.4678354531838522e-08,
                    0.9207962155342102,
                    0.3900440037250519,
                    0.46805277466773987
                ],
                [
                    0,
                    0,
                    0,
                    1
                ]
            ]
        },
        {
            "file_path": "005.png",
            "transform_matrix": [
                [
                    0.7065283060073853,
                    0.10977071523666382,
                    -0.6991195678710938,
                    -0.8389435410499573
                ],
                [
                    -0.7076847553253174,
                    0.10959131270647049,
                    -0.6979771256446838,
                    -0.8375725150108337
                ],
                [
                    5.1859814220733824e-09,
                    0.9878968596458435,
                    0.15511241555213928,
                    0.18613497912883759
                ],
                [
                    0,
                    0,
                    0,
                    1
                ]
            ]
        }
    ]
}