{
    "camera_angle_x": 0.8575560450553894,
    "aabb": [
        [
            -0.35,
            -0.35,
            -0.35
        ],
        [
            0.35,
            0.35,
            0.35
        ]
    ],
    "frames": [
        {
            "file_path": "000.png",
            "transform_matrix": [
                [
                    0.7914392352104187,
                    0.19606152176856995,
                    -0.5789505839347839,
                    -0.6947407722473145
                ],
                [
                    -0.6112478375434875,
                    0.2538590729236603,
                    -0.7496210336685181,
                    -0.8995452523231506
                ],
                [
                    2.0952342083546682e-08,
                    0.9471617937088013,
                    0.3207562267780304,
                    0.38490742444992065
                ],
                [
                    0,
                    0,
                    0,
                    1
                ]
            ]
        },
        {
            "file_path": "001.png",
            "transform_matrix": [
                [
                    -0.1210910752415657,
                    0.45584845542907715,
                    -0.8817819356918335,
                    -1.0581382513046265
                ],
                [
                    -0.9926415085792542,
                    -0.055608414113521576,
                    0.10756736993789673,
                    0.1290808469057083
                ],
                [
                    2.1057473986729747e-08,
                    0.8883187174797058,
                    0.45922762155532837,
                    0.5510733127593994
                ],
                [
                    0,
                    0,
                    0,
                    1
                ]
            ]
        },
        {
            "file_path": "002.png",
            "transform_matrix": [
                [
                    0.37248846888542175,
                    0.09700988233089447,
                    -0.9229525923728943,
                    -1.1075431108474731
                ],
                [
                    -0.9280368089675903,
                    0.038937024772167206,
                    -0.3704478144645691,
                    -0.4445374608039856
                ],
                [
                    -5.278779013906387e-08,
                    0.9945214986801147,
                    0.10453232377767563,
                    0.12543873488903046
                ],
                [
                    0,
                    0,
                    0,
                    1
                ]
            ]
        },
        {
            "file_path": "003.png",
            "transform_matrix": [
                [
                    0.9294253587722778,
                    0.05502087622880936,
                    -0.36488527059555054,
                    -0.437862366437912
                ],
                [
                    -0.36901023983955383,
                    0.13858090341091156,
                    -0.919035792350769,
                    -1.1028430461883545
                ],
                [
                    -1.578783326294797e-08,
                    0.9888215661048889,
                    0.14910386502742767,
                    0.17892470955848694
                ],
                [
                    0,
                    0,
                    0,
                    1
                ]
            ]
        },
        {
            "file_path": "004.png",
            "transform_matrix": [
                [
                    0.8537158966064453,
                    -0.10389115661382675,
                    0.510270357131958,
                    0.6123244762420654
                ],
                [
                    0.5207391381263733,
                    0.17032228410243988,
                    -0.836553156375885,
                    -1.00386381149292
                ],
                [
                    2.064120430134153e-08,
                    0.9798964262008667,
                    0.19950701296329498,
                    0.23940862715244293
                ],
                [
                    0,
                    0,
                    0,
                    1
                ]
            ]
        },
        {
            "file_path": "005.png",
            "transform_matrix": [
                [
                    0.8654681444168091,
                    -0.15333108603954315,
                    0.4769218862056732,
                    0.572306215763092
                ],
                [
                    0.5009639859199524,
                    0.2648955285549164,
                    -0.823932945728302,
                    -0.9887195229530334
                ],
                [
                    3.4310815522076155e-08,
                    0.9520084261894226,
                    0.3060719966888428,
                    0.3672865033149719
                ],
                [
                    0,
                    0,
                    0,
                    1
                ]
            ]
        }
    ]
}