{
    "camera_angle_x": 0.8575560450553894,
    "aabb": [
        [
            -0.35,
            -0.35,
            -0.35
        ],
        [
            0.35,
            0.35,
            0.35
        ]
    ],
    "frames": [
        {
            "file_path": "000.png",
            "transform_matrix": [
                [
                    0.3779604732990265,
                    -0.2612231969833374,
                    0.8882051110267639,
                    1.0658462047576904
                ],
                [
                    0.9258217215538025,
                    0.10664263367652893,
                    -0.36260372400283813,
                    -0.4351244568824768
                ],
                [
                    -2.0247590271083027e-08,
                    0.9593694806098938,
                    0.28215283155441284,
                    0.33858340978622437
                ],
                [
                    0,
                    0,
                    0,
                    1
                ]
            ]
        },
        {
            "file_path": "001.png",
            "transform_matrix": [
                [
                    -0.4670610725879669,
                    0.34202802181243896,
                    -0.8153960704803467,
                    -0.9784753322601318
                ],
                [
                    -0.884225070476532,
                    -0.18066440522670746,
                    0.4307045638561249,
                    0.5168455243110657
                ],
                [
                    -2.5444016671372083e-08,
                    0.9221590161323547,
                    0.3868110477924347,
                    0.464173287153244
                ],
                [
                    0,
                    0,
                    0,
                    1
                ]
            ]
        },
        {
            "file_path": "002.png",
            "transform_matrix": [
                [
                    -0.32062795758247375,
                    -0.0462372824549675,
                    0.9460762739181519,
                    1.135291337966919
                ],
                [
                    0.9472054839134216,
                    -0.01565149612724781,
                    0.32024550437927246,
                    0.38429468870162964
                ],
                [
                    3.5837903311630726e-08,
                    0.9988080859184265,
                    0.048814233392477036,
                    0.05857730284333229
                ],
                [
                    0,
                    0,
                    0,
                    1
                ]
            ]
        },
        {
            "file_path": "003.png",
            "transform_matrix": [
                [
                    -0.6489085555076599,
                    -0.038008350878953934,
                    0.7599164843559265,
                    0.9118998050689697
                ],
                [
                    0.7608664035797119,
                    -0.032415714114904404,
                    0.6480984091758728,
                    0.7777181267738342
                ],
                [
                    8.38528109170511e-08,
                    0.9987515211105347,
                    0.04995410889387131,
                    0.059944797307252884
                ],
                [
                    0,
                    0,
                    0,
                    1
                ]
            ]
        },
        {
            "file_path": "004.png",
            "transform_matrix": [
                [
                    0.3681369423866272,
                    0.2987768054008484,
                    -0.8804588317871094,
                    -1.0565505027770996
                ],
                [
                    -0.9297716617584229,
                    0.11829860508441925,
                    -0.3486119508743286,
                    -0.41833433508872986
                ],
                [
                    -4.033075029497013e-08,
                    0.9469625353813171,
                    0.32134419679641724,
                    0.38561326265335083
                ],
                [
                    0,
                    0,
                    0,
                    1
                ]
            ]
        },
        {
            "file_path": "005.png",
            "transform_matrix": [
                [
                    0.9422182440757751,
                    -0.13604767620563507,
                    0.3061302900314331,
                    0.3673563599586487
                ],
                [
                    0.33499959111213684,
                    0.38264700770378113,
                    -0.8610206246376038,
                    -1.0332248210906982
                ],
                [
                    1.841841701377689e-08,
                    0.9138228893280029,
                    0.406112939119339,
                    0.48733559250831604
                ],
                [
                    0,
                    0,
                    0,
                    1
                ]
            ]
        }
    ]
}