{
    "camera_angle_x": 0.8575560450553894,
    "aabb": [
        [
            -0.35,
            -0.35,
            -0.35
        ],
        [
            0.35,
            0.35,
            0.35
        ]
    ],
    "frames": [
        {
            "file_path": "000.png",
            "transform_matrix": [
                [
                    0.7340320348739624,
                    0.28902965784072876,
                    -0.6145395040512085,
                    -0.7374473810195923
                ],
                [
                    -0.679114818572998,
                    0.31240224838256836,
                    -0.6642348170280457,
                    -0.7970818281173706
                ],
                [
                    -3.7186694612501014e-08,
                    0.904912531375885,
                    0.42559757828712463,
                    0.5107172131538391
                ],
                [
                    0,
                    0,
                    0,
                    1
                ]
            ]
        },
        {
            "file_path": "001.png",
            "transform_matrix": [
                [
                    -0.4878416955471039,
                    0.33625689148902893,
                    -0.8055692315101624,
                    -0.9666830897331238
                ],
                [
                    -0.8729321360588074,
                    -0.18791860342025757,
                    0.45019564032554626,
                    0.5402347445487976
                ],
                [
                    -5.1522935251568924e-08,
                    0.9228314757347107,
                    0.3852039575576782,
                    0.4622447192668915
                ],
                [
                    0,
                    0,
                    0,
                    1
                ]
            ]
        },
        {
            "file_path": "002.png",
            "transform_matrix": [
                [
                    0.17482434213161469,
                    0.3450102210044861,
                    -0.922173798084259,
                    -1.106608510017395
                ],
                [
                    -0.9845997095108032,
                    0.06125950068235397,
                    -0.16374018788337708,
                    -0.19648829102516174
                ],
                [
                    -3.8602834706580325e-08,
                    0.9365977644920349,
                    0.3504065275192261,
                    0.4204879105091095
                ],
                [
                    0,
                    0,
                    0,
                    1
                ]
            ]
        },
        {
            "file_path": "003.png",
            "transform_matrix": [
                [
                    0.42047634720802307,
                    -0.45129185914993286,
                    0.7871056795120239,
                    0.944526731967926
                ],
                [
                    0.907303512096405,
                    0.2091445028781891,
                    -0.3647724688053131,
                    -0.43772709369659424
                ],
                [
                    -4.190400915149439e-09,
                    0.8675219416618347,
                    0.4973989725112915,
                    0.5968788266181946
                ],
                [
                    0,
                    0,
                    0,
                    1
                ]
            ]
        },
        {
            "file_path": "004.png",
            "transform_matrix": [
                [
                    0.9578191637992859,
                    -0.08854396641254425,
                    0.27339062094688416,
                    0.32806873321533203
                ],
                [
                    0.2873716354370117,
                    0.29511988162994385,
                    -0.9112199544906616,
                    -1.0934640169143677
                ],
                [
                    1.2923051961877263e-08,
                    0.9513486623764038,
                    0.30811649560928345,
                    0.36973991990089417
                ],
                [
                    0,
                    0,
                    0,
                    1
                ]
            ]
        },
        {
            "file_path": "005.png",
            "transform_matrix": [
                [
                    0.9413051009178162,
                    -0.12294653058052063,
                    0.31437066197395325,
                    0.377244770526886
                ],
                [
                    0.3375570476055145,
                    0.34284621477127075,
                    -0.8766480088233948,
                    -1.0519776344299316
                ],
                [
                    2.6991243018414934e-08,
                    0.9313112497329712,
                    0.3642243444919586,
                    0.4370693862438202
                ],
                [
                    0,
                    0,
                    0,
                    1
                ]
            ]
        }
    ]
}