{
    "camera_angle_x": 0.8575560450553894,
    "aabb": [
        [
            -0.35,
            -0.35,
            -0.35
        ],
        [
            0.35,
            0.35,
            0.35
        ]
    ],
    "frames": [
        {
            "file_path": "000.png",
            "transform_matrix": [
                [
                    -0.7390145659446716,
                    -0.10822746902704239,
                    0.6649393439292908,
                    0.7979272603988647
                ],
                [
                    0.6736894845962524,
                    -0.11872188001871109,
                    0.7294159531593323,
                    0.8752991557121277
                ],
                [
                    6.270116870155107e-09,
                    0.9870116114616394,
                    0.1606488823890686,
                    0.19277872145175934
                ],
                [
                    0,
                    0,
                    0,
                    1
                ]
            ]
        },
        {
            "file_path": "001.png",
            "transform_matrix": [
                [
                    -0.918384313583374,
                    0.015753062441945076,
                    -0.39537617564201355,
                    -0.47445136308670044
                ],
                [
                    -0.39568987488746643,
                    -0.03656240925192833,
                    0.9176561832427979,
                    1.1011873483657837
                ],
                [
                    1.3023047529259202e-08,
                    0.9992072582244873,
                    0.039811551570892334,
                    0.04777398332953453
                ],
                [
                    0,
                    0,
                    0,
                    1
                ]
            ]
        },
        {
            "file_path": "002.png",
            "transform_matrix": [
                [
                    0.27719882130622864,
                    -0.47443723678588867,
                    0.8355059623718262,
                    1.0026071071624756
                ],
                [
                    0.9608126282691956,
                    0.13687728345394135,
                    -0.24104733765125275,
                    -0.28925687074661255
                ],
                [
                    -1.5654919138796686e-08,
                    0.8695827126502991,
                    0.4937874376773834,
                    0.5925449728965759
                ],
                [
                    0,
                    0,
                    0,
                    1
                ]
            ]
        },
        {
            "file_path": "003.png",
            "transform_matrix": [
                [
                    -0.9990549683570862,
                    -0.015203041955828667,
                    0.04072057083249092,
                    0.04886468127369881
                ],
                [
                    0.04346604645252228,
                    -0.3494375944137573,
                    0.9359509348869324,
                    1.1231410503387451
                ],
                [
                    -3.4924125813518003e-09,
                    0.936836302280426,
                    0.34976813197135925,
                    0.41972196102142334
                ],
                [
                    0,
                    0,
                    0,
                    1
                ]
            ]
        },
        {
            "file_path": "004.png",
            "transform_matrix": [
                [
                    0.1439260095357895,
                    0.04516236111521721,
                    -0.9885574579238892,
                    -1.1862688064575195
                ],
                [
                    -0.9895885586738586,
                    0.006568394601345062,
                    -0.14377617835998535,
                    -0.1725313812494278
                ],
                [
                    9.646082332892547e-08,
                    0.998958170413971,
                    0.04563739895820618,
                    0.05476497486233711
                ],
                [
                    0,
                    0,
                    0,
                    1
                ]
            ]
        },
        {
            "file_path": "005.png",
            "transform_matrix": [
                [
                    -0.9935361742973328,
                    -0.04075276479125023,
                    0.1059480831027031,
                    0.127137690782547
                ],
                [
                    0.11351556330919266,
                    -0.3566853106021881,
                    0.9273024201393127,
                    1.1127629280090332
                ],
                [
                    -9.30645960295351e-09,
                    0.9333353042602539,
                    0.359005868434906,
                    0.43080705404281616
                ],
                [
                    0,
                    0,
                    0,
                    1
                ]
            ]
        }
    ]
}