{
    "camera_angle_x": 0.8575560450553894,
    "aabb": [
        [
            -0.35,
            -0.35,
            -0.35
        ],
        [
            0.35,
            0.35,
            0.35
        ]
    ],
    "frames": [
        {
            "file_path": "000.png",
            "transform_matrix": [
                [
                    -0.002730230102315545,
                    0.23450765013694763,
                    -0.9721105098724365,
                    -1.1665326356887817
                ],
                [
                    -0.9999963641166687,
                    -0.000640287937130779,
                    0.0026540267281234264,
                    0.003184882691130042
                ],
                [
                    3.576446516717624e-08,
                    0.9721141457557678,
                    0.2345084398984909,
                    0.281410276889801
                ],
                [
                    0,
                    0,
                    0,
                    1
                ]
            ]
        },
        {
            "file_path": "001.png",
            "transform_matrix": [
                [
                    -0.04019704833626747,
                    -0.49321553111076355,
                    0.8689780831336975,
                    1.0427736043930054
                ],
                [
                    0.9991918802261353,
                    -0.019841816276311874,
                    0.03495854511857033,
                    0.04195031896233559
                ],
                [
                    -1.0522361293396898e-07,
                    0.8696810007095337,
                    0.4936143457889557,
                    0.5923373699188232
                ],
                [
                    0,
                    0,
                    0,
                    1
                ]
            ]
        },
        {
            "file_path": "002.png",
            "transform_matrix": [
                [
                    -0.43187108635902405,
                    0.34248587489128113,
                    -0.8343805074691772,
                    -1.0012567043304443
                ],
                [
                    -0.9019353985786438,
                    -0.1639915257692337,
                    0.3995239734649658,
                    0.47942882776260376
                ],
                [
                    -9.886226948196963e-09,
                    0.9251001477241516,
                    0.37972328066825867,
                    0.4556679427623749
                ],
                [
                    0,
                    0,
                    0,
                    1
                ]
            ]
        },
        {
            "file_path": "003.png",
            "transform_matrix": [
                [
                    -0.7431342005729675,
                    0.32209643721580505,
                    -0.5865197777748108,
                    -0.7038236856460571
                ],
                [
                    -0.6691424250602722,
                    -0.35771289467811584,
                    0.651375412940979,
                    0.7816505432128906
                ],
                [
                    3.1449417292606086e-08,
                    0.8765246272087097,
                    0.48135703802108765,
                    0.5776285529136658
                ],
                [
                    0,
                    0,
                    0,
                    1
                ]
            ]
        },
        {
            "file_path": "004.png",
            "transform_matrix": [
                [
                    -0.9442854523658752,
                    -0.11695683747529984,
                    0.30764639377593994,
                    0.36917567253112793
                ],
                [
                    0.3291279375553131,
                    -0.33555537462234497,
                    0.8826537132263184,
                    1.0591844320297241
                ],
                [
                    -6.04871175369226e-09,
                    0.9347319602966309,
                    0.3553536534309387,
                    0.42642444372177124
                ],
                [
                    0,
                    0,
                    0,
                    1
                ]
            ]
        },
        {
            "file_path": "005.png",
            "transform_matrix": [
                [
                    0.9647467732429504,
                    0.1010647639632225,
                    -0.24300114810466766,
                    -0.29160138964653015
                ],
                [
                    -0.26317986845970154,
                    0.37047624588012695,
                    -0.890777051448822,
                    -1.0689324140548706
                ],
                [
                    2.8916256056277234e-09,
                    0.9233273267745972,
                    0.38401398062705994,
                    0.4608168601989746
                ],
                [
                    0,
                    0,
                    0,
                    1
                ]
            ]
        }
    ]
}