{
    "camera_angle_x": 0.8575560450553894,
    "aabb": [
        [
            -0.35,
            -0.35,
            -0.35
        ],
        [
            0.35,
            0.35,
            0.35
        ]
    ],
    "frames": [
        {
            "file_path": "000.png",
            "transform_matrix": [
                [
                    -0.9727291464805603,
                    -0.04798723757266998,
                    0.22692576050758362,
                    0.27231094241142273
                ],
                [
                    0.23194412887096405,
                    -0.20124934613704681,
                    0.9516830444335938,
                    1.1420197486877441
                ],
                [
                    1.7739404611916143e-08,
                    0.9783639311790466,
                    0.20689143240451813,
                    0.2482697069644928
                ],
                [
                    0,
                    0,
                    0,
                    1
                ]
            ]
        },
        {
            "file_path": "001.png",
            "transform_matrix": [
                [
                    0.561283528804779,
                    -0.08209659159183502,
                    0.8235417008399963,
                    0.9882501363754272
                ],
                [
                    0.8276236057281494,
                    0.055676888674497604,
                    -0.5585152506828308,
                    -0.6702183485031128
                ],
                [
                    -5.067290942406544e-08,
                    0.9950679540634155,
                    0.09919559210538864,
                    0.11903470009565353
                ],
                [
                    0,
                    0,
                    0,
                    1
                ]
            ]
        },
        {
            "file_path": "002.png",
            "transform_matrix": [
                [
                    0.5596674680709839,
                    -0.2624765634536743,
                    0.7860524654388428,
                    0.9432628750801086
                ],
                [
                    0.8287173509597778,
                    0.17726129293441772,
                    -0.5308541655540466,
                    -0.637024998664856
                ],
                [
                    5.131073521624785e-08,
                    0.9485170841217041,
                    0.3167262077331543,
                    0.3800716698169708
                ],
                [
                    0,
                    0,
                    0,
                    1
                ]
            ]
        },
        {
            "file_path": "003.png",
            "transform_matrix": [
                [
                    -0.6726781725883484,
                    0.07764223217964172,
                    -0.7358506321907043,
                    -0.8830206394195557
                ],
                [
                    -0.7399354577064514,
                    -0.07058492302894592,
                    0.6689645051956177,
                    0.8027573823928833
                ],
                [
                    3.0378600968106184e-08,
                    0.9944796562194824,
                    0.10493093729019165,
                    0.1259174942970276
                ],
                [
                    0,
                    0,
                    0,
                    1
                ]
            ]
        },
        {
            "file_path": "004.png",
            "transform_matrix": [
                [
                    0.39393219351768494,
                    0.05080100893974304,
                    -0.9177346229553223,
                    -1.1012814044952393
                ],
                [
                    -0.919139564037323,
                    0.021772556006908417,
                    -0.3933301568031311,
                    -0.4719962477684021
                ],
                [
                    -2.8524276274310978e-08,
                    0.9984715580940247,
                    0.05527004972100258,
                    0.06632426381111145
                ],
                [
                    0,
                    0,
                    0,
                    1
                ]
            ]
        },
        {
            "file_path": "005.png",
            "transform_matrix": [
                [
                    -0.9992026090621948,
                    -0.0017399941571056843,
                    0.03989163041114807,
                    0.0478699617087841
                ],
                [
                    0.03992956131696701,
                    -0.04354196786880493,
                    0.9982534050941467,
                    1.197904109954834
                ],
                [
                    2.7836692950700126e-09,
                    0.9990501403808594,
                    0.04357660934329033,
                    0.05229204520583153
                ],
                [
                    0,
                    0,
                    0,
                    1
                ]
            ]
        }
    ]
}