{
    "camera_angle_x": 0.8575560450553894,
    "aabb": [
        [
            -0.35,
            -0.35,
            -0.35
        ],
        [
            0.35,
            0.35,
            0.35
        ]
    ],
    "frames": [
        {
            "file_path": "000.png",
            "transform_matrix": [
                [
                    -0.929491400718689,
                    -0.1805066168308258,
                    0.3216570317745209,
                    0.3859884440898895
                ],
                [
                    0.36884400248527527,
                    -0.45487892627716064,
                    0.8105796575546265,
                    0.972695529460907
                ],
                [
                    1.4311770435426752e-08,
                    0.8720679879188538,
                    0.4893847405910492,
                    0.5872617363929749
                ],
                [
                    0,
                    0,
                    0,
                    1
                ]
            ]
        },
        {
            "file_path": "001.png",
            "transform_matrix": [
                [
                    -0.03926477208733559,
                    0.3829500675201416,
                    -0.9229342341423035,
                    -1.1075210571289062
                ],
                [
                    -0.9992288947105408,
                    -0.015048068016767502,
                    0.03626672923564911,
                    0.043520014733076096
                ],
                [
                    1.1993563475698465e-08,
                    0.9236465096473694,
                    0.3832455575466156,
                    0.45989474654197693
                ],
                [
                    0,
                    0,
                    0,
                    1
                ]
            ]
        },
        {
            "file_path": "002.png",
            "transform_matrix": [
                [
                    -0.49676454067230225,
                    -0.0726596787571907,
                    0.864838719367981,
                    1.0378063917160034
                ],
                [
                    0.8678856492042542,
                    -0.04158947616815567,
                    0.49502038955688477,
                    0.5940243601799011
                ],
                [
                    2.4383773222780292e-08,
                    0.9964894652366638,
                    0.08372019976377487,
                    0.1004643514752388
                ],
                [
                    0,
                    0,
                    0,
                    1
                ]
            ]
        },
        {
            "file_path": "003.png",
            "transform_matrix": [
                [
                    -0.02759561687707901,
                    0.14380691945552826,
                    -0.9892210960388184,
                    -1.1870651245117188
                ],
                [
                    -0.9996193051338196,
                    -0.00396997993811965,
                    0.027308423072099686,
                    0.03277019411325455
                ],
                [
                    1.07539129601264e-07,
                    0.9895979762077332,
                    0.1438615471124649,
                    0.17263412475585938
                ],
                [
                    0,
                    0,
                    0,
                    1
                ]
            ]
        },
        {
            "file_path": "004.png",
            "transform_matrix": [
                [
                    -0.5870832204818726,
                    -0.39171499013900757,
                    0.7084439992904663,
                    0.8501327633857727
                ],
                [
                    0.8095267415046692,
                    -0.2840786874294281,
                    0.5137761831283569,
                    0.6165314316749573
                ],
                [
                    -4.588762436696925e-08,
                    0.8751336336135864,
                    0.483881413936615,
                    0.5806577801704407
                ],
                [
                    0,
                    0,
                    0,
                    1
                ]
            ]
        },
        {
            "file_path": "005.png",
            "transform_matrix": [
                [
                    0.9722849726676941,
                    0.04729412496089935,
                    -0.22896549105644226,
                    -0.27475857734680176
                ],
                [
                    -0.23379890620708466,
                    0.19667905569076538,
                    -0.9521846175193787,
                    -1.1426215171813965
                ],
                [
                    -1.1732769422678757e-08,
                    0.9793266654014587,
                    0.20228540897369385,
                    0.24274258315563202
                ],
                [
                    0,
                    0,
                    0,
                    1
                ]
            ]
        }
    ]
}