{
    "camera_angle_x": 0.8575560450553894,
    "aabb": [
        [
            -0.35,
            -0.35,
            -0.35
        ],
        [
            0.35,
            0.35,
            0.35
        ]
    ],
    "frames": [
        {
            "file_path": "000.png",
            "transform_matrix": [
                [
                    -0.548121452331543,
                    0.05524207651615143,
                    -0.834572434425354,
                    -1.0014870166778564
                ],
                [
                    -0.836398720741272,
                    -0.03620213270187378,
                    0.5469246506690979,
                    0.6563096046447754
                ],
                [
                    -5.555850890459624e-08,
                    0.9978164434432983,
                    0.06604757905006409,
                    0.07925698906183243
                ],
                [
                    0,
                    0,
                    0,
                    1
                ]
            ]
        },
        {
            "file_path": "001.png",
            "transform_matrix": [
                [
                    -0.9929683804512024,
                    0.028328103944659233,
                    -0.11494183540344238,
                    -0.13793018460273743
                ],
                [
                    -0.11838119477033615,
                    -0.2376130372285843,
                    0.9641193747520447,
                    1.1569432020187378
                ],
                [
                    1.7192860468639992e-09,
                    0.9709468483924866,
                    0.2392955720424652,
                    0.287154883146286
                ],
                [
                    0,
                    0,
                    0,
                    1
                ]
            ]
        },
        {
            "file_path": "002.png",
            "transform_matrix": [
                [
                    -0.7999369502067566,
                    -0.02762145921587944,
                    0.5994483232498169,
                    0.7193379402160645
                ],
                [
                    0.6000843644142151,
                    -0.03682055324316025,
                    0.7990890145301819,
                    0.9589067101478577
                ],
                [
                    -4.6429239120016064e-08,
                    0.9989401698112488,
                    0.04602913558483124,
                    0.055235203355550766
                ],
                [
                    0,
                    0,
                    0,
                    1
                ]
            ]
        },
        {
            "file_path": "003.png",
            "transform_matrix": [
                [
                    0.8681981563568115,
                    0.12603500485420227,
                    -0.4799449145793915,
                    -0.5759338736534119
                ],
                [
                    -0.49621763825416565,
                    0.22051478922367096,
                    -0.8397269248962402,
                    -1.0076723098754883
                ],
                [
                    -1.2981251629184953e-08,
                    0.9672065377235413,
                    0.2539913058280945,
                    0.3047897517681122
                ],
                [
                    0,
                    0,
                    0,
                    1
                ]
            ]
        },
        {
            "file_path": "004.png",
            "transform_matrix": [
                [
                    -0.8433049321174622,
                    0.20208735764026642,
                    -0.497993528842926,
                    -0.5975922346115112
                ],
                [
                    -0.5374354124069214,
                    -0.3171009421348572,
                    0.7814155220985413,
                    0.9376986026763916
                ],
                [
                    -1.929298143465985e-08,
                    0.9266108870506287,
                    0.3760216534137726,
                    0.45122602581977844
                ],
                [
                    0,
                    0,
                    0,
                    1
                ]
            ]
        },
        {
            "file_path": "005.png",
            "transform_matrix": [
                [
                    0.9981575012207031,
                    -0.030172057449817657,
                    0.052642520517110825,
                    0.06317102164030075
                ],
                [
                    0.06067609041929245,
                    0.4963480830192566,
                    -0.8660005927085876,
                    -1.0392006635665894
                ],
                [
                    2.357816608622443e-09,
                    0.8675991296768188,
                    0.4972642958164215,
                    0.596717357635498
                ],
                [
                    0,
                    0,
                    0,
                    1
                ]
            ]
        }
    ]
}