{
    "camera_angle_x": 0.8575560450553894,
    "aabb": [
        [
            -0.35,
            -0.35,
            -0.35
        ],
        [
            0.35,
            0.35,
            0.35
        ]
    ],
    "frames": [
        {
            "file_path": "000.png",
            "transform_matrix": [
                [
                    0.7316141724586487,
                    0.2533155381679535,
                    -0.6329076290130615,
                    -0.759489119052887
                ],
                [
                    -0.6817190051078796,
                    0.27185574173927307,
                    -0.6792304515838623,
                    -0.8150763511657715
                ],
                [
                    8.867534972978319e-08,
                    0.9283997416496277,
                    0.3715834617614746,
                    0.44590017199516296
                ],
                [
                    0,
                    0,
                    0,
                    1
                ]
            ]
        },
        {
            "file_path": "001.png",
            "transform_matrix": [
                [
                    -0.9230380654335022,
                    -0.12717600166797638,
                    0.3630802631378174,
                    0.4356963336467743
                ],
                [
                    0.3847090005874634,
                    -0.3051353693008423,
                    0.8711438775062561,
                    1.0453726053237915
                ],
                [
                    7.2771051407016785e-09,
                    0.9437790513038635,
                    0.3305770754814148,
                    0.39669257402420044
                ],
                [
                    0,
                    0,
                    0,
                    1
                ]
            ]
        },
        {
            "file_path": "002.png",
            "transform_matrix": [
                [
                    -0.9578886032104492,
                    0.12967200577259064,
                    -0.2561931610107422,
                    -0.30743175745010376
                ],
                [
                    -0.2871406674385071,
                    -0.4325801432132721,
                    0.854649007320404,
                    1.0255787372589111
                ],
                [
                    8.815788099525435e-09,
                    0.8922218680381775,
                    0.4515974521636963,
                    0.541917085647583
                ],
                [
                    0,
                    0,
                    0,
                    1
                ]
            ]
        },
        {
            "file_path": "003.png",
            "transform_matrix": [
                [
                    -0.8648129105567932,
                    -0.05643259361386299,
                    0.498913049697876,
                    0.5986956357955933
                ],
                [
                    0.5020944476127625,
                    -0.09720016270875931,
                    0.8593330979347229,
                    1.0311996936798096
                ],
                [
                    7.162679338534872e-09,
                    0.9936637282371521,
                    0.11239434033632278,
                    0.13487321138381958
                ],
                [
                    0,
                    0,
                    0,
                    1
                ]
            ]
        },
        {
            "file_path": "004.png",
            "transform_matrix": [
                [
                    -0.6260233521461487,
                    -0.15105119347572327,
                    0.7650349736213684,
                    0.9180418848991394
                ],
                [
                    0.7798044681549072,
                    -0.12126319855451584,
                    0.6141664385795593,
                    0.7369997501373291
                ],
                [
                    -4.5605428766748446e-08,
                    0.9810601472854614,
                    0.19370383024215698,
                    0.2324446588754654
                ],
                [
                    0,
                    0,
                    0,
                    1
                ]
            ]
        },
        {
            "file_path": "005.png",
            "transform_matrix": [
                [
                    0.42677226662635803,
                    -0.07564356923103333,
                    0.9011901021003723,
                    1.081428050994873
                ],
                [
                    0.9043592214584351,
                    0.03569643571972847,
                    -0.42527687549591064,
                    -0.5103322863578796
                ],
                [
                    8.709933752015786e-08,
                    0.9964959025382996,
                    0.08364313840866089,
                    0.10037200897932053
                ],
                [
                    0,
                    0,
                    0,
                    1
                ]
            ]
        }
    ]
}