{
    "camera_angle_x": 0.8575560450553894,
    "aabb": [
        [
            -0.35,
            -0.35,
            -0.35
        ],
        [
            0.35,
            0.35,
            0.35
        ]
    ],
    "frames": [
        {
            "file_path": "000.png",
            "transform_matrix": [
                [
                    0.3709331750869751,
                    0.048966094851493835,
                    -0.9273677468299866,
                    -1.1128413677215576
                ],
                [
                    -0.9286595582962036,
                    0.0195584949105978,
                    -0.37041717767715454,
                    -0.44450056552886963
                ],
                [
                    4.361243099992862e-08,
                    0.9986089468002319,
                    0.05272772163152695,
                    0.06327317655086517
                ],
                [
                    0,
                    0,
                    0,
                    1
                ]
            ]
        },
        {
            "file_path": "001.png",
            "transform_matrix": [
                [
                    0.8582183122634888,
                    -0.1448000967502594,
                    0.49243712425231934,
                    0.5909245610237122
                ],
                [
                    0.5132849216461182,
                    0.24210739135742188,
                    -0.8233606219291687,
                    -0.9880326986312866
                ],
                [
                    -2.2317493630907848e-08,
                    0.9593837261199951,
                    0.2821046710014343,
                    0.33852559328079224
                ],
                [
                    0,
                    0,
                    0,
                    1
                ]
            ]
        },
        {
            "file_path": "002.png",
            "transform_matrix": [
                [
                    -0.7977198958396912,
                    0.011150526814162731,
                    -0.6029250025749207,
                    -0.7235100865364075
                ],
                [
                    -0.6030281186103821,
                    -0.014750565402209759,
                    0.7975835204124451,
                    0.9571002721786499
                ],
                [
                    -1.4162147010665649e-08,
                    0.9998289942741394,
                    0.01849091798067093,
                    0.02218911051750183
                ],
                [
                    0,
                    0,
                    0,
                    1
                ]
            ]
        },
        {
            "file_path": "003.png",
            "transform_matrix": [
                [
                    0.5006773471832275,
                    -0.1443983018398285,
                    0.8535053730010986,
                    1.0242063999176025
                ],
                [
                    0.865634024143219,
                    0.08351894468069077,
                    -0.4936622977256775,
                    -0.5923947691917419
                ],
                [
                    6.465501201091683e-08,
                    0.9859887957572937,
                    0.16681207716464996,
                    0.20017465949058533
                ],
                [
                    0,
                    0,
                    0,
                    1
                ]
            ]
        },
        {
            "file_path": "004.png",
            "transform_matrix": [
                [
                    -0.2719404101371765,
                    -0.3425227105617523,
                    0.8992923498153687,
                    1.0791507959365845
                ],
                [
                    0.9623141288757324,
                    -0.09679360687732697,
                    0.254131019115448,
                    0.30495721101760864
                ],
                [
                    7.692559478300609e-08,
                    0.9345101714134216,
                    0.3559364974498749,
                    0.4271237850189209
                ],
                [
                    0,
                    0,
                    0,
                    1
                ]
            ]
        },
        {
            "file_path": "005.png",
            "transform_matrix": [
                [
                    -0.7647414207458496,
                    0.2603347599506378,
                    -0.5894033312797546,
                    -0.7072840332984924
                ],
                [
                    -0.6443372368812561,
                    -0.3089822232723236,
                    0.6995422840118408,
                    0.8394508361816406
                ],
                [
                    1.4764864886274154e-09,
                    0.9147435426712036,
                    0.40403497219085693,
                    0.484841912984848
                ],
                [
                    0,
                    0,
                    0,
                    1
                ]
            ]
        }
    ]
}