{
    "camera_angle_x": 0.8575560450553894,
    "aabb": [
        [
            -0.35,
            -0.35,
            -0.35
        ],
        [
            0.35,
            0.35,
            0.35
        ]
    ],
    "frames": [
        {
            "file_path": "000.png",
            "transform_matrix": [
                [
                    -0.2710007131099701,
                    0.3791937530040741,
                    -0.8847435712814331,
                    -1.0616921186447144
                ],
                [
                    -0.9625793695449829,
                    -0.10675667971372604,
                    0.24908700585365295,
                    0.2989044487476349
                ],
                [
                    9.813530255087244e-08,
                    0.9191384315490723,
                    0.3939349055290222,
                    0.47272202372550964
                ],
                [
                    0,
                    0,
                    0,
                    1
                ]
            ]
        },
        {
            "file_path": "001.png",
            "transform_matrix": [
                [
                    0.3986363112926483,
                    -0.14481493830680847,
                    0.9056035280227661,
                    1.0867242813110352
                ],
                [
                    0.9171091318130493,
                    0.0629461333155632,
                    -0.39363527297973633,
                    -0.4723622798919678
                ],
                [
                    -1.2295544138396508e-08,
                    0.9874545335769653,
                    0.15790368616580963,
                    0.18948444724082947
                ],
                [
                    0,
                    0,
                    0,
                    1
                ]
            ]
        },
        {
            "file_path": "002.png",
            "transform_matrix": [
                [
                    0.5444486737251282,
                    -0.2795766294002533,
                    0.7908303141593933,
                    0.948996365070343
                ],
                [
                    0.8387941718101501,
                    0.18146902322769165,
                    -0.5133160352706909,
                    -0.6159793138504028
                ],
                [
                    -3.7444049638679644e-08,
                    0.9428180456161499,
                    0.33330780267715454,
                    0.39996930956840515
                ],
                [
                    0,
                    0,
                    0,
                    1
                ]
            ]
        },
        {
            "file_path": "003.png",
            "transform_matrix": [
                [
                    0.13191214203834534,
                    0.0017926600994542241,
                    -0.9912599325180054,
                    -1.189511775970459
                ],
                [
                    -0.9912615418434143,
                    0.00023830661666579545,
                    -0.13191206753253937,
                    -0.15829454362392426
                ],
                [
                    -1.2202377774883644e-07,
                    0.9999985098838806,
                    0.001808318542316556,
                    0.002170272171497345
                ],
                [
                    0,
                    0,
                    0,
                    1
                ]
            ]
        },
        {
            "file_path": "004.png",
            "transform_matrix": [
                [
                    0.757550060749054,
                    0.21565641462802887,
                    -0.616125226020813,
                    -0.7393501996994019
                ],
                [
                    -0.6527771353721619,
                    0.25026988983154297,
                    -0.7150154709815979,
                    -0.8580185174942017
                ],
                [
                    -2.2431619228768795e-08,
                    0.943852424621582,
                    0.3303675353527069,
                    0.39644116163253784
                ],
                [
                    0,
                    0,
                    0,
                    1
                ]
            ]
        },
        {
            "file_path": "005.png",
            "transform_matrix": [
                [
                    -0.27547788619995117,
                    0.19132506847381592,
                    -0.942075788974762,
                    -1.1304908990859985
                ],
                [
                    -0.9613074660301208,
                    -0.054827213287353516,
                    0.2699666917324066,
                    0.3239600658416748
                ],
                [
                    5.6570755191387434e-08,
                    0.9799942970275879,
                    0.19902582466602325,
                    0.23883111774921417
                ],
                [
                    0,
                    0,
                    0,
                    1
                ]
            ]
        }
    ]
}