{
    "camera_angle_x": 0.8575560450553894,
    "aabb": [
        [
            -0.35,
            -0.35,
            -0.35
        ],
        [
            0.35,
            0.35,
            0.35
        ]
    ],
    "frames": [
        {
            "file_path": "000.png",
            "transform_matrix": [
                [
                    -0.36346110701560974,
                    0.2634017765522003,
                    -0.8935969471931458,
                    -1.0723164081573486
                ],
                [
                    -0.9316093325614929,
                    -0.10276442021131516,
                    0.3486308455467224,
                    0.4183569550514221
                ],
                [
                    -1.0041706133279149e-08,
                    0.9591970443725586,
                    0.28273844718933105,
                    0.3392861783504486
                ],
                [
                    0,
                    0,
                    0,
                    1
                ]
            ]
        },
        {
            "file_path": "001.png",
            "transform_matrix": [
                [
                    0.8333594799041748,
                    -0.24287472665309906,
                    0.4965117275714874,
                    0.5958139300346375
                ],
                [
                    0.5527313947677612,
                    0.36618486046791077,
                    -0.7485966682434082,
                    -0.8983157277107239
                ],
                [
                    -8.055070499501937e-11,
                    0.8982877135276794,
                    0.4394080638885498,
                    0.527289867401123
                ],
                [
                    0,
                    0,
                    0,
                    1
                ]
            ]
        },
        {
            "file_path": "002.png",
            "transform_matrix": [
                [
                    0.12208575755357742,
                    0.3128553032875061,
                    -0.9419218301773071,
                    -1.1303061246871948
                ],
                [
                    -0.9925196170806885,
                    0.03848293796181679,
                    -0.11586203426122665,
                    -0.13903452455997467
                ],
                [
                    -4.719870716485275e-08,
                    0.9490209817886353,
                    0.315213143825531,
                    0.3782559037208557
                ],
                [
                    0,
                    0,
                    0,
                    1
                ]
            ]
        },
        {
            "file_path": "003.png",
            "transform_matrix": [
                [
                    0.6189607381820679,
                    0.3304661512374878,
                    -0.7125166058540344,
                    -0.8550198078155518
                ],
                [
                    -0.7854220271110535,
                    0.2604275643825531,
                    -0.5615069270133972,
                    -0.673808217048645
                ],
                [
                    7.590939077317671e-08,
                    0.9071769118309021,
                    0.4207497239112854,
                    0.5048997402191162
                ],
                [
                    0,
                    0,
                    0,
                    1
                ]
            ]
        },
        {
            "file_path": "004.png",
            "transform_matrix": [
                [
                    0.7861282229423523,
                    0.2810061275959015,
                    -0.5504888296127319,
                    -0.6605865955352783
                ],
                [
                    -0.6180633902549744,
                    0.3574177920818329,
                    -0.7001786828041077,
                    -0.8402144312858582
                ],
                [
                    1.609829070048363e-08,
                    0.890667200088501,
                    0.45465582609176636,
                    0.5455870032310486
                ],
                [
                    0,
                    0,
                    0,
                    1
                ]
            ]
        },
        {
            "file_path": "005.png",
            "transform_matrix": [
                [
                    0.9504761099815369,
                    -0.08247807621955872,
                    0.29965394735336304,
                    0.3595847487449646
                ],
                [
                    0.3107975423336029,
                    0.2522330582141876,
                    -0.916396975517273,
                    -1.0996763706207275
                ],
                [
                    1.9134098749873374e-08,
                    0.9641451239585876,
                    0.2653754949569702,
                    0.3184506893157959
                ],
                [
                    0,
                    0,
                    0,
                    1
                ]
            ]
        }
    ]
}