{
    "camera_angle_x": 0.8575560450553894,
    "aabb": [
        [
            -0.35,
            -0.35,
            -0.35
        ],
        [
            0.35,
            0.35,
            0.35
        ]
    ],
    "frames": [
        {
            "file_path": "000.png",
            "transform_matrix": [
                [
                    -0.9365473985671997,
                    -0.10685732960700989,
                    0.3338582217693329,
                    0.40062978863716125
                ],
                [
                    0.3505421578884125,
                    -0.2854921519756317,
                    0.891972541809082,
                    1.0703668594360352
                ],
                [
                    2.4534244857932208e-08,
                    0.9524055123329163,
                    0.30483436584472656,
                    0.3658013641834259
                ],
                [
                    0,
                    0,
                    0,
                    1
                ]
            ]
        },
        {
            "file_path": "001.png",
            "transform_matrix": [
                [
                    -0.8716715574264526,
                    0.1263340562582016,
                    -0.47352784872055054,
                    -0.5682333707809448
                ],
                [
                    -0.4900906980037689,
                    -0.2246968001127243,
                    0.8422129154205322,
                    1.010655403137207
                ],
                [
                    -3.4869955811700493e-09,
                    0.9662045240402222,
                    0.2577768564224243,
                    0.3093324601650238
                ],
                [
                    0,
                    0,
                    0,
                    1
                ]
            ]
        },
        {
            "file_path": "002.png",
            "transform_matrix": [
                [
                    0.470987468957901,
                    -0.14992755651474,
                    0.8693057298660278,
                    1.043166995048523
                ],
                [
                    0.8821398615837097,
                    0.08004851639270782,
                    -0.464135080575943,
                    -0.5569621920585632
                ],
                [
                    5.9513386219123277e-08,
                    0.9854511022567749,
                    0.1699589639902115,
                    0.20395082235336304
                ],
                [
                    0,
                    0,
                    0,
                    1
                ]
            ]
        },
        {
            "file_path": "003.png",
            "transform_matrix": [
                [
                    0.4261491298675537,
                    -0.05659282207489014,
                    0.9028810262680054,
                    1.0834572315216064
                ],
                [
                    0.9046529531478882,
                    0.026658836752176285,
                    -0.4253144860267639,
                    -0.5103774070739746
                ],
                [
                    -3.651422275652294e-08,
                    0.9980413913726807,
                    0.06255748867988586,
                    0.07506902515888214
                ],
                [
                    0,
                    0,
                    0,
                    1
                ]
            ]
        },
        {
            "file_path": "004.png",
            "transform_matrix": [
                [
                    -0.9100106954574585,
                    -0.09957098215818405,
                    0.4024505019187927,
                    0.48294052481651306
                ],
                [
                    0.41458508372306824,
                    -0.21855749189853668,
                    0.883375346660614,
                    1.060050368309021
                ],
                [
                    -1.3489440675584774e-08,
                    0.9707309007644653,
                    0.24017012119293213,
                    0.2882043123245239
                ],
                [
                    0,
                    0,
                    0,
                    1
                ]
            ]
        },
        {
            "file_path": "005.png",
            "transform_matrix": [
                [
                    0.11002586036920547,
                    -0.40216314792633057,
                    0.9089329838752747,
                    1.0907195806503296
                ],
                [
                    0.9939287304878235,
                    0.04451863095164299,
                    -0.10061700642108917,
                    -0.1207403689622879
                ],
                [
                    -4.8601798141589825e-09,
                    0.9144850373268127,
                    0.4046196937561035,
                    0.48554369807243347
                ],
                [
                    0,
                    0,
                    0,
                    1
                ]
            ]
        }
    ]
}