{
    "camera_angle_x": 0.8575560450553894,
    "aabb": [
        [
            -0.35,
            -0.35,
            -0.35
        ],
        [
            0.35,
            0.35,
            0.35
        ]
    ],
    "frames": [
        {
            "file_path": "000.png",
            "transform_matrix": [
                [
                    0.12645187973976135,
                    0.04708369821310043,
                    -0.990854799747467,
                    -1.189025640487671
                ],
                [
                    -0.991972804069519,
                    0.006001925561577082,
                    -0.12630943953990936,
                    -0.1515713334083557
                ],
                [
                    -1.9071428880579333e-09,
                    0.9988729953765869,
                    0.047464631497859955,
                    0.056957632303237915
                ],
                [
                    0,
                    0,
                    0,
                    1
                ]
            ]
        },
        {
            "file_path": "001.png",
            "transform_matrix": [
                [
                    -0.46139609813690186,
                    -0.38057413697242737,
                    0.8014219403266907,
                    0.9617063403129578
                ],
                [
                    0.8871943354606628,
                    -0.19792214035987854,
                    0.41678908467292786,
                    0.5001468658447266
                ],
                [
                    -5.030626226698587e-08,
                    0.9033218026161194,
                    0.4289636015892029,
                    0.5147563219070435
                ],
                [
                    0,
                    0,
                    0,
                    1
                ]
            ]
        },
        {
            "file_path": "002.png",
            "transform_matrix": [
                [
                    -0.6765011548995972,
                    0.23175731301307678,
                    -0.6990242600440979,
                    -0.8388291597366333
                ],
                [
                    -0.7364417314529419,
                    -0.21289411187171936,
                    0.642129123210907,
                    0.7705549001693726
                ],
                [
                    6.035101307588775e-09,
                    0.9491916298866272,
                    0.314698725938797,
                    0.3776385486125946
                ],
                [
                    0,
                    0,
                    0,
                    1
                ]
            ]
        },
        {
            "file_path": "003.png",
            "transform_matrix": [
                [
                    -0.9591589570045471,
                    0.12124563753604889,
                    -0.25556567311286926,
                    -0.30667877197265625
                ],
                [
                    -0.28286802768707275,
                    -0.41112399101257324,
                    0.8665811419487,
                    1.0398973226547241
                ],
                [
                    1.4422111505041357e-08,
                    0.9034802913665771,
                    0.42862963676452637,
                    0.5143558382987976
                ],
                [
                    0,
                    0,
                    0,
                    1
                ]
            ]
        },
        {
            "file_path": "004.png",
            "transform_matrix": [
                [
                    0.8288637399673462,
                    -0.047054145485162735,
                    0.5574682354927063,
                    0.6689618229866028
                ],
                [
                    0.5594505667686462,
                    0.06971374899148941,
                    -0.8259268999099731,
                    -0.991112232208252
                ],
                [
                    3.413131821616844e-08,
                    0.9964567422866821,
                    0.0841076523065567,
                    0.10092943906784058
                ],
                [
                    0,
                    0,
                    0,
                    1
                ]
            ]
        },
        {
            "file_path": "005.png",
            "transform_matrix": [
                [
                    -0.876697301864624,
                    -0.16232113540172577,
                    0.4528294801712036,
                    0.5433952808380127
                ],
                [
                    0.48104333877563477,
                    -0.2958289682865143,
                    0.82527756690979,
                    0.9903329610824585
                ],
                [
                    -1.2697917384230095e-08,
                    0.9413488507270813,
                    0.33743539452552795,
                    0.4049226641654968
                ],
                [
                    0,
                    0,
                    0,
                    1
                ]
            ]
        }
    ]
}