{
    "camera_angle_x": 0.8575560450553894,
    "aabb": [
        [
            -0.35,
            -0.35,
            -0.35
        ],
        [
            0.35,
            0.35,
            0.35
        ]
    ],
    "frames": [
        {
            "file_path": "000.png",
            "transform_matrix": [
                [
                    -0.1933228075504303,
                    -0.2071787416934967,
                    0.9590115547180176,
                    1.1508139371871948
                ],
                [
                    0.9811351895332336,
                    -0.040822483599185944,
                    0.1889636069536209,
                    0.2267562299966812
                ],
                [
                    2.172435209502055e-08,
                    0.977450966835022,
                    0.21116232872009277,
                    0.25339484214782715
                ],
                [
                    0,
                    0,
                    0,
                    1
                ]
            ]
        },
        {
            "file_path": "001.png",
            "transform_matrix": [
                [
                    -0.7953274846076965,
                    0.11841528117656708,
                    -0.5945017337799072,
                    -0.7134020328521729
                ],
                [
                    -0.6061802506446838,
                    -0.15536455810070038,
                    0.7800048589706421,
                    0.9360057711601257
                ],
                [
                    3.802573189659597e-08,
                    0.9807343482971191,
                    0.19534656405448914,
                    0.23441599309444427
                ],
                [
                    0,
                    0,
                    0,
                    1
                ]
            ]
        },
        {
            "file_path": "002.png",
            "transform_matrix": [
                [
                    0.8452786803245544,
                    0.15662631392478943,
                    -0.5108543634414673,
                    -0.6130252480506897
                ],
                [
                    -0.5343257784843445,
                    0.24777564406394958,
                    -0.8081480860710144,
                    -0.9697776436805725
                ],
                [
                    5.708212569288662e-08,
                    0.956072986125946,
                    0.2931289076805115,
                    0.3517547845840454
                ],
                [
                    0,
                    0,
                    0,
                    1
                ]
            ]
        },
        {
            "file_path": "003.png",
            "transform_matrix": [
                [
                    -0.5650714039802551,
                    0.15633372962474823,
                    -0.8100953102111816,
                    -0.9721142649650574
                ],
                [
                    -0.825042188167572,
                    -0.10707302391529083,
                    0.5548341870307922,
                    0.6658009886741638
                ],
                [
                    1.115390091399604e-08,
                    0.9818835854530334,
                    0.18948565423488617,
                    0.22738291323184967
                ],
                [
                    0,
                    0,
                    0,
                    1
                ]
            ]
        },
        {
            "file_path": "004.png",
            "transform_matrix": [
                [
                    0.04189932718873024,
                    -0.3234156668186188,
                    0.9453288912773132,
                    1.1343947649002075
                ],
                [
                    0.9991218447685242,
                    0.013562838546931744,
                    -0.03964345529675484,
                    -0.047572147101163864
                ],
                [
                    -3.322280761608454e-08,
                    0.9461597800254822,
                    0.3236999213695526,
                    0.3884398639202118
                ],
                [
                    0,
                    0,
                    0,
                    1
                ]
            ]
        },
        {
            "file_path": "005.png",
            "transform_matrix": [
                [
                    -0.09495913237333298,
                    0.3057166337966919,
                    -0.9473754167556763,
                    -1.1368504762649536
                ],
                [
                    -0.9954811930656433,
                    -0.02916238084435463,
                    0.0903702974319458,
                    0.10844433307647705
                ],
                [
                    -4.674447495744971e-09,
                    0.9516758322715759,
                    0.3071043789386749,
                    0.36852526664733887
                ],
                [
                    0,
                    0,
                    0,
                    1
                ]
            ]
        }
    ]
}