{
    "camera_angle_x": 0.8575560450553894,
    "aabb": [
        [
            -0.35,
            -0.35,
            -0.35
        ],
        [
            0.35,
            0.35,
            0.35
        ]
    ],
    "frames": [
        {
            "file_path": "000.png",
            "transform_matrix": [
                [
                    -0.887964129447937,
                    -0.09419577568769455,
                    0.4501632750034332,
                    0.5401959419250488
                ],
                [
                    0.45991283655166626,
                    -0.18186591565608978,
                    0.8691403865814209,
                    1.042968511581421
                ],
                [
                    -1.96487892623054e-08,
                    0.9788013100624084,
                    0.2048121690750122,
                    0.24577462673187256
                ],
                [
                    0,
                    0,
                    0,
                    1
                ]
            ]
        },
        {
            "file_path": "001.png",
            "transform_matrix": [
                [
                    -0.27750852704048157,
                    -0.22323957085609436,
                    0.9344265460968018,
                    1.1213120222091675
                ],
                [
                    0.9607231020927429,
                    -0.06448362022638321,
                    0.2699127197265625,
                    0.3238953948020935
                ],
                [
                    5.65726381296372e-08,
                    0.9726282954216003,
                    0.23236624896526337,
                    0.27883943915367126
                ],
                [
                    0,
                    0,
                    0,
                    1
                ]
            ]
        },
        {
            "file_path": "002.png",
            "transform_matrix": [
                [
                    0.9991925358772278,
                    -0.009225329384207726,
                    0.03910411149263382,
                    0.04692493751645088
                ],
                [
                    0.04017758369445801,
                    0.22942839562892914,
                    -0.972495973110199,
                    -1.1669951677322388
                ],
                [
                    2.2219086570629543e-09,
                    0.9732818007469177,
                    0.229613795876503,
                    0.27553653717041016
                ],
                [
                    0,
                    0,
                    0,
                    1
                ]
            ]
        },
        {
            "file_path": "003.png",
            "transform_matrix": [
                [
                    0.8303174376487732,
                    -0.12794487178325653,
                    0.5424049496650696,
                    0.6508859395980835
                ],
                [
                    0.55729079246521,
                    0.19062717258930206,
                    -0.8081388473510742,
                    -0.9697664976119995
                ],
                [
                    2.7393365797934166e-08,
                    0.9732890725135803,
                    0.2295835316181183,
                    0.27550047636032104
                ],
                [
                    0,
                    0,
                    0,
                    1
                ]
            ]
        },
        {
            "file_path": "004.png",
            "transform_matrix": [
                [
                    -0.6261193752288818,
                    0.03951849415898323,
                    -0.7787249684333801,
                    -0.9344700574874878
                ],
                [
                    -0.7797271013259888,
                    -0.03173324465751648,
                    0.6253147721290588,
                    0.7503778338432312
                ],
                [
                    -1.3594053882570734e-08,
                    0.9987147450447083,
                    0.05068253353238106,
                    0.060818951576948166
                ],
                [
                    0,
                    0,
                    0,
                    1
                ]
            ]
        },
        {
            "file_path": "005.png",
            "transform_matrix": [
                [
                    0.7125312685966492,
                    0.10903039574623108,
                    -0.6931172609329224,
                    -0.8317407369613647
                ],
                [
                    -0.7016403675079346,
                    0.11072270572185516,
                    -0.7038759589195251,
                    -0.8446511626243591
                ],
                [
                    -3.029675710308766e-08,
                    0.9878526926040649,
                    0.15539351105690002,
                    0.18647229671478271
                ],
                [
                    0,
                    0,
                    0,
                    1
                ]
            ]
        }
    ]
}