{
    "camera_angle_x": 0.8575560450553894,
    "aabb": [
        [
            -0.35,
            -0.35,
            -0.35
        ],
        [
            0.35,
            0.35,
            0.35
        ]
    ],
    "frames": [
        {
            "file_path": "000.png",
            "transform_matrix": [
                [
                    -0.1115233525633812,
                    -0.4566091001033783,
                    0.882649838924408,
                    1.0591797828674316
                ],
                [
                    0.9937618374824524,
                    -0.05124220997095108,
                    0.09905397891998291,
                    0.11886480450630188
                ],
                [
                    -4.765787053884196e-08,
                    0.888190507888794,
                    0.4594753682613373,
                    0.5513705611228943
                ],
                [
                    0,
                    0,
                    0,
                    1
                ]
            ]
        },
        {
            "file_path": "001.png",
            "transform_matrix": [
                [
                    -0.9224663972854614,
                    0.016983022913336754,
                    -0.38570377230644226,
                    -0.4628445506095886
                ],
                [
                    -0.3860774636268616,
                    -0.04057810455560684,
                    0.9215734601020813,
                    1.1058882474899292
                ],
                [
                    -2.1786940251899978e-08,
                    0.9990320205688477,
                    0.04398868605494499,
                    0.05278640612959862
                ],
                [
                    0,
                    0,
                    0,
                    1
                ]
            ]
        },
        {
            "file_path": "002.png",
            "transform_matrix": [
                [
                    -0.9878790974617004,
                    -0.022715982049703598,
                    0.15355603396892548,
                    0.18426722288131714
                ],
                [
                    0.1552271544933319,
                    -0.14456656575202942,
                    0.9772437810897827,
                    1.1726924180984497
                ],
                [
                    -5.889598142516661e-09,
                    0.989234447479248,
                    0.14634010195732117,
                    0.1756083369255066
                ],
                [
                    0,
                    0,
                    0,
                    1
                ]
            ]
        },
        {
            "file_path": "003.png",
            "transform_matrix": [
                [
                    0.7723592519760132,
                    0.09166575968265533,
                    -0.6285368800163269,
                    -0.7542442679405212
                ],
                [
                    -0.635185956954956,
                    0.11146163195371628,
                    -0.7642742991447449,
                    -0.9171290993690491
                ],
                [
                    -4.48021353349759e-09,
                    0.9895321130752563,
                    0.14431321620941162,
                    0.17317596077919006
                ],
                [
                    0,
                    0,
                    0,
                    1
                ]
            ]
        },
        {
            "file_path": "004.png",
            "transform_matrix": [
                [
                    -0.5886293053627014,
                    0.22727538645267487,
                    -0.7757976055145264,
                    -0.930957019329071
                ],
                [
                    -0.8084033727645874,
                    -0.16548798978328705,
                    0.5648876428604126,
                    0.6778651475906372
                ],
                [
                    -1.3070387439029219e-08,
                    0.9596666097640991,
                    0.2811409533023834,
                    0.33736929297447205
                ],
                [
                    0,
                    0,
                    0,
                    1
                ]
            ]
        },
        {
            "file_path": "005.png",
            "transform_matrix": [
                [
                    -0.05423508584499359,
                    -0.10053636133670807,
                    0.9934541583061218,
                    1.1921449899673462
                ],
                [
                    0.9985283017158508,
                    -0.005460706073790789,
                    0.05395939201116562,
                    0.06475137174129486
                ],
                [
                    -1.3839041912433458e-08,
                    0.9949184656143188,
                    0.10068445652723312,
                    0.12082132697105408
                ],
                [
                    0,
                    0,
                    0,
                    1
                ]
            ]
        }
    ]
}