{
    "camera_angle_x": 0.8575560450553894,
    "aabb": [
        [
            -0.35,
            -0.35,
            -0.35
        ],
        [
            0.35,
            0.35,
            0.35
        ]
    ],
    "frames": [
        {
            "file_path": "000.png",
            "transform_matrix": [
                [
                    -0.189152330160141,
                    0.36552876234054565,
                    -0.9113782048225403,
                    -1.0936537981033325
                ],
                [
                    -0.9819478392601013,
                    -0.07041168957948685,
                    0.17555847764015198,
                    0.21067015826702118
                ],
                [
                    5.054897300738048e-08,
                    0.9281330704689026,
                    0.3722486197948456,
                    0.44669845700263977
                ],
                [
                    0,
                    0,
                    0,
                    1
                ]
            ]
        },
        {
            "file_path": "001.png",
            "transform_matrix": [
                [
                    0.903722882270813,
                    0.16253428161144257,
                    -0.3960651457309723,
                    -0.47527816891670227
                ],
                [
                    -0.428117960691452,
                    0.34309685230255127,
                    -0.8360620141029358,
                    -1.0032744407653809
                ],
                [
                    -6.351683623506688e-10,
                    0.9251309633255005,
                    0.3796483278274536,
                    0.4555780589580536
                ],
                [
                    0,
                    0,
                    0,
                    1
                ]
            ]
        },
        {
            "file_path": "002.png",
            "transform_matrix": [
                [
                    -0.05377263203263283,
                    0.1472477912902832,
                    -0.9876369833946228,
                    -1.1851643323898315
                ],
                [
                    -0.9985533356666565,
                    -0.007929401472210884,
                    0.053184691816568375,
                    0.06382180005311966
                ],
                [
                    5.655557089312424e-08,
                    0.9890679717063904,
                    0.14746102690696716,
                    0.17695344984531403
                ],
                [
                    0,
                    0,
                    0,
                    1
                ]
            ]
        },
        {
            "file_path": "003.png",
            "transform_matrix": [
                [
                    0.09841809421777725,
                    0.12380639463663101,
                    -0.987413763999939,
                    -1.184896469116211
                ],
                [
                    -0.9951452016830444,
                    0.012244116514921188,
                    -0.09765352308750153,
                    -0.11718415468931198
                ],
                [
                    -7.894875864167261e-08,
                    0.9922308921813965,
                    0.12441033869981766,
                    0.14929243922233582
                ],
                [
                    0,
                    0,
                    0,
                    1
                ]
            ]
        },
        {
            "file_path": "004.png",
            "transform_matrix": [
                [
                    -0.9570600390434265,
                    -0.10678161680698395,
                    0.26950645446777344,
                    0.32340770959854126
                ],
                [
                    0.28988969326019287,
                    -0.3525354862213135,
                    0.8897655010223389,
                    1.0677186250686646
                ],
                [
                    -1.0315321929965648e-08,
                    0.9296861886978149,
                    0.3683525323867798,
                    0.4420230984687805
                ],
                [
                    0,
                    0,
                    0,
                    1
                ]
            ]
        },
        {
            "file_path": "005.png",
            "transform_matrix": [
                [
                    0.5260971188545227,
                    0.17237941920757294,
                    -0.832770824432373,
                    -0.9993248581886292
                ],
                [
                    -0.8504245281219482,
                    0.10663880407810211,
                    -0.5151761174201965,
                    -0.6182113885879517
                ],
                [
                    -1.8796750822502872e-08,
                    0.9792413711547852,
                    0.2026980072259903,
                    0.24323779344558716
                ],
                [
                    0,
                    0,
                    0,
                    1
                ]
            ]
        }
    ]
}