{
    "camera_angle_x": 0.8575560450553894,
    "aabb": [
        [
            -0.35,
            -0.35,
            -0.35
        ],
        [
            0.35,
            0.35,
            0.35
        ]
    ],
    "frames": [
        {
            "file_path": "000.png",
            "transform_matrix": [
                [
                    0.8966670036315918,
                    -0.14101140201091766,
                    0.4196476340293884,
                    0.5035771727561951
                ],
                [
                    0.4427057206630707,
                    0.28560787439346313,
                    -0.8499646186828613,
                    -1.0199575424194336
                ],
                [
                    2.5462027153366762e-08,
                    0.9479156136512756,
                    0.3185216784477234,
                    0.3822261393070221
                ],
                [
                    0,
                    0,
                    0,
                    1
                ]
            ]
        },
        {
            "file_path": "001.png",
            "transform_matrix": [
                [
                    -0.12034481018781662,
                    0.4172830581665039,
                    -0.9007730484008789,
                    -1.0809276103973389
                ],
                [
                    -0.9927321672439575,
                    -0.05058549344539642,
                    0.10919696092605591,
                    0.13103631138801575
                ],
                [
                    2.797532516751744e-08,
                    0.9073676466941833,
                    0.4203379452228546,
                    0.5044056177139282
                ],
                [
                    0,
                    0,
                    0,
                    1
                ]
            ]
        },
        {
            "file_path": "002.png",
            "transform_matrix": [
                [
                    0.5223364233970642,
                    -0.11083538830280304,
                    0.8455058932304382,
                    1.0146070718765259
                ],
                [
                    0.8527395129203796,
                    0.067890964448452,
                    -0.517905592918396,
                    -0.6214867830276489
                ],
                [
                    2.767380991031132e-08,
                    0.9915172457695007,
                    0.12997563183307648,
                    0.15597084164619446
                ],
                [
                    0,
                    0,
                    0,
                    1
                ]
            ]
        },
        {
            "file_path": "003.png",
            "transform_matrix": [
                [
                    0.9939318895339966,
                    -0.025723082944750786,
                    0.10694752633571625,
                    0.12833702564239502
                ],
                [
                    0.10999750345945358,
                    0.23243235051631927,
                    -0.966372549533844,
                    -1.159646987915039
                ],
                [
                    6.574398359049383e-09,
                    0.9722723960876465,
                    0.2338513880968094,
                    0.2806219160556793
                ],
                [
                    0,
                    0,
                    0,
                    1
                ]
            ]
        },
        {
            "file_path": "004.png",
            "transform_matrix": [
                [
                    -0.0050065056420862675,
                    0.248545303940773,
                    -0.9686073660850525,
                    -1.162328839302063
                ],
                [
                    -0.9999875426292419,
                    -0.00124438910279423,
                    0.004849346820265055,
                    0.005819257348775864
                ],
                [
                    1.3163024448203942e-08,
                    0.9686195254325867,
                    0.24854835867881775,
                    0.2982580363750458
                ],
                [
                    0,
                    0,
                    0,
                    1
                ]
            ]
        },
        {
            "file_path": "005.png",
            "transform_matrix": [
                [
                    0.4575403034687042,
                    0.3823278844356537,
                    -0.8027965426445007,
                    -0.9633558988571167
                ],
                [
                    -0.8891888856887817,
                    0.19673027098178864,
                    -0.4130863845348358,
                    -0.49570366740226746
                ],
                [
                    -2.261716147700099e-08,
                    0.9028414487838745,
                    0.42997369170188904,
                    0.5159684419631958
                ],
                [
                    0,
                    0,
                    0,
                    1
                ]
            ]
        }
    ]
}