{
    "camera_angle_x": 0.8575560450553894,
    "aabb": [
        [
            -0.35,
            -0.35,
            -0.35
        ],
        [
            0.35,
            0.35,
            0.35
        ]
    ],
    "frames": [
        {
            "file_path": "000.png",
            "transform_matrix": [
                [
                    0.9926123023033142,
                    0.005400233902037144,
                    -0.12120900303125381,
                    -0.14545081555843353
                ],
                [
                    -0.12132924050092697,
                    0.044180113822221756,
                    -0.9916286468505859,
                    -1.189954400062561
                ],
                [
                    5.3040989378416725e-09,
                    0.9990090131759644,
                    0.044508934020996094,
                    0.05341072008013725
                ],
                [
                    0,
                    0,
                    0,
                    1
                ]
            ]
        },
        {
            "file_path": "001.png",
            "transform_matrix": [
                [
                    -0.6075502038002014,
                    0.04840482026338577,
                    -0.792805016040802,
                    -0.9513660669326782
                ],
                [
                    -0.7942813038825989,
                    -0.03702516853809357,
                    0.6064209342002869,
                    0.7277051210403442
                ],
                [
                    -2.330084214463568e-08,
                    0.998141348361969,
                    0.060941655188798904,
                    0.07313002645969391
                ],
                [
                    0,
                    0,
                    0,
                    1
                ]
            ]
        },
        {
            "file_path": "002.png",
            "transform_matrix": [
                [
                    0.9690794348716736,
                    0.10642963647842407,
                    -0.2226157784461975,
                    -0.26713889837265015
                ],
                [
                    -0.24674896895885468,
                    0.41799065470695496,
                    -0.8742990493774414,
                    -1.0491588115692139
                ],
                [
                    -5.340261566288973e-09,
                    0.9021954536437988,
                    0.4313275218009949,
                    0.5175931453704834
                ],
                [
                    0,
                    0,
                    0,
                    1
                ]
            ]
        },
        {
            "file_path": "003.png",
            "transform_matrix": [
                [
                    -0.4471898078918457,
                    0.26937612891197205,
                    -0.8529114127159119,
                    -1.023493766784668
                ],
                [
                    -0.8944391012191772,
                    -0.1346791386604309,
                    0.42642730474472046,
                    0.5117127895355225
                ],
                [
                    -1.3463470338592742e-08,
                    0.9535712599754333,
                    0.30116763710975647,
                    0.36140114068984985
                ],
                [
                    0,
                    0,
                    0,
                    1
                ]
            ]
        },
        {
            "file_path": "004.png",
            "transform_matrix": [
                [
                    -0.4866013824939728,
                    0.05346138775348663,
                    -0.871986985206604,
                    -1.046384334564209
                ],
                [
                    -0.8736242651939392,
                    -0.029777612537145615,
                    0.48568931221961975,
                    0.5828271508216858
                ],
                [
                    1.9428682662692154e-08,
                    0.9981259107589722,
                    0.06119484081864357,
                    0.07343407720327377
                ],
                [
                    0,
                    0,
                    0,
                    1
                ]
            ]
        },
        {
            "file_path": "005.png",
            "transform_matrix": [
                [
                    -0.3438570201396942,
                    -0.09058090299367905,
                    0.9346430897712708,
                    1.121571660041809
                ],
                [
                    0.9390221238136292,
                    -0.033169522881507874,
                    0.3422533869743347,
                    0.4107041656970978
                ],
                [
                    -2.807508181490448e-08,
                    0.995336651802063,
                    0.09646293520927429,
                    0.11575553566217422
                ],
                [
                    0,
                    0,
                    0,
                    1
                ]
            ]
        }
    ]
}