{
    "camera_angle_x": 0.8575560450553894,
    "aabb": [
        [
            -0.35,
            -0.35,
            -0.35
        ],
        [
            0.35,
            0.35,
            0.35
        ]
    ],
    "frames": [
        {
            "file_path": "000.png",
            "transform_matrix": [
                [
                    -0.6688221096992493,
                    -0.09923180937767029,
                    0.7367701530456543,
                    0.8841241598129272
                ],
                [
                    0.7434226274490356,
                    -0.08927414566278458,
                    0.6628371477127075,
                    0.7954045534133911
                ],
                [
                    -6.197146262820752e-08,
                    0.9910516142845154,
                    0.1334795504808426,
                    0.16017568111419678
                ],
                [
                    0,
                    0,
                    0,
                    1
                ]
            ]
        },
        {
            "file_path": "001.png",
            "transform_matrix": [
                [
                    -0.8599363565444946,
                    -0.08515406399965286,
                    0.503247857093811,
                    0.6038974523544312
                ],
                [
                    0.5104014277458191,
                    -0.14346958696842194,
                    0.8478838205337524,
                    1.017460584640503
                ],
                [
                    -4.380687812499673e-09,
                    0.9859844446182251,
                    0.1668373942375183,
                    0.20020489394664764
                ],
                [
                    0,
                    0,
                    0,
                    1
                ]
            ]
        },
        {
            "file_path": "002.png",
            "transform_matrix": [
                [
                    -0.5722304582595825,
                    -0.2795847952365875,
                    0.7709636092185974,
                    0.92515629529953
                ],
                [
                    0.8200929760932922,
                    -0.19508394598960876,
                    0.5379496812820435,
                    0.6455396413803101
                ],
                [
                    9.617089347102592e-10,
                    0.9400929808616638,
                    0.3409183621406555,
                    0.4091021716594696
                ],
                [
                    0,
                    0,
                    0,
                    1
                ]
            ]
        },
        {
            "file_path": "003.png",
            "transform_matrix": [
                [
                    0.26896020770072937,
                    0.29016149044036865,
                    -0.9184045195579529,
                    -1.1020853519439697
                ],
                [
                    -0.9631513357162476,
                    0.0810275673866272,
                    -0.25646471977233887,
                    -0.307757705450058
                ],
                [
                    -1.6252892365287153e-08,
                    0.9535412788391113,
                    0.3012625277042389,
                    0.3615151047706604
                ],
                [
                    0,
                    0,
                    0,
                    1
                ]
            ]
        },
        {
            "file_path": "004.png",
            "transform_matrix": [
                [
                    -0.3099047839641571,
                    0.3293974697589874,
                    -0.8918837308883667,
                    -1.0702604055404663
                ],
                [
                    -0.9507677555084229,
                    -0.10736779123544693,
                    0.29071134328842163,
                    0.3488537073135376
                ],
                [
                    1.0618001766715679e-07,
                    0.9380670189857483,
                    0.34645408391952515,
                    0.4157450497150421
                ],
                [
                    0,
                    0,
                    0,
                    1
                ]
            ]
        },
        {
            "file_path": "005.png",
            "transform_matrix": [
                [
                    -0.7543491721153259,
                    -0.04854148253798485,
                    0.6546764373779297,
                    0.7856117486953735
                ],
                [
                    0.6564735770225525,
                    -0.05577870458364487,
                    0.752284049987793,
                    0.9027408361434937
                ],
                [
                    -1.1817986589335305e-08,
                    0.9972625374794006,
                    0.07394272089004517,
                    0.08873144537210464
                ],
                [
                    0,
                    0,
                    0,
                    1
                ]
            ]
        }
    ]
}