{
    "camera_angle_x": 0.8575560450553894,
    "aabb": [
        [
            -0.35,
            -0.35,
            -0.35
        ],
        [
            0.35,
            0.35,
            0.35
        ]
    ],
    "frames": [
        {
            "file_path": "000.png",
            "transform_matrix": [
                [
                    0.24705718457698822,
                    0.325009822845459,
                    -0.9128698706626892,
                    -1.095443844795227
                ],
                [
                    -0.9690008759498596,
                    0.08286479115486145,
                    -0.232745960354805,
                    -0.2792951166629791
                ],
                [
                    5.305833639113189e-08,
                    0.9420732855796814,
                    0.3354071378707886,
                    0.40248849987983704
                ],
                [
                    0,
                    0,
                    0,
                    1
                ]
            ]
        },
        {
            "file_path": "001.png",
            "transform_matrix": [
                [
                    0.4181647300720215,
                    -0.12949325144290924,
                    0.8990939259529114,
                    1.0789124965667725
                ],
                [
                    0.9083713293075562,
                    0.05961144343018532,
                    -0.41389408707618713,
                    -0.4966728985309601
                ],
                [
                    6.76942519817203e-08,
                    0.9897869825363159,
                    0.14255526661872864,
                    0.17106668651103973
                ],
                [
                    0,
                    0,
                    0,
                    1
                ]
            ]
        },
        {
            "file_path": "002.png",
            "transform_matrix": [
                [
                    0.9225807785987854,
                    -0.01915070042014122,
                    0.38532841205596924,
                    0.462394118309021
                ],
                [
                    0.38580402731895447,
                    0.045795291662216187,
                    -0.9214435815811157,
                    -1.1057322025299072
                ],
                [
                    1.9684730290236985e-08,
                    0.9987673759460449,
                    0.04963826388120651,
                    0.05956621840596199
                ],
                [
                    0,
                    0,
                    0,
                    1
                ]
            ]
        },
        {
            "file_path": "003.png",
            "transform_matrix": [
                [
                    0.722720742225647,
                    0.21864527463912964,
                    -0.6556439399719238,
                    -0.7867727875709534
                ],
                [
                    -0.6911401748657227,
                    0.22863592207431793,
                    -0.6856025457382202,
                    -0.8227230906486511
                ],
                [
                    9.474911522033835e-09,
                    0.9486410617828369,
                    0.3163544535636902,
                    0.3796253204345703
                ],
                [
                    0,
                    0,
                    0,
                    1
                ]
            ]
        },
        {
            "file_path": "004.png",
            "transform_matrix": [
                [
                    0.9739269018173218,
                    0.012173001654446125,
                    -0.22653526067733765,
                    -0.2718423306941986
                ],
                [
                    -0.2268620878458023,
                    0.052259188145399094,
                    -0.9725237488746643,
                    -1.1670286655426025
                ],
                [
                    1.9770363124393953e-09,
                    0.998559296131134,
                    0.053658224642276764,
                    0.0643896609544754
                ],
                [
                    0,
                    0,
                    0,
                    1
                ]
            ]
        },
        {
            "file_path": "005.png",
            "transform_matrix": [
                [
                    0.3094610571861267,
                    -0.4748709499835968,
                    0.8238515853881836,
                    0.9886219501495361
                ],
                [
                    0.9509121179580688,
                    0.15454010665416718,
                    -0.2681110203266144,
                    -0.32173317670822144
                ],
                [
                    -5.137518854780865e-09,
                    0.8663803935050964,
                    0.49938464164733887,
                    0.5992616415023804
                ],
                [
                    0,
                    0,
                    0,
                    1
                ]
            ]
        }
    ]
}