{
    "camera_angle_x": 0.8575560450553894,
    "aabb": [
        [
            -0.35,
            -0.35,
            -0.35
        ],
        [
            0.35,
            0.35,
            0.35
        ]
    ],
    "frames": [
        {
            "file_path": "000.png",
            "transform_matrix": [
                [
                    0.05988612025976181,
                    0.49113553762435913,
                    -0.8690220713615417,
                    -1.0428266525268555
                ],
                [
                    -0.9982051253318787,
                    0.02946510724723339,
                    -0.0521358884871006,
                    -0.06256305426359177
                ],
                [
                    -1.6808208158636262e-08,
                    0.8705846071243286,
                    0.4920186698436737,
                    0.5904224514961243
                ],
                [
                    0,
                    0,
                    0,
                    1
                ]
            ]
        },
        {
            "file_path": "001.png",
            "transform_matrix": [
                [
                    -0.04397837817668915,
                    -0.49119728803634644,
                    0.8699374198913574,
                    1.0439249277114868
                ],
                [
                    0.9990324378013611,
                    -0.021622970700263977,
                    0.03829550743103027,
                    0.04595454782247543
                ],
                [
                    -2.0299779635024606e-09,
                    0.8707798719406128,
                    0.4916730225086212,
                    0.5900076627731323
                ],
                [
                    0,
                    0,
                    0,
                    1
                ]
            ]
        },
        {
            "file_path": "002.png",
            "transform_matrix": [
                [
                    -0.3598344624042511,
                    0.2863391637802124,
                    -0.8879916071891785,
                    -1.0655900239944458
                ],
                [
                    -0.9330161809921265,
                    -0.11043182760477066,
                    0.3424699008464813,
                    0.41096392273902893
                ],
                [
                    3.27850493420101e-08,
                    0.9517430067062378,
                    0.3068962097167969,
                    0.3682754933834076
                ],
                [
                    0,
                    0,
                    0,
                    1
                ]
            ]
        },
        {
            "file_path": "003.png",
            "transform_matrix": [
                [
                    0.9362454414367676,
                    -0.1492886245250702,
                    0.3180525302886963,
                    0.381663054227829
                ],
                [
                    0.3513467013835907,
                    0.39781442284584045,
                    -0.8475253582000732,
                    -1.0170304775238037
                ],
                [
                    -1.7271375440941483e-08,
                    0.9052384495735168,
                    0.4249039888381958,
                    0.5098848342895508
                ],
                [
                    0,
                    0,
                    0,
                    1
                ]
            ]
        },
        {
            "file_path": "004.png",
            "transform_matrix": [
                [
                    -0.949901282787323,
                    0.15583369135856628,
                    -0.27093079686164856,
                    -0.32511696219444275
                ],
                [
                    -0.31255021691322327,
                    -0.47360920906066895,
                    0.8234116435050964,
                    0.9880940914154053
                ],
                [
                    -3.100160483882064e-08,
                    0.8668392300605774,
                    0.4985877573490143,
                    0.5983052849769592
                ],
                [
                    0,
                    0,
                    0,
                    1
                ]
            ]
        },
        {
            "file_path": "005.png",
            "transform_matrix": [
                [
                    0.03111019730567932,
                    0.039511360228061676,
                    -0.998734712600708,
                    -1.1984816789627075
                ],
                [
                    -0.9995160102844238,
                    0.0012298057554289699,
                    -0.031085900962352753,
                    -0.03730305656790733
                ],
                [
                    2.4161749934137333e-08,
                    0.9992184042930603,
                    0.039530474692583084,
                    0.04743661358952522
                ],
                [
                    0,
                    0,
                    0,
                    1
                ]
            ]
        }
    ]
}