{
    "camera_angle_x": 0.8575560450553894,
    "aabb": [
        [
            -0.35,
            -0.35,
            -0.35
        ],
        [
            0.35,
            0.35,
            0.35
        ]
    ],
    "frames": [
        {
            "file_path": "000.png",
            "transform_matrix": [
                [
                    -0.9998334646224976,
                    -0.003702930873259902,
                    0.017878903076052666,
                    0.02145468257367611
                ],
                [
                    0.018258336931467056,
                    -0.20277394354343414,
                    0.9790554642677307,
                    1.1748664379119873
                ],
                [
                    -3.4330926990122634e-10,
                    0.9792186617851257,
                    0.20280759036540985,
                    0.2433691918849945
                ],
                [
                    0,
                    0,
                    0,
                    1
                ]
            ]
        },
        {
            "file_path": "001.png",
            "transform_matrix": [
                [
                    -0.8368378281593323,
                    0.0755830854177475,
                    -0.5422085523605347,
                    -0.6506502628326416
                ],
                [
                    -0.5474513173103333,
                    -0.1155368909239769,
                    0.8288236260414124,
                    0.9945881962776184
                ],
                [
                    1.4562601791112684e-08,
                    0.9904235005378723,
                    0.138063445687294,
                    0.16567634046077728
                ],
                [
                    0,
                    0,
                    0,
                    1
                ]
            ]
        },
        {
            "file_path": "002.png",
            "transform_matrix": [
                [
                    0.8821181654930115,
                    0.10003279894590378,
                    -0.46028366684913635,
                    -0.5523403286933899
                ],
                [
                    -0.47102826833724976,
                    0.18733622133731842,
                    -0.8619963526725769,
                    -1.0343955755233765
                ],
                [
                    -4.006525955446705e-08,
                    0.9771892428398132,
                    0.21237094700336456,
                    0.25484544038772583
                ],
                [
                    0,
                    0,
                    0,
                    1
                ]
            ]
        },
        {
            "file_path": "003.png",
            "transform_matrix": [
                [
                    -0.6291288137435913,
                    0.2216668426990509,
                    -0.7450240850448608,
                    -0.8940288424491882
                ],
                [
                    -0.7773011326789856,
                    -0.17941181361675262,
                    0.603004515171051,
                    0.7236053943634033
                ],
                [
                    4.697415789678416e-09,
                    0.9584754705429077,
                    0.2851749658584595,
                    0.3422100841999054
                ],
                [
                    0,
                    0,
                    0,
                    1
                ]
            ]
        },
        {
            "file_path": "004.png",
            "transform_matrix": [
                [
                    -0.14943544566631317,
                    -0.07881505787372589,
                    0.9856252670288086,
                    1.1827504634857178
                ],
                [
                    0.9887714385986328,
                    -0.011911459267139435,
                    0.14895997941493988,
                    0.17875191569328308
                ],
                [
                    -2.9686987090826733e-08,
                    0.9968180656433105,
                    0.07971010357141495,
                    0.09565207362174988
                ],
                [
                    0,
                    0,
                    0,
                    1
                ]
            ]
        },
        {
            "file_path": "005.png",
            "transform_matrix": [
                [
                    -0.32874271273612976,
                    -0.43835383653640747,
                    0.8365250825881958,
                    1.0038301944732666
                ],
                [
                    0.9444195628166199,
                    -0.15258654952049255,
                    0.2911857068538666,
                    0.3494228720664978
                ],
                [
                    8.88342697180633e-08,
                    0.8857557773590088,
                    0.4641515910625458,
                    0.5569819808006287
                ],
                [
                    0,
                    0,
                    0,
                    1
                ]
            ]
        }
    ]
}