{
    "camera_angle_x": 0.8575560450553894,
    "aabb": [
        [
            -0.35,
            -0.35,
            -0.35
        ],
        [
            0.35,
            0.35,
            0.35
        ]
    ],
    "frames": [
        {
            "file_path": "000.png",
            "transform_matrix": [
                [
                    0.7647519111633301,
                    -0.06460116803646088,
                    0.6410781741142273,
                    0.7692937850952148
                ],
                [
                    0.6443248987197876,
                    0.07667519897222519,
                    -0.7608984708786011,
                    -0.9130781292915344
                ],
                [
                    8.5109746805756e-08,
                    0.9949612021446228,
                    0.1002616211771965,
                    0.12031421810388565
                ],
                [
                    0,
                    0,
                    0,
                    1
                ]
            ]
        },
        {
            "file_path": "001.png",
            "transform_matrix": [
                [
                    -0.1167578175663948,
                    0.2778083384037018,
                    -0.9535146355628967,
                    -1.144217610359192
                ],
                [
                    -0.9931604266166687,
                    -0.032659705728292465,
                    0.11209697276353836,
                    0.1345163881778717
                ],
                [
                    -3.630229628015513e-08,
                    0.960081160068512,
                    0.27972152829170227,
                    0.33566585183143616
                ],
                [
                    0,
                    0,
                    0,
                    1
                ]
            ]
        },
        {
            "file_path": "002.png",
            "transform_matrix": [
                [
                    -0.991030216217041,
                    0.025660904124379158,
                    -0.13115181028842926,
                    -0.15738217532634735
                ],
                [
                    -0.13363862037658691,
                    -0.1902947723865509,
                    0.9725886583328247,
                    1.1671063899993896
                ],
                [
                    7.244377986381778e-09,
                    0.9813916087150574,
                    0.19201704859733582,
                    0.23042051494121552
                ],
                [
                    0,
                    0,
                    0,
                    1
                ]
            ]
        },
        {
            "file_path": "003.png",
            "transform_matrix": [
                [
                    -0.27642953395843506,
                    0.11985744535923004,
                    -0.9535308480262756,
                    -1.1442370414733887
                ],
                [
                    -0.9610342979431152,
                    -0.03447548672556877,
                    0.2742712199687958,
                    0.3291253447532654
                ],
                [
                    6.99416986549295e-08,
                    0.9921923875808716,
                    0.12471705675125122,
                    0.14966051280498505
                ],
                [
                    0,
                    0,
                    0,
                    1
                ]
            ]
        },
        {
            "file_path": "004.png",
            "transform_matrix": [
                [
                    -0.16142015159130096,
                    -0.24083682894706726,
                    0.9570481777191162,
                    1.1484578847885132
                ],
                [
                    0.9868857860565186,
                    -0.039392583072185516,
                    0.15653972327709198,
                    0.18784759938716888
                ],
                [
                    4.142192366884956e-08,
                    0.9697659015655518,
                    0.24403716623783112,
                    0.2928447127342224
                ],
                [
                    0,
                    0,
                    0,
                    1
                ]
            ]
        },
        {
            "file_path": "005.png",
            "transform_matrix": [
                [
                    -0.09327997267246246,
                    -0.038556672632694244,
                    0.9948931336402893,
                    1.1938717365264893
                ],
                [
                    0.995639979839325,
                    -0.003612315282225609,
                    0.09320996701717377,
                    0.11185197532176971
                ],
                [
                    -3.319676622481893e-08,
                    0.9992499351501465,
                    0.03872548043727875,
                    0.04647069796919823
                ],
                [
                    0,
                    0,
                    0,
                    1
                ]
            ]
        }
    ]
}