{
    "camera_angle_x": 0.8575560450553894,
    "aabb": [
        [
            -0.35,
            -0.35,
            -0.35
        ],
        [
            0.35,
            0.35,
            0.35
        ]
    ],
    "frames": [
        {
            "file_path": "000.png",
            "transform_matrix": [
                [
                    -0.4898567497730255,
                    0.029593249782919884,
                    -0.8713006377220154,
                    -1.0455607175827026
                ],
                [
                    -0.8718030452728271,
                    -0.016628164798021317,
                    0.4895743727684021,
                    0.5874892473220825
                ],
                [
                    3.33649765593691e-08,
                    0.9994238018989563,
                    0.033944785594940186,
                    0.04073396325111389
                ],
                [
                    0,
                    0,
                    0,
                    1
                ]
            ]
        },
        {
            "file_path": "001.png",
            "transform_matrix": [
                [
                    0.08160784840583801,
                    0.04860721528530121,
                    -0.9954786896705627,
                    -1.194574236869812
                ],
                [
                    -0.9966646432876587,
                    0.003979734145104885,
                    -0.08151090145111084,
                    -0.09781316667795181
                ],
                [
                    -1.2383461012177577e-07,
                    0.9988101720809937,
                    0.048769719898700714,
                    0.05852397158741951
                ],
                [
                    0,
                    0,
                    0,
                    1
                ]
            ]
        },
        {
            "file_path": "002.png",
            "transform_matrix": [
                [
                    0.9903209805488586,
                    -0.06902821362018585,
                    0.12041392922401428,
                    0.14449672400951385
                ],
                [
                    0.13879628479480743,
                    0.4925210177898407,
                    -0.8591616153717041,
                    -1.030993938446045
                ],
                [
                    -2.856197944822725e-09,
                    0.8675587177276611,
                    0.497334748506546,
                    0.5968016982078552
                ],
                [
                    0,
                    0,
                    0,
                    1
                ]
            ]
        },
        {
            "file_path": "003.png",
            "transform_matrix": [
                [
                    0.1372346132993698,
                    -0.17650151252746582,
                    0.9746865630149841,
                    1.1696239709854126
                ],
                [
                    0.9905385971069336,
                    0.024453474208712578,
                    -0.13503840565681458,
                    -0.16204607486724854
                ],
                [
                    -1.4632320244345465e-08,
                    0.983996570110321,
                    0.17818740010261536,
                    0.21382497251033783
                ],
                [
                    0,
                    0,
                    0,
                    1
                ]
            ]
        },
        {
            "file_path": "004.png",
            "transform_matrix": [
                [
                    0.565460205078125,
                    -0.17963121831417084,
                    0.8049766421318054,
                    0.9659719467163086
                ],
                [
                    0.8247755765914917,
                    0.12315377593040466,
                    -0.551886260509491,
                    -0.6622635126113892
                ],
                [
                    4.752575577526841e-08,
                    0.9759948253631592,
                    0.21779397130012512,
                    0.2613528370857239
                ],
                [
                    0,
                    0,
                    0,
                    1
                ]
            ]
        },
        {
            "file_path": "005.png",
            "transform_matrix": [
                [
                    0.530303955078125,
                    0.07048819959163666,
                    -0.8448722958564758,
                    -1.0138466358184814
                ],
                [
                    -0.8478076457977295,
                    0.04409024864435196,
                    -0.5284680128097534,
                    -0.634161651134491
                ],
                [
                    -3.478928789490965e-08,
                    0.9965378642082214,
                    0.08314161002635956,
                    0.09977012127637863
                ],
                [
                    0,
                    0,
                    0,
                    1
                ]
            ]
        }
    ]
}