{
    "camera_angle_x": 0.8575560450553894,
    "aabb": [
        [
            -0.35,
            -0.35,
            -0.35
        ],
        [
            0.35,
            0.35,
            0.35
        ]
    ],
    "frames": [
        {
            "file_path": "000.png",
            "transform_matrix": [
                [
                    -0.29634585976600647,
                    0.10045462101697922,
                    -0.9497830271720886,
                    -1.139739751815796
                ],
                [
                    -0.9550805687904358,
                    -0.03116924688220024,
                    0.2947022020816803,
                    0.3536427319049835
                ],
                [
                    1.019993618456283e-07,
                    0.9944531917572021,
                    0.10517925024032593,
                    0.1262151598930359
                ],
                [
                    0,
                    0,
                    0,
                    1
                ]
            ]
        },
        {
            "file_path": "001.png",
            "transform_matrix": [
                [
                    0.9999983906745911,
                    0.0002466862497385591,
                    -0.001762767438776791,
                    -0.0021153211127966642
                ],
                [
                    -0.001779944752342999,
                    0.13859179615974426,
                    -0.9903481006622314,
                    -1.188417673110962
                ],
                [
                    3.582729946050023e-11,
                    0.9903496503829956,
                    0.13859201967716217,
                    0.16631057858467102
                ],
                [
                    0,
                    0,
                    0,
                    1
                ]
            ]
        },
        {
            "file_path": "002.png",
            "transform_matrix": [
                [
                    -0.06367837637662888,
                    -0.10700950771570206,
                    0.9922166466712952,
                    1.1906601190567017
                ],
                [
                    0.9979704022407532,
                    -0.006827876437455416,
                    0.06331133097410202,
                    0.07597370445728302
                ],
                [
                    -1.0545548434492957e-07,
                    0.9942345023155212,
                    0.10722719877958298,
                    0.12867265939712524
                ],
                [
                    0,
                    0,
                    0,
                    1
                ]
            ]
        },
        {
            "file_path": "003.png",
            "transform_matrix": [
                [
                    -0.7586953639984131,
                    0.013622947968542576,
                    -0.6513031721115112,
                    -0.7815638184547424
                ],
                [
                    -0.6514456272125244,
                    -0.01586572825908661,
                    0.7585294246673584,
                    0.9102353453636169
                ],
                [
                    2.1645313097451435e-08,
                    0.9997813701629639,
                    0.02091182768344879,
                    0.025094209238886833
                ],
                [
                    0,
                    0,
                    0,
                    1
                ]
            ]
        },
        {
            "file_path": "004.png",
            "transform_matrix": [
                [
                    0.8017849326133728,
                    0.2324487715959549,
                    -0.5505529642105103,
                    -0.6606634855270386
                ],
                [
                    -0.597612738609314,
                    0.3118639290332794,
                    -0.7386474013328552,
                    -0.8863769173622131
                ],
                [
                    -3.065530762569324e-08,
                    0.9212538003921509,
                    0.38896211981773376,
                    0.46675464510917664
                ],
                [
                    0,
                    0,
                    0,
                    1
                ]
            ]
        },
        {
            "file_path": "005.png",
            "transform_matrix": [
                [
                    0.9160782098770142,
                    0.08900249749422073,
                    -0.39099785685539246,
                    -0.4691973626613617
                ],
                [
                    -0.40099969506263733,
                    0.20332486927509308,
                    -0.8932291865348816,
                    -1.071874976158142
                ],
                [
                    -1.3626829442614508e-08,
                    0.9750577807426453,
                    0.2219514399766922,
                    0.266341894865036
                ],
                [
                    0,
                    0,
                    0,
                    1
                ]
            ]
        }
    ]
}