{
    "camera_angle_x": 0.8575560450553894,
    "aabb": [
        [
            -0.35,
            -0.35,
            -0.35
        ],
        [
            0.35,
            0.35,
            0.35
        ]
    ],
    "frames": [
        {
            "file_path": "000.png",
            "transform_matrix": [
                [
                    -0.4478619694709778,
                    0.42980870604515076,
                    -0.7840178608894348,
                    -0.9408215880393982
                ],
                [
                    -0.8941026329994202,
                    -0.21529406309127808,
                    0.3927197754383087,
                    0.47126370668411255
                ],
                [
                    -4.7149519843969756e-08,
                    0.8768767714500427,
                    0.48071521520614624,
                    0.5768581628799438
                ],
                [
                    0,
                    0,
                    0,
                    1
                ]
            ]
        },
        {
            "file_path": "001.png",
            "transform_matrix": [
                [
                    0.04703637957572937,
                    0.11563409864902496,
                    -0.9921776056289673,
                    -1.1906131505966187
                ],
                [
                    -0.9988932013511658,
                    0.0054449341259896755,
                    -0.04672021046280861,
                    -0.0560641847550869
                ],
                [
                    -5.664569613372805e-08,
                    0.9932770133018494,
                    0.11576217412948608,
                    0.13891464471817017
                ],
                [
                    0,
                    0,
                    0,
                    1
                ]
            ]
        },
        {
            "file_path": "002.png",
            "transform_matrix": [
                [
                    -0.8262879848480225,
                    -0.20205211639404297,
                    0.5257595777511597,
                    0.6309114694595337
                ],
                [
                    0.5632478594779968,
                    -0.2964117228984833,
                    0.7712923884391785,
                    0.9255508184432983
                ],
                [
                    1.9130391493149546e-08,
                    0.9334425926208496,
                    0.35872682929039,
                    0.43047231435775757
                ],
                [
                    0,
                    0,
                    0,
                    1
                ]
            ]
        },
        {
            "file_path": "003.png",
            "transform_matrix": [
                [
                    -0.5806962251663208,
                    -0.25819215178489685,
                    0.7720937132835388,
                    0.9265124797821045
                ],
                [
                    0.8141202926635742,
                    -0.18416346609592438,
                    0.5507194995880127,
                    0.6608633995056152
                ],
                [
                    2.1763923996331869e-10,
                    0.9483779072761536,
                    0.3171424865722656,
                    0.38057100772857666
                ],
                [
                    0,
                    0,
                    0,
                    1
                ]
            ]
        },
        {
            "file_path": "004.png",
            "transform_matrix": [
                [
                    -0.8591547608375549,
                    -0.12348145991563797,
                    0.49659380316734314,
                    0.5959126353263855
                ],
                [
                    0.511715829372406,
                    -0.20732147991657257,
                    0.8337653875350952,
                    1.000518560409546
                ],
                [
                    2.978017832333535e-09,
                    0.9704484343528748,
                    0.24130865931510925,
                    0.2895703911781311
                ],
                [
                    0,
                    0,
                    0,
                    1
                ]
            ]
        },
        {
            "file_path": "005.png",
            "transform_matrix": [
                [
                    -0.9700084328651428,
                    0.1003231406211853,
                    -0.22140300273895264,
                    -0.2656835913658142
                ],
                [
                    -0.243072047829628,
                    -0.40035170316696167,
                    0.8835353851318359,
                    1.0602424144744873
                ],
                [
                    -3.360215217185214e-09,
                    0.9108534455299377,
                    0.41273000836372375,
                    0.4952761232852936
                ],
                [
                    0,
                    0,
                    0,
                    1
                ]
            ]
        }
    ]
}