{
    "camera_angle_x": 0.8575560450553894,
    "aabb": [
        [
            -0.35,
            -0.35,
            -0.35
        ],
        [
            0.35,
            0.35,
            0.35
        ]
    ],
    "frames": [
        {
            "file_path": "000.png",
            "transform_matrix": [
                [
                    -0.3326573669910431,
                    -0.2103438377380371,
                    0.9192902445793152,
                    1.1031484603881836
                ],
                [
                    0.9430477619171143,
                    -0.0741981565952301,
                    0.32427695393562317,
                    0.3891322910785675
                ],
                [
                    -2.3374376212359493e-08,
                    0.9748077392578125,
                    0.22304685413837433,
                    0.2676561176776886
                ],
                [
                    0,
                    0,
                    0,
                    1
                ]
            ]
        },
        {
            "file_path": "001.png",
            "transform_matrix": [
                [
                    0.723222017288208,
                    0.2835257053375244,
                    -0.629732608795166,
                    -0.755679190158844
                ],
                [
                    -0.6906156539916992,
                    0.2969120144844055,
                    -0.659464418888092,
                    -0.7913573384284973
                ],
                [
                    5.7521081231470816e-08,
                    0.9118423461914062,
                    0.4105405807495117,
                    0.492648720741272
                ],
                [
                    0,
                    0,
                    0,
                    1
                ]
            ]
        },
        {
            "file_path": "002.png",
            "transform_matrix": [
                [
                    0.5289566516876221,
                    -0.3466908633708954,
                    0.7746033072471619,
                    0.9295240044593811
                ],
                [
                    0.8486488461494446,
                    0.21608993411064148,
                    -0.48280465602874756,
                    -0.5793655514717102
                ],
                [
                    -3.629700273677372e-08,
                    0.9127489328384399,
                    0.40852099657058716,
                    0.490225225687027
                ],
                [
                    0,
                    0,
                    0,
                    1
                ]
            ]
        },
        {
            "file_path": "003.png",
            "transform_matrix": [
                [
                    -0.05475969240069389,
                    -0.43387365341186523,
                    0.8993080854415894,
                    1.079169750213623
                ],
                [
                    0.9984995722770691,
                    -0.023794488981366158,
                    0.04931984096765518,
                    0.05918388441205025
                ],
                [
                    8.574136955985523e-09,
                    0.900659441947937,
                    0.43452563881874084,
                    0.5214307904243469
                ],
                [
                    0,
                    0,
                    0,
                    1
                ]
            ]
        },
        {
            "file_path": "004.png",
            "transform_matrix": [
                [
                    -0.8058112859725952,
                    0.054394472390413284,
                    -0.5896691083908081,
                    -0.7076029777526855
                ],
                [
                    -0.5921726226806641,
                    -0.0740184634923935,
                    0.802404522895813,
                    0.9628853797912598
                ],
                [
                    1.2805969618057134e-08,
                    0.9957724213600159,
                    0.09185568243265152,
                    0.11022693663835526
                ],
                [
                    0,
                    0,
                    0,
                    1
                ]
            ]
        },
        {
            "file_path": "005.png",
            "transform_matrix": [
                [
                    -0.9186022281646729,
                    0.013590878807008266,
                    -0.39494991302490234,
                    -0.47393983602523804
                ],
                [
                    -0.3951836824417114,
                    -0.03159197419881821,
                    0.9180588126182556,
                    1.101670503616333
                ],
                [
                    3.627381062187851e-09,
                    0.999408483505249,
                    0.03439122438430786,
                    0.041269540786743164
                ],
                [
                    0,
                    0,
                    0,
                    1
                ]
            ]
        }
    ]
}