{
    "camera_angle_x": 0.8575560450553894,
    "aabb": [
        [
            -0.35,
            -0.35,
            -0.35
        ],
        [
            0.35,
            0.35,
            0.35
        ]
    ],
    "frames": [
        {
            "file_path": "000.png",
            "transform_matrix": [
                [
                    0.9997416734695435,
                    0.0023299045860767365,
                    -0.022608568891882896,
                    -0.027130283415317535
                ],
                [
                    -0.02272830531001091,
                    0.10248465090990067,
                    -0.9944748878479004,
                    -1.1933698654174805
                ],
                [
                    1.7494095061465487e-10,
                    0.9947319030761719,
                    0.10251113027334213,
                    0.12301342189311981
                ],
                [
                    0,
                    0,
                    0,
                    1
                ]
            ]
        },
        {
            "file_path": "001.png",
            "transform_matrix": [
                [
                    -0.8843393325805664,
                    -0.05800583213567734,
                    0.46322712302207947,
                    0.5558725595474243
                ],
                [
                    0.4668447971343994,
                    -0.10987982153892517,
                    0.8774864673614502,
                    1.0529837608337402
                ],
                [
                    -3.6687090698706015e-08,
                    0.992250919342041,
                    0.12425068765878677,
                    0.14910095930099487
                ],
                [
                    0,
                    0,
                    0,
                    1
                ]
            ]
        },
        {
            "file_path": "002.png",
            "transform_matrix": [
                [
                    0.9962343573570251,
                    -0.007707166485488415,
                    0.0863577276468277,
                    0.10362927615642548
                ],
                [
                    0.08670096099376678,
                    0.08855889737606049,
                    -0.9922904372215271,
                    -1.1907485723495483
                ],
                [
                    -1.487707068648092e-09,
                    0.9960411787033081,
                    0.08889363706111908,
                    0.10667235404253006
                ],
                [
                    0,
                    0,
                    0,
                    1
                ]
            ]
        },
        {
            "file_path": "003.png",
            "transform_matrix": [
                [
                    -0.5868659615516663,
                    -0.0971144586801529,
                    0.8038392066955566,
                    0.9646069407463074
                ],
                [
                    0.8096843361854553,
                    -0.07038947939872742,
                    0.5826292634010315,
                    0.6991550922393799
                ],
                [
                    3.6491130117610737e-09,
                    0.9927811026573181,
                    0.11994104087352753,
                    0.1439293920993805
                ],
                [
                    0,
                    0,
                    0,
                    1
                ]
            ]
        },
        {
            "file_path": "004.png",
            "transform_matrix": [
                [
                    0.43186575174331665,
                    -0.3082212209701538,
                    0.8476389050483704,
                    1.0171666145324707
                ],
                [
                    0.9019379019737244,
                    0.14758238196372986,
                    -0.4058663547039032,
                    -0.48703959584236145
                ],
                [
                    1.0667440264455763e-08,
                    0.9397974014282227,
                    0.3417321443557739,
                    0.41007867455482483
                ],
                [
                    0,
                    0,
                    0,
                    1
                ]
            ]
        },
        {
            "file_path": "005.png",
            "transform_matrix": [
                [
                    -0.8695156574249268,
                    -0.18717169761657715,
                    0.4570661783218384,
                    0.5484793186187744
                ],
                [
                    0.49390557408332825,
                    -0.3295138478279114,
                    0.8046602010726929,
                    0.9655922055244446
                ],
                [
                    -1.57333044370489e-08,
                    0.9254120588302612,
                    0.3789624571800232,
                    0.4547550678253174
                ],
                [
                    0,
                    0,
                    0,
                    1
                ]
            ]
        }
    ]
}