{
    "camera_angle_x": 0.8575560450553894,
    "aabb": [
        [
            -0.35,
            -0.35,
            -0.35
        ],
        [
            0.35,
            0.35,
            0.35
        ]
    ],
    "frames": [
        {
            "file_path": "000.png",
            "transform_matrix": [
                [
                    -0.39308103919029236,
                    -0.33277392387390137,
                    0.8571750521659851,
                    1.0286099910736084
                ],
                [
                    0.919503927230835,
                    -0.1422584056854248,
                    0.36643582582473755,
                    0.4397229254245758
                ],
                [
                    -9.922018762154039e-11,
                    0.9322146773338318,
                    0.36190587282180786,
                    0.43428707122802734
                ],
                [
                    0,
                    0,
                    0,
                    1
                ]
            ]
        },
        {
            "file_path": "001.png",
            "transform_matrix": [
                [
                    -0.33714208006858826,
                    0.4352816641330719,
                    -0.8347845077514648,
                    -1.0017414093017578
                ],
                [
                    -0.9414538145065308,
                    -0.15587781369686127,
                    0.2989429235458374,
                    0.35873162746429443
                ],
                [
                    1.36325368771395e-08,
                    0.8866972327232361,
                    0.4623505175113678,
                    0.5548206567764282
                ],
                [
                    0,
                    0,
                    0,
                    1
                ]
            ]
        },
        {
            "file_path": "002.png",
            "transform_matrix": [
                [
                    0.9815126657485962,
                    -0.03922915458679199,
                    0.18733394145965576,
                    0.224800705909729
                ],
                [
                    0.1913973093032837,
                    0.20117253065109253,
                    -0.9606752395629883,
                    -1.1528100967407227
                ],
                [
                    1.0800922822795656e-08,
                    0.9787700772285461,
                    0.20496173202991486,
                    0.24595433473587036
                ],
                [
                    0,
                    0,
                    0,
                    1
                ]
            ]
        },
        {
            "file_path": "003.png",
            "transform_matrix": [
                [
                    -0.4010777771472931,
                    0.1288154423236847,
                    -0.9069417715072632,
                    -1.0883301496505737
                ],
                [
                    -0.9160440564155579,
                    -0.056400202214717865,
                    0.39709240198135376,
                    0.47651082277297974
                ],
                [
                    -2.1559305452001354e-08,
                    0.990063488483429,
                    0.14062142372131348,
                    0.16874577105045319
                ],
                [
                    0,
                    0,
                    0,
                    1
                ]
            ]
        },
        {
            "file_path": "004.png",
            "transform_matrix": [
                [
                    -0.753882110118866,
                    0.24471575021743774,
                    -0.609734296798706,
                    -0.7316811680793762
                ],
                [
                    -0.6570096611976624,
                    -0.28079769015312195,
                    0.6996362805366516,
                    0.8395635485649109
                ],
                [
                    2.635789542182465e-08,
                    0.9280446171760559,
                    0.3724690079689026,
                    0.446962833404541
                ],
                [
                    0,
                    0,
                    0,
                    1
                ]
            ]
        },
        {
            "file_path": "005.png",
            "transform_matrix": [
                [
                    0.81999671459198,
                    -0.14883440732955933,
                    0.552678644657135,
                    0.6632144451141357
                ],
                [
                    0.5723682045936584,
                    0.21322588622570038,
                    -0.7917887568473816,
                    -0.950146496295929
                ],
                [
                    -6.909530725351942e-09,
                    0.9655998349189758,
                    0.260032594203949,
                    0.31203916668891907
                ],
                [
                    0,
                    0,
                    0,
                    1
                ]
            ]
        }
    ]
}