{
    "camera_angle_x": 0.8575560450553894,
    "aabb": [
        [
            -0.35,
            -0.35,
            -0.35
        ],
        [
            0.35,
            0.35,
            0.35
        ]
    ],
    "frames": [
        {
            "file_path": "000.png",
            "transform_matrix": [
                [
                    -0.6238001585006714,
                    0.0742480531334877,
                    -0.7780492901802063,
                    -0.9336591362953186
                ],
                [
                    -0.7815839648246765,
                    -0.05925905331969261,
                    0.6209790110588074,
                    0.7451748847961426
                ],
                [
                    4.458600955103975e-08,
                    0.9954776167869568,
                    0.09499683976173401,
                    0.11399637907743454
                ],
                [
                    0,
                    0,
                    0,
                    1
                ]
            ]
        },
        {
            "file_path": "001.png",
            "transform_matrix": [
                [
                    0.2623434364795685,
                    -0.2763347625732422,
                    0.9245620965957642,
                    1.109474539756775
                ],
                [
                    0.964974582195282,
                    0.07512592524290085,
                    -0.25135672092437744,
                    -0.30162811279296875
                ],
                [
                    -2.9858437500251966e-08,
                    0.9581207036972046,
                    0.2863647937774658,
                    0.3436378240585327
                ],
                [
                    0,
                    0,
                    0,
                    1
                ]
            ]
        },
        {
            "file_path": "002.png",
            "transform_matrix": [
                [
                    0.24560481309890747,
                    -0.01648559235036373,
                    0.9692299365997314,
                    1.1630758047103882
                ],
                [
                    0.9693701267242432,
                    0.004176699090749025,
                    -0.2455693781375885,
                    -0.2946832776069641
                ],
                [
                    8.187521416402888e-08,
                    0.9998554587364197,
                    0.01700638420879841,
                    0.020407838746905327
                ],
                [
                    0,
                    0,
                    0,
                    1
                ]
            ]
        },
        {
            "file_path": "003.png",
            "transform_matrix": [
                [
                    0.8751729726791382,
                    0.09414616972208023,
                    -0.4745616912841797,
                    -0.5694740414619446
                ],
                [
                    -0.4838101863861084,
                    0.17030265927314758,
                    -0.8584432005882263,
                    -1.0301319360733032
                ],
                [
                    -4.4698964529743535e-09,
                    0.9808840751647949,
                    0.1945931613445282,
                    0.23351188004016876
                ],
                [
                    0,
                    0,
                    0,
                    1
                ]
            ]
        },
        {
            "file_path": "004.png",
            "transform_matrix": [
                [
                    0.8121898770332336,
                    0.008860887959599495,
                    -0.5833258628845215,
                    -0.69999098777771
                ],
                [
                    -0.5833931565284729,
                    0.012335848063230515,
                    -0.8120962381362915,
                    -0.9745154976844788
                ],
                [
                    -5.8711886907758526e-08,
                    0.9998846650123596,
                    0.0151884276419878,
                    0.01822620816528797
                ],
                [
                    0,
                    0,
                    0,
                    1
                ]
            ]
        },
        {
            "file_path": "005.png",
            "transform_matrix": [
                [
                    -0.5286443829536438,
                    -0.40710529685020447,
                    0.744849443435669,
                    0.893819272518158
                ],
                [
                    0.8488435745239258,
                    -0.2535378336906433,
                    0.4638786315917969,
                    0.5566543340682983
                ],
                [
                    -3.7272940289767575e-10,
                    0.8774873614311218,
                    0.47959986329078674,
                    0.5755199193954468
                ],
                [
                    0,
                    0,
                    0,
                    1
                ]
            ]
        }
    ]
}