{
    "camera_angle_x": 0.8575560450553894,
    "aabb": [
        [
            -0.35,
            -0.35,
            -0.35
        ],
        [
            0.35,
            0.35,
            0.35
        ]
    ],
    "frames": [
        {
            "file_path": "000.png",
            "transform_matrix": [
                [
                    0.5045372843742371,
                    0.04937489330768585,
                    -0.8619769215583801,
                    -1.034372329711914
                ],
                [
                    -0.8633899092674255,
                    0.028853124007582664,
                    -0.5037115216255188,
                    -0.6044539213180542
                ],
                [
                    -1.4541416959445996e-08,
                    0.9983634352684021,
                    0.0571872852742672,
                    0.06862489134073257
                ],
                [
                    0,
                    0,
                    0,
                    1
                ]
            ]
        },
        {
            "file_path": "001.png",
            "transform_matrix": [
                [
                    0.6598041653633118,
                    -0.2078491896390915,
                    0.7221199870109558,
                    0.8665439486503601
                ],
                [
                    0.7514376640319824,
                    0.1825030893087387,
                    -0.6340616941452026,
                    -0.7608739733695984
                ],
                [
                    1.6884357023627672e-08,
                    0.9609846472740173,
                    0.27660197019577026,
                    0.3319224715232849
                ],
                [
                    0,
                    0,
                    0,
                    1
                ]
            ]
        },
        {
            "file_path": "002.png",
            "transform_matrix": [
                [
                    0.986293375492096,
                    -0.0028337023686617613,
                    0.1649768054485321,
                    0.19797217845916748
                ],
                [
                    0.16500113904476166,
                    0.016938257962465286,
                    -0.9861479997634888,
                    -1.1833776235580444
                ],
                [
                    1.70894676188027e-08,
                    0.9998525977134705,
                    0.017173653468489647,
                    0.02060861513018608
                ],
                [
                    0,
                    0,
                    0,
                    1
                ]
            ]
        },
        {
            "file_path": "003.png",
            "transform_matrix": [
                [
                    0.7513778805732727,
                    -0.07867154479026794,
                    0.6551657915115356,
                    0.7861988544464111
                ],
                [
                    0.65987229347229,
                    0.0895809605717659,
                    -0.7460188865661621,
                    -0.895222544670105
                ],
                [
                    -5.106775091689997e-08,
                    0.9928677678108215,
                    0.11922226846218109,
                    0.14306683838367462
                ],
                [
                    0,
                    0,
                    0,
                    1
                ]
            ]
        },
        {
            "file_path": "004.png",
            "transform_matrix": [
                [
                    -0.7527462244033813,
                    0.012777836993336678,
                    -0.6581867337226868,
                    -0.7898240685462952
                ],
                [
                    -0.6583107709884644,
                    -0.014610815793275833,
                    0.7526044249534607,
                    0.9031254053115845
                ],
                [
                    -3.4319853625675023e-09,
                    0.999811589717865,
                    0.019410064443945885,
                    0.023291971534490585
                ],
                [
                    0,
                    0,
                    0,
                    1
                ]
            ]
        },
        {
            "file_path": "005.png",
            "transform_matrix": [
                [
                    0.9973136186599731,
                    -0.026239054277539253,
                    0.06838943809270859,
                    0.0820673406124115
                ],
                [
                    0.07325027883052826,
                    0.3572486937046051,
                    -0.9311325550079346,
                    -1.1173591613769531
                ],
                [
                    -3.7016205656215107e-09,
                    0.9336406588554382,
                    0.3582109808921814,
                    0.4298531711101532
                ],
                [
                    0,
                    0,
                    0,
                    1
                ]
            ]
        }
    ]
}