{
    "camera_angle_x": 0.8575560450553894,
    "aabb": [
        [
            -0.35,
            -0.35,
            -0.35
        ],
        [
            0.35,
            0.35,
            0.35
        ]
    ],
    "frames": [
        {
            "file_path": "000.png",
            "transform_matrix": [
                [
                    0.15513820946216583,
                    -0.4927467107772827,
                    0.8562318682670593,
                    1.0274782180786133
                ],
                [
                    0.9878928661346436,
                    0.07738065719604492,
                    -0.13446229696273804,
                    -0.16135476529598236
                ],
                [
                    -1.3579857238710247e-09,
                    0.866725504398346,
                    0.49878552556037903,
                    0.5985426306724548
                ],
                [
                    0,
                    0,
                    0,
                    1
                ]
            ]
        },
        {
            "file_path": "001.png",
            "transform_matrix": [
                [
                    0.032026976346969604,
                    -0.42082756757736206,
                    0.906575083732605,
                    1.0878902673721313
                ],
                [
                    0.9994869828224182,
                    0.013484730385243893,
                    -0.029049772769212723,
                    -0.03485974296927452
                ],
                [
                    2.234230578324059e-08,
                    0.9070404171943665,
                    0.4210435450077057,
                    0.5052523016929626
                ],
                [
                    0,
                    0,
                    0,
                    1
                ]
            ]
        },
        {
            "file_path": "002.png",
            "transform_matrix": [
                [
                    0.6331535577774048,
                    0.29737287759780884,
                    -0.714622974395752,
                    -0.8575475215911865
                ],
                [
                    -0.7740262150764465,
                    0.24325095117092133,
                    -0.5845617651939392,
                    -0.7014740705490112
                ],
                [
                    -5.4080359745967144e-08,
                    0.9232542514801025,
                    0.38418957591056824,
                    0.461027592420578
                ],
                [
                    0,
                    0,
                    0,
                    1
                ]
            ]
        },
        {
            "file_path": "003.png",
            "transform_matrix": [
                [
                    0.8928347229957581,
                    -0.21171298623085022,
                    0.3975220322608948,
                    0.47702643275260925
                ],
                [
                    0.4503844678401947,
                    0.41969630122184753,
                    -0.7880411744117737,
                    -0.9456494450569153
                ],
                [
                    5.546961112656845e-09,
                    0.8826282620429993,
                    0.4700716733932495,
                    0.5640860795974731
                ],
                [
                    0,
                    0,
                    0,
                    1
                ]
            ]
        },
        {
            "file_path": "004.png",
            "transform_matrix": [
                [
                    -0.6863052845001221,
                    -0.2290690839290619,
                    0.690298855304718,
                    0.8283585906028748
                ],
                [
                    0.7273136377334595,
                    -0.21615339815616608,
                    0.6513774991035461,
                    0.7816529870033264
                ],
                [
                    -2.2821609491074923e-08,
                    0.9491075277328491,
                    0.31495222449302673,
                    0.3779428005218506
                ],
                [
                    0,
                    0,
                    0,
                    1
                ]
            ]
        },
        {
            "file_path": "005.png",
            "transform_matrix": [
                [
                    0.019406022503972054,
                    0.43390679359436035,
                    -0.9007487297058105,
                    -1.0808985233306885
                ],
                [
                    -0.9998116493225098,
                    0.00842198170721531,
                    -0.01748323068022728,
                    -0.02097984403371811
                ],
                [
                    -2.623589878680832e-08,
                    0.9009183645248413,
                    0.4339885413646698,
                    0.5207862854003906
                ],
                [
                    0,
                    0,
                    0,
                    1
                ]
            ]
        }
    ]
}