{
    "camera_angle_x": 0.8575560450553894,
    "aabb": [
        [
            -0.35,
            -0.35,
            -0.35
        ],
        [
            0.35,
            0.35,
            0.35
        ]
    ],
    "frames": [
        {
            "file_path": "000.png",
            "transform_matrix": [
                [
                    0.9925792217254639,
                    -0.03403050824999809,
                    0.11674075573682785,
                    0.14008891582489014
                ],
                [
                    0.12159966677427292,
                    0.27778011560440063,
                    -0.9529175162315369,
                    -1.1435010433197021
                ],
                [
                    2.7345561370850646e-09,
                    0.9600417613983154,
                    0.2798568606376648,
                    0.33582836389541626
                ],
                [
                    0,
                    0,
                    0,
                    1
                ]
            ]
        },
        {
            "file_path": "001.png",
            "transform_matrix": [
                [
                    0.5838117003440857,
                    0.06518824398517609,
                    -0.8092678189277649,
                    -0.9711214303970337
                ],
                [
                    -0.811889111995697,
                    0.04687546566128731,
                    -0.5819268226623535,
                    -0.6983121633529663
                ],
                [
                    4.1642472581315815e-08,
                    0.9967713952064514,
                    0.08029206097126007,
                    0.09635047614574432
                ],
                [
                    0,
                    0,
                    0,
                    1
                ]
            ]
        },
        {
            "file_path": "002.png",
            "transform_matrix": [
                [
                    0.07940869778394699,
                    0.1103331446647644,
                    -0.9907174706459045,
                    -1.1888608932495117
                ],
                [
                    -0.9968422651290894,
                    0.008789023384451866,
                    -0.07892090082168579,
                    -0.09470521658658981
                ],
                [
                    -4.9717730377096814e-08,
                    0.993855893611908,
                    0.11068256199359894,
                    0.13281923532485962
                ],
                [
                    0,
                    0,
                    0,
                    1
                ]
            ]
        },
        {
            "file_path": "003.png",
            "transform_matrix": [
                [
                    -0.18721972405910492,
                    0.4317864775657654,
                    -0.8823317885398865,
                    -1.05879807472229
                ],
                [
                    -0.9823181629180908,
                    -0.08229412138462067,
                    0.1681632697582245,
                    0.20179593563079834
                ],
                [
                    -9.808612588813048e-09,
                    0.8982139229774475,
                    0.43955865502357483,
                    0.5274704098701477
                ],
                [
                    0,
                    0,
                    0,
                    1
                ]
            ]
        },
        {
            "file_path": "004.png",
            "transform_matrix": [
                [
                    -0.18811820447444916,
                    -0.028315996751189232,
                    0.981738269329071,
                    1.1780858039855957
                ],
                [
                    0.9821465015411377,
                    -0.005423618480563164,
                    0.18803991377353668,
                    0.2256479263305664
                ],
                [
                    -5.793321378178007e-08,
                    0.9995843768119812,
                    0.028830621391534805,
                    0.03459688276052475
                ],
                [
                    0,
                    0,
                    0,
                    1
                ]
            ]
        },
        {
            "file_path": "005.png",
            "transform_matrix": [
                [
                    -0.9827488660812378,
                    0.0660879984498024,
                    -0.17273421585559845,
                    -0.20728105306625366
                ],
                [
                    -0.184945210814476,
                    -0.3511737287044525,
                    0.9178628921508789,
                    1.1014355421066284
                ],
                [
                    3.088147515484252e-09,
                    0.9339750409126282,
                    0.35733821988105774,
                    0.428805947303772
                ],
                [
                    0,
                    0,
                    0,
                    1
                ]
            ]
        }
    ]
}