{
    "camera_angle_x": 0.8575560450553894,
    "aabb": [
        [
            -0.35,
            -0.35,
            -0.35
        ],
        [
            0.35,
            0.35,
            0.35
        ]
    ],
    "frames": [
        {
            "file_path": "000.png",
            "transform_matrix": [
                [
                    -0.9805887341499329,
                    -0.04968971014022827,
                    0.18967582285404205,
                    0.22761096060276031
                ],
                [
                    0.19607648253440857,
                    -0.248500794172287,
                    0.9485787153244019,
                    1.1382943391799927
                ],
                [
                    -2.184418690376333e-08,
                    0.9673564434051514,
                    0.2534198760986328,
                    0.30410414934158325
                ],
                [
                    0,
                    0,
                    0,
                    1
                ]
            ]
        },
        {
            "file_path": "001.png",
            "transform_matrix": [
                [
                    -0.34031951427459717,
                    -0.12261181324720383,
                    0.9322817325592041,
                    1.1187379360198975
                ],
                [
                    0.9403099417686462,
                    -0.044376034289598465,
                    0.33741384744644165,
                    0.40489670634269714
                ],
                [
                    -2.821354883053573e-08,
                    0.9914621710777283,
                    0.13039502501487732,
                    0.1564742475748062
                ],
                [
                    0,
                    0,
                    0,
                    1
                ]
            ]
        },
        {
            "file_path": "002.png",
            "transform_matrix": [
                [
                    -0.43725520372390747,
                    -0.25178179144859314,
                    0.8633735775947571,
                    1.0360482931137085
                ],
                [
                    0.8993375897407532,
                    -0.12241561710834503,
                    0.4197695851325989,
                    0.5037234425544739
                ],
                [
                    2.3001899052133012e-08,
                    0.9600106477737427,
                    0.27996358275413513,
                    0.33595648407936096
                ],
                [
                    0,
                    0,
                    0,
                    1
                ]
            ]
        },
        {
            "file_path": "003.png",
            "transform_matrix": [
                [
                    -0.9702343344688416,
                    -0.004411875735968351,
                    0.24212822318077087,
                    0.29055383801460266
                ],
                [
                    0.24216841161251068,
                    -0.017675938084721565,
                    0.9700732231140137,
                    1.1640878915786743
                ],
                [
                    -8.249426031170515e-09,
                    0.9998340606689453,
                    0.01821814477443695,
                    0.021861867979168892
                ],
                [
                    0,
                    0,
                    0,
                    1
                ]
            ]
        },
        {
            "file_path": "004.png",
            "transform_matrix": [
                [
                    -0.9644873142242432,
                    -0.12616516649723053,
                    0.2320491075515747,
                    0.27845898270606995
                ],
                [
                    0.2641295790672302,
                    -0.4607009291648865,
                    0.8473431468009949,
                    1.0168118476867676
                ],
                [
                    3.718887242598612e-08,
                    0.8785426616668701,
                    0.4776639938354492,
                    0.5731966495513916
                ],
                [
                    0,
                    0,
                    0,
                    1
                ]
            ]
        },
        {
            "file_path": "005.png",
            "transform_matrix": [
                [
                    -0.34366947412490845,
                    0.014122888445854187,
                    -0.9389845728874207,
                    -1.1267813444137573
                ],
                [
                    -0.9390907287597656,
                    -0.005168423987925053,
                    0.3436305522918701,
                    0.4123567044734955
                ],
                [
                    3.771622658632623e-08,
                    0.9998869895935059,
                    0.015038828365504742,
                    0.018046792596578598
                ],
                [
                    0,
                    0,
                    0,
                    1
                ]
            ]
        }
    ]
}