{
    "camera_angle_x": 0.8575560450553894,
    "aabb": [
        [
            -0.35,
            -0.35,
            -0.35
        ],
        [
            0.35,
            0.35,
            0.35
        ]
    ],
    "frames": [
        {
            "file_path": "000.png",
            "transform_matrix": [
                [
                    -0.5868152379989624,
                    -0.18056729435920715,
                    0.7893309593200684,
                    0.9471971988677979
                ],
                [
                    0.8097208738327026,
                    -0.13085952401161194,
                    0.5720383524894714,
                    0.6864460706710815
                ],
                [
                    3.0712577370195504e-08,
                    0.9748185873031616,
                    0.2229994237422943,
                    0.26759934425354004
                ],
                [
                    0,
                    0,
                    0,
                    1
                ]
            ]
        },
        {
            "file_path": "001.png",
            "transform_matrix": [
                [
                    0.9770238399505615,
                    -0.013056688942015171,
                    0.2127297967672348,
                    0.25527575612068176
                ],
                [
                    0.21313011646270752,
                    0.05985405296087265,
                    -0.9751887321472168,
                    -1.1702265739440918
                ],
                [
                    -9.556481828099095e-09,
                    0.9981217384338379,
                    0.0612616091966629,
                    0.07351390272378922
                ],
                [
                    0,
                    0,
                    0,
                    1
                ]
            ]
        },
        {
            "file_path": "002.png",
            "transform_matrix": [
                [
                    0.4607709050178528,
                    -0.2092205286026001,
                    0.8625062704086304,
                    1.0350074768066406
                ],
                [
                    0.8875191807746887,
                    0.10862034559249878,
                    -0.4477851688861847,
                    -0.5373421311378479
                ],
                [
                    -1.848834685347356e-08,
                    0.9718171954154968,
                    0.23573622107505798,
                    0.2828836441040039
                ],
                [
                    0,
                    0,
                    0,
                    1
                ]
            ]
        },
        {
            "file_path": "003.png",
            "transform_matrix": [
                [
                    -0.7551882863044739,
                    0.17787356674671173,
                    -0.630913496017456,
                    -0.7570961117744446
                ],
                [
                    -0.6555080413818359,
                    -0.20492200553417206,
                    0.7268536686897278,
                    0.8722244501113892
                ],
                [
                    2.2057875526115822e-08,
                    0.9624801874160767,
                    0.2713521718978882,
                    0.32562267780303955
                ],
                [
                    0,
                    0,
                    0,
                    1
                ]
            ]
        },
        {
            "file_path": "004.png",
            "transform_matrix": [
                [
                    -0.7715977430343628,
                    0.13476528227329254,
                    -0.6216714382171631,
                    -0.746005654335022
                ],
                [
                    -0.6361108422279358,
                    -0.16346926987171173,
                    0.7540827989578247,
                    0.9048992991447449
                ],
                [
                    2.8550104502755858e-08,
                    0.9773004651069641,
                    0.2118581235408783,
                    0.2542298436164856
                ],
                [
                    0,
                    0,
                    0,
                    1
                ]
            ]
        },
        {
            "file_path": "005.png",
            "transform_matrix": [
                [
                    0.667996346950531,
                    0.2665506899356842,
                    -0.694788932800293,
                    -0.8337467312812805
                ],
                [
                    -0.7441645860671997,
                    0.2392681986093521,
                    -0.6236744523048401,
                    -0.7484093904495239
                ],
                [
                    2.4526730868501545e-08,
                    0.9336495399475098,
                    0.35818785429000854,
                    0.42982539534568787
                ],
                [
                    0,
                    0,
                    0,
                    1
                ]
            ]
        }
    ]
}