{
    "camera_angle_x": 0.8575560450553894,
    "aabb": [
        [
            -0.35,
            -0.35,
            -0.35
        ],
        [
            0.35,
            0.35,
            0.35
        ]
    ],
    "frames": [
        {
            "file_path": "000.png",
            "transform_matrix": [
                [
                    -0.8272114396095276,
                    -0.09643463790416718,
                    0.5535538196563721,
                    0.6642646193504333
                ],
                [
                    0.5618909597396851,
                    -0.14197036623954773,
                    0.8149374723434448,
                    0.9779249429702759
                ],
                [
                    -2.396962628381516e-10,
                    0.9851623773574829,
                    0.17162512242794037,
                    0.20595026016235352
                ],
                [
                    0,
                    0,
                    0,
                    1
                ]
            ]
        },
        {
            "file_path": "001.png",
            "transform_matrix": [
                [
                    0.29367804527282715,
                    -0.061830904334783554,
                    0.9539026021957397,
                    1.1446831226348877
                ],
                [
                    0.9559044241905212,
                    0.018995951861143112,
                    -0.29306310415267944,
                    -0.35167568922042847
                ],
                [
                    2.1088521151568784e-08,
                    0.9979059100151062,
                    0.06468309462070465,
                    0.07761988043785095
                ],
                [
                    0,
                    0,
                    0,
                    1
                ]
            ]
        },
        {
            "file_path": "002.png",
            "transform_matrix": [
                [
                    0.6653238534927368,
                    0.18699288368225098,
                    -0.7227571606636047,
                    -0.867308497428894
                ],
                [
                    -0.7465549111366272,
                    0.1666465550661087,
                    -0.6441156268119812,
                    -0.7729386687278748
                ],
                [
                    5.686028714535496e-08,
                    0.9681233763694763,
                    0.25047433376312256,
                    0.3005693256855011
                ],
                [
                    0,
                    0,
                    0,
                    1
                ]
            ]
        },
        {
            "file_path": "003.png",
            "transform_matrix": [
                [
                    0.4421345293521881,
                    0.3086194097995758,
                    -0.8421823978424072,
                    -1.010618805885315
                ],
                [
                    -0.8969488143920898,
                    0.1521281599998474,
                    -0.4151385724544525,
                    -0.4981662929058075
                ],
                [
                    -6.470245494938354e-08,
                    0.9389415383338928,
                    0.34407684206962585,
                    0.4128924310207367
                ],
                [
                    0,
                    0,
                    0,
                    1
                ]
            ]
        },
        {
            "file_path": "004.png",
            "transform_matrix": [
                [
                    0.25968047976493835,
                    -0.31400924921035767,
                    0.9132165908813477,
                    1.0958597660064697
                ],
                [
                    0.965694785118103,
                    0.08443859964609146,
                    -0.24556902050971985,
                    -0.2946827709674835
                ],
                [
                    1.9203071133233607e-08,
                    0.9456577897071838,
                    0.32516393065452576,
                    0.39019691944122314
                ],
                [
                    0,
                    0,
                    0,
                    1
                ]
            ]
        },
        {
            "file_path": "005.png",
            "transform_matrix": [
                [
                    -0.04527736455202103,
                    -0.24386149644851685,
                    0.9687526822090149,
                    1.1625031232833862
                ],
                [
                    0.9989745616912842,
                    -0.01105273887515068,
                    0.0439075231552124,
                    0.05268913134932518
                ],
                [
                    -7.076547348106033e-08,
                    0.9697471857070923,
                    0.24411176145076752,
                    0.2929342985153198
                ],
                [
                    0,
                    0,
                    0,
                    1
                ]
            ]
        }
    ]
}