{
    "camera_angle_x": 0.8575560450553894,
    "aabb": [
        [
            -0.35,
            -0.35,
            -0.35
        ],
        [
            0.35,
            0.35,
            0.35
        ]
    ],
    "frames": [
        {
            "file_path": "000.png",
            "transform_matrix": [
                [
                    0.6968716382980347,
                    0.2329772263765335,
                    -0.6783004999160767,
                    -0.8139605522155762
                ],
                [
                    -0.7171959280967712,
                    0.22637484967708588,
                    -0.6590785980224609,
                    -0.7908942103385925
                ],
                [
                    -5.620618637180996e-08,
                    0.9457675218582153,
                    0.32484447956085205,
                    0.3898135721683502
                ],
                [
                    0,
                    0,
                    0,
                    1
                ]
            ]
        },
        {
            "file_path": "001.png",
            "transform_matrix": [
                [
                    -0.9968211650848389,
                    -0.023279333487153053,
                    0.07619417458772659,
                    0.09143301844596863
                ],
                [
                    0.07967107743024826,
                    -0.2912640869617462,
                    0.9533193111419678,
                    1.143983244895935
                ],
                [
                    -8.994002875795104e-09,
                    0.9563593864440918,
                    0.2921929359436035,
                    0.35063159465789795
                ],
                [
                    0,
                    0,
                    0,
                    1
                ]
            ]
        },
        {
            "file_path": "002.png",
            "transform_matrix": [
                [
                    -0.9206123352050781,
                    -0.034201208502054214,
                    0.38897714018821716,
                    0.46677255630493164
                ],
                [
                    0.39047783613204956,
                    -0.0806347206234932,
                    0.9170742034912109,
                    1.1004891395568848
                ],
                [
                    9.51307477237151e-09,
                    0.9961568117141724,
                    0.0875881016254425,
                    0.10510578751564026
                ],
                [
                    0,
                    0,
                    0,
                    1
                ]
            ]
        },
        {
            "file_path": "003.png",
            "transform_matrix": [
                [
                    0.930010974407196,
                    0.03535351902246475,
                    -0.36582744121551514,
                    -0.438992977142334
                ],
                [
                    -0.36753174662590027,
                    0.08945941179990768,
                    -0.9256983399391174,
                    -1.1108380556106567
                ],
                [
                    3.40675754273434e-09,
                    0.9953627586364746,
                    0.09619177877902985,
                    0.11542992293834686
                ],
                [
                    0,
                    0,
                    0,
                    1
                ]
            ]
        },
        {
            "file_path": "004.png",
            "transform_matrix": [
                [
                    -0.43737557530403137,
                    -0.16388998925685883,
                    0.8842187523841858,
                    1.0610624551773071
                ],
                [
                    0.899278998374939,
                    -0.0797099620103836,
                    0.4300508201122284,
                    0.516061007976532
                ],
                [
                    -9.29399135429776e-09,
                    0.983253002166748,
                    0.18224596977233887,
                    0.21869517862796783
                ],
                [
                    0,
                    0,
                    0,
                    1
                ]
            ]
        },
        {
            "file_path": "005.png",
            "transform_matrix": [
                [
                    0.8795199990272522,
                    -0.053475454449653625,
                    0.47284767031669617,
                    0.5674171447753906
                ],
                [
                    0.47586190700531006,
                    0.09883686900138855,
                    -0.8739489316940308,
                    -1.048738718032837
                ],
                [
                    2.3328794895860483e-08,
                    0.9936657547950745,
                    0.11237592995166779,
                    0.13485129177570343
                ],
                [
                    0,
                    0,
                    0,
                    1
                ]
            ]
        }
    ]
}