{
    "camera_angle_x": 0.8575560450553894,
    "aabb": [
        [
            -0.35,
            -0.35,
            -0.35
        ],
        [
            0.35,
            0.35,
            0.35
        ]
    ],
    "frames": [
        {
            "file_path": "000.png",
            "transform_matrix": [
                [
                    -0.47574761509895325,
                    -0.194725900888443,
                    0.8577564358711243,
                    1.0293077230453491
                ],
                [
                    0.879581868648529,
                    -0.10532315820455551,
                    0.46394267678260803,
                    0.5567312836647034
                ],
                [
                    -6.865579393888765e-08,
                    0.9751865863800049,
                    0.22138455510139465,
                    0.2656616270542145
                ],
                [
                    0,
                    0,
                    0,
                    1
                ]
            ]
        },
        {
            "file_path": "001.png",
            "transform_matrix": [
                [
                    -0.303757905960083,
                    0.4656411111354828,
                    -0.831209659576416,
                    -0.9974516034126282
                ],
                [
                    -0.9527492523193359,
                    -0.14845682680606842,
                    0.2650083899497986,
                    0.3180099427700043
                ],
                [
                    4.7207663556037005e-08,
                    0.8724327683448792,
                    0.4887341260910034,
                    0.5864810347557068
                ],
                [
                    0,
                    0,
                    0,
                    1
                ]
            ]
        },
        {
            "file_path": "002.png",
            "transform_matrix": [
                [
                    0.1450320929288864,
                    -0.15728598833084106,
                    0.976845383644104,
                    1.172214388847351
                ],
                [
                    0.9894270300865173,
                    0.02305513620376587,
                    -0.14318794012069702,
                    -0.17182549834251404
                ],
                [
                    8.579462473790045e-08,
                    0.9872840046882629,
                    0.15896667540073395,
                    0.19076010584831238
                ],
                [
                    0,
                    0,
                    0,
                    1
                ]
            ]
        },
        {
            "file_path": "003.png",
            "transform_matrix": [
                [
                    0.3649923503398895,
                    0.26482918858528137,
                    -0.8925503492355347,
                    -1.0710604190826416
                ],
                [
                    -0.9310105443000793,
                    0.10382337123155594,
                    -0.34991446137428284,
                    -0.4198974072933197
                ],
                [
                    2.7437168981236937e-08,
                    0.9586898684501648,
                    0.28445348143577576,
                    0.3413441777229309
                ],
                [
                    0,
                    0,
                    0,
                    1
                ]
            ]
        },
        {
            "file_path": "004.png",
            "transform_matrix": [
                [
                    0.05617813393473625,
                    0.42180463671684265,
                    -0.9049447178840637,
                    -1.0859336853027344
                ],
                [
                    -0.9984208345413208,
                    0.023733679205179214,
                    -0.050918545573949814,
                    -0.06110232323408127
                ],
                [
                    3.261674663690428e-08,
                    0.9063761234283447,
                    0.4224717915058136,
                    0.5069661140441895
                ],
                [
                    0,
                    0,
                    0,
                    1
                ]
            ]
        },
        {
            "file_path": "005.png",
            "transform_matrix": [
                [
                    -0.19140467047691345,
                    0.016158126294612885,
                    -0.9813783168792725,
                    -1.1776539087295532
                ],
                [
                    -0.9815112948417664,
                    -0.003151016542688012,
                    0.191378653049469,
                    0.22965432703495026
                ],
                [
                    5.3523798726473615e-08,
                    0.9998645782470703,
                    0.0164624135941267,
                    0.019755037501454353
                ],
                [
                    0,
                    0,
                    0,
                    1
                ]
            ]
        }
    ]
}