{
    "camera_angle_x": 0.8575560450553894,
    "aabb": [
        [
            -0.35,
            -0.35,
            -0.35
        ],
        [
            0.35,
            0.35,
            0.35
        ]
    ],
    "frames": [
        {
            "file_path": "000.png",
            "transform_matrix": [
                [
                    0.9330942630767822,
                    0.14014706015586853,
                    -0.3312007188796997,
                    -0.3974408507347107
                ],
                [
                    -0.35963189601898193,
                    0.36362290382385254,
                    -0.8593271970748901,
                    -1.031192660331726
                ],
                [
                    -1.3685177435718288e-08,
                    0.9209436178207397,
                    0.38969579339027405,
                    0.46763503551483154
                ],
                [
                    0,
                    0,
                    0,
                    1
                ]
            ]
        },
        {
            "file_path": "001.png",
            "transform_matrix": [
                [
                    0.17066927254199982,
                    -0.47782188653945923,
                    0.8617181181907654,
                    1.0340619087219238
                ],
                [
                    0.9853283166885376,
                    0.08276389539241791,
                    -0.1492585986852646,
                    -0.1791103482246399
                ],
                [
                    -8.748335744712676e-08,
                    0.8745492100715637,
                    0.48493674397468567,
                    0.5819240808486938
                ],
                [
                    0,
                    0,
                    0,
                    1
                ]
            ]
        },
        {
            "file_path": "002.png",
            "transform_matrix": [
                [
                    -0.7489207983016968,
                    -0.3233497142791748,
                    0.5784141421318054,
                    0.6940969228744507
                ],
                [
                    0.662659764289856,
                    -0.36544138193130493,
                    0.6537085175514221,
                    0.7844501733779907
                ],
                [
                    -5.123173707488604e-08,
                    0.8728675842285156,
                    0.48795729875564575,
                    0.5855488777160645
                ],
                [
                    0,
                    0,
                    0,
                    1
                ]
            ]
        },
        {
            "file_path": "003.png",
            "transform_matrix": [
                [
                    -0.9914746880531311,
                    0.06039935722947121,
                    -0.11545594036579132,
                    -0.1385471224784851
                ],
                [
                    -0.13030025362968445,
                    -0.4595879912376404,
                    0.8785219788551331,
                    1.0542263984680176
                ],
                [
                    2.292489753585869e-09,
                    0.8860761523246765,
                    0.4635397791862488,
                    0.5562477707862854
                ],
                [
                    0,
                    0,
                    0,
                    1
                ]
            ]
        },
        {
            "file_path": "004.png",
            "transform_matrix": [
                [
                    0.5553645491600037,
                    -0.018005618825554848,
                    0.8314120769500732,
                    0.9976944327354431
                ],
                [
                    0.8316070437431335,
                    0.012024372816085815,
                    -0.555234432220459,
                    -0.6662813425064087
                ],
                [
                    5.815374493067793e-08,
                    0.9997656941413879,
                    0.02165147103369236,
                    0.025981957092881203
                ],
                [
                    0,
                    0,
                    0,
                    1
                ]
            ]
        },
        {
            "file_path": "005.png",
            "transform_matrix": [
                [
                    0.26331523060798645,
                    0.028226681053638458,
                    -0.9642968773841858,
                    -1.1571561098098755
                ],
                [
                    -0.9647098779678345,
                    0.007704291492700577,
                    -0.26320257782936096,
                    -0.3158431649208069
                ],
                [
                    -3.3592218784406214e-08,
                    0.9995719194412231,
                    0.029259154573082924,
                    0.035111188888549805
                ],
                [
                    0,
                    0,
                    0,
                    1
                ]
            ]
        }
    ]
}