{
    "camera_angle_x": 0.8575560450553894,
    "aabb": [
        [
            -0.35,
            -0.35,
            -0.35
        ],
        [
            0.35,
            0.35,
            0.35
        ]
    ],
    "frames": [
        {
            "file_path": "000.png",
            "transform_matrix": [
                [
                    -0.4324227571487427,
                    0.0346236526966095,
                    -0.9010059833526611,
                    -1.081207275390625
                ],
                [
                    -0.9016709923744202,
                    -0.016604797914624214,
                    0.43210381269454956,
                    0.5185245871543884
                ],
                [
                    7.819984659818147e-09,
                    0.9992625117301941,
                    0.038399405777454376,
                    0.04607916250824928
                ],
                [
                    0,
                    0,
                    0,
                    1
                ]
            ]
        },
        {
            "file_path": "001.png",
            "transform_matrix": [
                [
                    0.8132427930831909,
                    -0.26454904675483704,
                    0.5183145403862,
                    0.6219773888587952
                ],
                [
                    0.5819244980812073,
                    0.36970874667167664,
                    -0.7243474721908569,
                    -0.8692169785499573
                ],
                [
                    3.101046175402189e-08,
                    0.8906903266906738,
                    0.45461055636405945,
                    0.5455327033996582
                ],
                [
                    0,
                    0,
                    0,
                    1
                ]
            ]
        },
        {
            "file_path": "002.png",
            "transform_matrix": [
                [
                    -0.6832910180091858,
                    -0.08732336014509201,
                    0.7249054908752441,
                    0.869886577129364
                ],
                [
                    0.7301461100578308,
                    -0.0817195475101471,
                    0.6783867478370667,
                    0.8140642046928406
                ],
                [
                    -5.266396385650296e-08,
                    0.992822527885437,
                    0.11959706246852875,
                    0.14351655542850494
                ],
                [
                    0,
                    0,
                    0,
                    1
                ]
            ]
        },
        {
            "file_path": "003.png",
            "transform_matrix": [
                [
                    -0.9822993278503418,
                    0.0600057914853096,
                    -0.17744749784469604,
                    -0.21293701231479645
                ],
                [
                    -0.18731874227523804,
                    -0.31467026472091675,
                    0.9305344820022583,
                    1.1166414022445679
                ],
                [
                    1.7913025729399124e-08,
                    0.947302520275116,
                    0.32034042477607727,
                    0.38440874218940735
                ],
                [
                    0,
                    0,
                    0,
                    1
                ]
            ]
        },
        {
            "file_path": "004.png",
            "transform_matrix": [
                [
                    0.6993703842163086,
                    0.16903510689735413,
                    -0.6944842338562012,
                    -0.8333809971809387
                ],
                [
                    -0.7147595286369324,
                    0.16539567708969116,
                    -0.6795316934585571,
                    -0.8154379725456238
                ],
                [
                    8.088380809567752e-08,
                    0.9716334939002991,
                    0.23649223148822784,
                    0.2837907671928406
                ],
                [
                    0,
                    0,
                    0,
                    1
                ]
            ]
        },
        {
            "file_path": "005.png",
            "transform_matrix": [
                [
                    -0.7821970582008362,
                    0.06632879376411438,
                    -0.6194905638694763,
                    -0.7433887124061584
                ],
                [
                    -0.6230313777923584,
                    -0.08327384293079376,
                    0.777751624584198,
                    0.9333018660545349
                ],
                [
                    1.4833034356342978e-08,
                    0.9943169355392456,
                    0.10646131634712219,
                    0.12775380909442902
                ],
                [
                    0,
                    0,
                    0,
                    1
                ]
            ]
        }
    ]
}