{
    "camera_angle_x": 0.8575560450553894,
    "aabb": [
        [
            -0.35,
            -0.35,
            -0.35
        ],
        [
            0.35,
            0.35,
            0.35
        ]
    ],
    "frames": [
        {
            "file_path": "000.png",
            "transform_matrix": [
                [
                    -0.7712928652763367,
                    0.2713218331336975,
                    -0.5757534503936768,
                    -0.6909041404724121
                ],
                [
                    -0.6364806294441223,
                    -0.32879024744033813,
                    0.6977030634880066,
                    0.8372436165809631
                ],
                [
                    -1.3681642485607881e-08,
                    0.9045891761779785,
                    0.4262844920158386,
                    0.5115414261817932
                ],
                [
                    0,
                    0,
                    0,
                    1
                ]
            ]
        },
        {
            "file_path": "001.png",
            "transform_matrix": [
                [
                    0.3513733446598053,
                    0.08925550431013107,
                    -0.9319711923599243,
                    -1.1183654069900513
                ],
                [
                    -0.9362354278564453,
                    0.03349800780415535,
                    -0.34977295994758606,
                    -0.41972753405570984
                ],
                [
                    3.9935244444677664e-08,
                    0.9954453110694885,
                    0.09533445537090302,
                    0.11440138518810272
                ],
                [
                    0,
                    0,
                    0,
                    1
                ]
            ]
        },
        {
            "file_path": "002.png",
            "transform_matrix": [
                [
                    0.5853647589683533,
                    -0.005422250833362341,
                    0.8107520341873169,
                    0.972902238368988
                ],
                [
                    0.8107701539993286,
                    0.00391455739736557,
                    -0.5853517651557922,
                    -0.7024220824241638
                ],
                [
                    8.198900758316086e-08,
                    0.9999777674674988,
                    0.006687588058412075,
                    0.008025475777685642
                ],
                [
                    0,
                    0,
                    0,
                    1
                ]
            ]
        },
        {
            "file_path": "003.png",
            "transform_matrix": [
                [
                    0.9698957800865173,
                    -0.10668352246284485,
                    0.21890825033187866,
                    0.2626899480819702
                ],
                [
                    0.24352042376995087,
                    0.4249003529548645,
                    -0.8718701601028442,
                    -1.0462442636489868
                ],
                [
                    -1.7968613263974476e-08,
                    0.8989318013191223,
                    0.43808865547180176,
                    0.5257063508033752
                ],
                [
                    0,
                    0,
                    0,
                    1
                ]
            ]
        },
        {
            "file_path": "004.png",
            "transform_matrix": [
                [
                    -0.3198239803314209,
                    0.23593533039093018,
                    -0.917631208896637,
                    -1.101157546043396
                ],
                [
                    -0.9474769234657288,
                    -0.07964080572128296,
                    0.30974945425987244,
                    0.37169939279556274
                ],
                [
                    -8.465789846923144e-08,
                    0.9684997797012329,
                    0.24901439249515533,
                    0.2988171875476837
                ],
                [
                    0,
                    0,
                    0,
                    1
                ]
            ]
        },
        {
            "file_path": "005.png",
            "transform_matrix": [
                [
                    0.9807026982307434,
                    0.02253773622214794,
                    -0.19420170783996582,
                    -0.23304206132888794
                ],
                [
                    -0.19550512731075287,
                    0.11305484920740128,
                    -0.9741645455360413,
                    -1.1689974069595337
                ],
                [
                    2.5550583870881383e-10,
                    0.9933331608772278,
                    0.1152794361114502,
                    0.13833560049533844
                ],
                [
                    0,
                    0,
                    0,
                    1
                ]
            ]
        }
    ]
}