{
    "camera_angle_x": 0.8575560450553894,
    "aabb": [
        [
            -0.35,
            -0.35,
            -0.35
        ],
        [
            0.35,
            0.35,
            0.35
        ]
    ],
    "frames": [
        {
            "file_path": "000.png",
            "transform_matrix": [
                [
                    0.9998524188995361,
                    0.0072051663883030415,
                    -0.015594763681292534,
                    -0.01871371455490589
                ],
                [
                    -0.017178798094391823,
                    0.41936004161834717,
                    -0.9076575040817261,
                    -1.0891889333724976
                ],
                [
                    -9.463250183472383e-10,
                    0.9077914357185364,
                    0.4194219410419464,
                    0.50330650806427
                ],
                [
                    0,
                    0,
                    0,
                    1
                ]
            ]
        },
        {
            "file_path": "001.png",
            "transform_matrix": [
                [
                    0.7301250696182251,
                    -0.179646298289299,
                    0.6592758297920227,
                    0.7911309599876404
                ],
                [
                    0.6833135485649109,
                    0.19195319712162018,
                    -0.704440712928772,
                    -0.8453288078308105
                ],
                [
                    2.595253789650087e-08,
                    0.9648218750953674,
                    0.262904554605484,
                    0.3154856562614441
                ],
                [
                    0,
                    0,
                    0,
                    1
                ]
            ]
        },
        {
            "file_path": "002.png",
            "transform_matrix": [
                [
                    0.4058026969432831,
                    0.2407686710357666,
                    -0.8816772103309631,
                    -1.05801260471344
                ],
                [
                    -0.9139607548713684,
                    0.10690223425626755,
                    -0.39146876335144043,
                    -0.4697624742984772
                ],
                [
                    -7.855834383008187e-08,
                    0.9646773934364319,
                    0.2634342610836029,
                    0.31612128019332886
                ],
                [
                    0,
                    0,
                    0,
                    1
                ]
            ]
        },
        {
            "file_path": "003.png",
            "transform_matrix": [
                [
                    0.9332184195518494,
                    0.04452529549598694,
                    -0.35654014348983765,
                    -0.42784807085990906
                ],
                [
                    -0.3593095541000366,
                    0.11564341932535172,
                    -0.9260256290435791,
                    -1.1112306118011475
                ],
                [
                    7.917730471262985e-09,
                    0.9922924637794495,
                    0.12391892820596695,
                    0.14870283007621765
                ],
                [
                    0,
                    0,
                    0,
                    1
                ]
            ]
        },
        {
            "file_path": "004.png",
            "transform_matrix": [
                [
                    -0.9947623014450073,
                    0.022817471995949745,
                    -0.09963666647672653,
                    -0.1195639967918396
                ],
                [
                    -0.1022159606218338,
                    -0.22205893695354462,
                    0.9696606993675232,
                    1.16359281539917
                ],
                [
                    -1.007899541605184e-09,
                    0.9747662544250488,
                    0.2232280671596527,
                    0.2678738236427307
                ],
                [
                    0,
                    0,
                    0,
                    1
                ]
            ]
        },
        {
            "file_path": "005.png",
            "transform_matrix": [
                [
                    0.46442341804504395,
                    0.07912205904722214,
                    -0.8820717334747314,
                    -1.0584861040115356
                ],
                [
                    -0.8856132626533508,
                    0.04149224981665611,
                    -0.4625661373138428,
                    -0.5550795197486877
                ],
                [
                    -1.0229439340037061e-07,
                    0.9960010051727295,
                    0.08934155106544495,
                    0.10721000283956528
                ],
                [
                    0,
                    0,
                    0,
                    1
                ]
            ]
        }
    ]
}