{
    "camera_angle_x": 0.8575560450553894,
    "aabb": [
        [
            -0.35,
            -0.35,
            -0.35
        ],
        [
            0.35,
            0.35,
            0.35
        ]
    ],
    "frames": [
        {
            "file_path": "000.png",
            "transform_matrix": [
                [
                    0.23777537047863007,
                    -0.19008353352546692,
                    0.9525395035743713,
                    1.1430472135543823
                ],
                [
                    0.9713203310966492,
                    0.0465315580368042,
                    -0.23317812383174896,
                    -0.2798137068748474
                ],
                [
                    -5.420195137162409e-08,
                    0.980664849281311,
                    0.19569584727287292,
                    0.23483528196811676
                ],
                [
                    0,
                    0,
                    0,
                    1
                ]
            ]
        },
        {
            "file_path": "001.png",
            "transform_matrix": [
                [
                    -0.6088371276855469,
                    0.20169438421726227,
                    -0.7672266364097595,
                    -0.9206719994544983
                ],
                [
                    -0.7932952642440796,
                    -0.15479609370231628,
                    0.5888299942016602,
                    0.7065960764884949
                ],
                [
                    1.6840090211189818e-08,
                    0.9671388268470764,
                    0.25424879789352417,
                    0.30509868264198303
                ],
                [
                    0,
                    0,
                    0,
                    1
                ]
            ]
        },
        {
            "file_path": "002.png",
            "transform_matrix": [
                [
                    0.7252792716026306,
                    0.21052591502666473,
                    -0.6554760336875916,
                    -0.7865712642669678
                ],
                [
                    -0.688454806804657,
                    0.22178658843040466,
                    -0.6905365586280823,
                    -0.8286438584327698
                ],
                [
                    -1.4032835338184668e-08,
                    0.952097475528717,
                    0.30579477548599243,
                    0.3669538199901581
                ],
                [
                    0,
                    0,
                    0,
                    1
                ]
            ]
        },
        {
            "file_path": "003.png",
            "transform_matrix": [
                [
                    -0.13244040310382843,
                    -0.45500072836875916,
                    0.8805873394012451,
                    1.0567047595977783
                ],
                [
                    0.991191029548645,
                    -0.06079603359103203,
                    0.11766177415847778,
                    0.141194149851799
                ],
                [
                    -3.3264402787835934e-08,
                    0.8884133696556091,
                    0.4590443968772888,
                    0.5508533120155334
                ],
                [
                    0,
                    0,
                    0,
                    1
                ]
            ]
        },
        {
            "file_path": "004.png",
            "transform_matrix": [
                [
                    -0.16995130479335785,
                    -0.06381600350141525,
                    0.9833841323852539,
                    1.180060863494873
                ],
                [
                    0.9854526519775391,
                    -0.011005794629454613,
                    0.16959445178508759,
                    0.20351342856884003
                ],
                [
                    -4.965663435996248e-08,
                    0.9979011416435242,
                    0.06475792825222015,
                    0.07770982384681702
                ],
                [
                    0,
                    0,
                    0,
                    1
                ]
            ]
        },
        {
            "file_path": "005.png",
            "transform_matrix": [
                [
                    -0.6638580560684204,
                    -0.24790823459625244,
                    0.7055737376213074,
                    0.8466885089874268
                ],
                [
                    0.7478588223457336,
                    -0.22006283700466156,
                    0.6263224482536316,
                    0.7515868544578552
                ],
                [
                    -3.936188264219709e-09,
                    0.943458616733551,
                    0.3314906060695648,
                    0.3977888226509094
                ],
                [
                    0,
                    0,
                    0,
                    1
                ]
            ]
        }
    ]
}