{
    "camera_angle_x": 0.8575560450553894,
    "aabb": [
        [
            -0.35,
            -0.35,
            -0.35
        ],
        [
            0.35,
            0.35,
            0.35
        ]
    ],
    "frames": [
        {
            "file_path": "000.png",
            "transform_matrix": [
                [
                    0.5420538187026978,
                    0.15287059545516968,
                    -0.826322078704834,
                    -0.9915865063667297
                ],
                [
                    -0.8403437733650208,
                    0.09860742837190628,
                    -0.5330093502998352,
                    -0.6396112442016602
                ],
                [
                    5.106326739223732e-08,
                    0.9833143949508667,
                    0.18191437423229218,
                    0.21829718351364136
                ],
                [
                    0,
                    0,
                    0,
                    1
                ]
            ]
        },
        {
            "file_path": "001.png",
            "transform_matrix": [
                [
                    -0.4578823745250702,
                    0.2692044973373413,
                    -0.8472738862037659,
                    -1.0167285203933716
                ],
                [
                    -0.8890129923820496,
                    -0.13865263760089874,
                    0.43638473749160767,
                    0.523661732673645
                ],
                [
                    8.15814331645015e-08,
                    0.9530501961708069,
                    0.3028126358985901,
                    0.3633752763271332
                ],
                [
                    0,
                    0,
                    0,
                    1
                ]
            ]
        },
        {
            "file_path": "002.png",
            "transform_matrix": [
                [
                    0.9994918704032898,
                    -0.005019854288548231,
                    0.03147706761956215,
                    0.03777248412370682
                ],
                [
                    0.03187482804059982,
                    0.15740637481212616,
                    -0.9870193600654602,
                    -1.1844233274459839
                ],
                [
                    1.3867237358411444e-09,
                    0.9875211715698242,
                    0.15748640894889832,
                    0.188983753323555
                ],
                [
                    0,
                    0,
                    0,
                    1
                ]
            ]
        },
        {
            "file_path": "003.png",
            "transform_matrix": [
                [
                    -0.7648695707321167,
                    0.06311295926570892,
                    -0.6410861611366272,
                    -0.7693033814430237
                ],
                [
                    -0.6441853046417236,
                    -0.0749368667602539,
                    0.7611897587776184,
                    0.9134277701377869
                ],
                [
                    -7.429424186966571e-09,
                    0.9951891303062439,
                    0.09797325730323792,
                    0.11756796389818192
                ],
                [
                    0,
                    0,
                    0,
                    1
                ]
            ]
        },
        {
            "file_path": "004.png",
            "transform_matrix": [
                [
                    -0.9991084933280945,
                    -0.015388712286949158,
                    0.03931382670998573,
                    0.04717659577727318
                ],
                [
                    0.04221835732460022,
                    -0.364177942276001,
                    0.9303720593452454,
                    1.1164464950561523
                ],
                [
                    -1.5955017307334174e-09,
                    0.9312022924423218,
                    0.36450281739234924,
                    0.43740350008010864
                ],
                [
                    0,
                    0,
                    0,
                    1
                ]
            ]
        },
        {
            "file_path": "005.png",
            "transform_matrix": [
                [
                    0.3581885099411011,
                    0.12344084680080414,
                    -0.9254530668258667,
                    -1.1105436086654663
                ],
                [
                    -0.9336493611335754,
                    0.047357089817523956,
                    -0.3550441861152649,
                    -0.42605307698249817
                ],
                [
                    -1.2198874799196346e-07,
                    0.9912213683128357,
                    0.13221317529678345,
                    0.15865594148635864
                ],
                [
                    0,
                    0,
                    0,
                    1
                ]
            ]
        }
    ]
}