{
    "camera_angle_x": 0.8575560450553894,
    "aabb": [
        [
            -0.35,
            -0.35,
            -0.35
        ],
        [
            0.35,
            0.35,
            0.35
        ]
    ],
    "frames": [
        {
            "file_path": "000.png",
            "transform_matrix": [
                [
                    0.3407098054885864,
                    0.18888480961322784,
                    -0.9209991097450256,
                    -1.1051989793777466
                ],
                [
                    -0.9401684999465942,
                    0.06845049560070038,
                    -0.3337629437446594,
                    -0.4005155861377716
                ],
                [
                    7.626821485473556e-08,
                    0.9796106219291687,
                    0.20090532302856445,
                    0.2410864531993866
                ],
                [
                    0,
                    0,
                    0,
                    1
                ]
            ]
        },
        {
            "file_path": "001.png",
            "transform_matrix": [
                [
                    0.8136086463928223,
                    0.22455309331417084,
                    -0.5362992882728577,
                    -0.6435591578483582
                ],
                [
                    -0.5814129710197449,
                    0.3142315745353699,
                    -0.7504782676696777,
                    -0.9005737900733948
                ],
                [
                    1.2461111253969648e-08,
                    0.9224069118499756,
                    0.3862195909023285,
                    0.46346357464790344
                ],
                [
                    0,
                    0,
                    0,
                    1
                ]
            ]
        },
        {
            "file_path": "002.png",
            "transform_matrix": [
                [
                    0.3196302354335785,
                    0.3550572991371155,
                    -0.8785049319267273,
                    -1.0542057752609253
                ],
                [
                    -0.9475424289703369,
                    0.11976974457502365,
                    -0.29634228348731995,
                    -0.355610728263855
                ],
                [
                    -8.784969907082996e-08,
                    0.9271405935287476,
                    0.37471380829811096,
                    0.44965672492980957
                ],
                [
                    0,
                    0,
                    0,
                    1
                ]
            ]
        },
        {
            "file_path": "003.png",
            "transform_matrix": [
                [
                    0.9594316482543945,
                    0.0706755518913269,
                    -0.2729392647743225,
                    -0.32752710580825806
                ],
                [
                    -0.2819412648677826,
                    0.24050521850585938,
                    -0.9287983179092407,
                    -1.1145579814910889
                ],
                [
                    -1.5756342008899082e-08,
                    0.9680714011192322,
                    0.25067469477653503,
                    0.30080968141555786
                ],
                [
                    0,
                    0,
                    0,
                    1
                ]
            ]
        },
        {
            "file_path": "004.png",
            "transform_matrix": [
                [
                    0.993125855922699,
                    0.03763994574546814,
                    -0.1108342707157135,
                    -0.13300111889839172
                ],
                [
                    -0.11705127358436584,
                    0.3193574547767639,
                    -0.9403774738311768,
                    -1.128453016281128
                ],
                [
                    -8.807395701637688e-09,
                    0.9468865394592285,
                    0.32156795263290405,
                    0.38588157296180725
                ],
                [
                    0,
                    0,
                    0,
                    1
                ]
            ]
        },
        {
            "file_path": "005.png",
            "transform_matrix": [
                [
                    -0.24149256944656372,
                    -0.1954355090856552,
                    0.9505190253257751,
                    1.140622854232788
                ],
                [
                    0.970402717590332,
                    -0.04863568767905235,
                    0.23654431104660034,
                    0.2838532328605652
                ],
                [
                    -5.3951694667375705e-08,
                    0.9795098900794983,
                    0.20139624178409576,
                    0.24167563021183014
                ],
                [
                    0,
                    0,
                    0,
                    1
                ]
            ]
        }
    ]
}