{
    "camera_angle_x": 0.8575560450553894,
    "aabb": [
        [
            -0.35,
            -0.35,
            -0.35
        ],
        [
            0.35,
            0.35,
            0.35
        ]
    ],
    "frames": [
        {
            "file_path": "000.png",
            "transform_matrix": [
                [
                    -0.811626672744751,
                    -0.14948295056819916,
                    0.5647273063659668,
                    0.677672803401947
                ],
                [
                    0.5841764211654663,
                    -0.2076844424009323,
                    0.7846050262451172,
                    0.9415260553359985
                ],
                [
                    1.6481003228818736e-09,
                    0.9667067527770996,
                    0.25588667392730713,
                    0.3070640563964844
                ],
                [
                    0,
                    0,
                    0,
                    1
                ]
            ]
        },
        {
            "file_path": "001.png",
            "transform_matrix": [
                [
                    -0.49730056524276733,
                    -0.10276658833026886,
                    0.8614704608917236,
                    1.0337644815444946
                ],
                [
                    0.867578387260437,
                    -0.058906398713588715,
                    0.4937993884086609,
                    0.592559278011322
                ],
                [
                    6.50506848387522e-09,
                    0.9929597973823547,
                    0.11845218390226364,
                    0.14214272797107697
                ],
                [
                    0,
                    0,
                    0,
                    1
                ]
            ]
        },
        {
            "file_path": "002.png",
            "transform_matrix": [
                [
                    -0.8521702289581299,
                    -0.14585748314857483,
                    0.502525269985199,
                    0.6030303239822388
                ],
                [
                    0.5232647657394409,
                    -0.23753830790519714,
                    0.8183945417404175,
                    0.9820734262466431
                ],
                [
                    2.4076674876027937e-08,
                    0.9603651762008667,
                    0.2787450850009918,
                    0.33449408411979675
                ],
                [
                    0,
                    0,
                    0,
                    1
                ]
            ]
        },
        {
            "file_path": "003.png",
            "transform_matrix": [
                [
                    -0.627875566482544,
                    -0.3601263761520386,
                    0.689987063407898,
                    0.8279842138290405
                ],
                [
                    0.7783142924308777,
                    -0.2905184328556061,
                    0.556620717048645,
                    0.6679446697235107
                ],
                [
                    -1.9215191215948835e-08,
                    0.8865149617195129,
                    0.4627003073692322,
                    0.5552406311035156
                ],
                [
                    0,
                    0,
                    0,
                    1
                ]
            ]
        },
        {
            "file_path": "004.png",
            "transform_matrix": [
                [
                    0.5712689161300659,
                    0.029506227001547813,
                    -0.8202324509620667,
                    -0.9842789769172668
                ],
                [
                    -0.8207629919052124,
                    0.020536985248327255,
                    -0.5708996057510376,
                    -0.6850795745849609
                ],
                [
                    8.016264985144517e-09,
                    0.9993535876274109,
                    0.03594975918531418,
                    0.04313962906599045
                ],
                [
                    0,
                    0,
                    0,
                    1
                ]
            ]
        },
        {
            "file_path": "005.png",
            "transform_matrix": [
                [
                    -0.8710823655128479,
                    0.1218595802783966,
                    -0.4757794737815857,
                    -0.5709353685379028
                ],
                [
                    -0.4911373257637024,
                    -0.21613061428070068,
                    0.8438435196876526,
                    1.012612223625183
                ],
                [
                    -4.452390456322064e-08,
                    0.968730092048645,
                    0.2481171190738678,
                    0.29774054884910583
                ],
                [
                    0,
                    0,
                    0,
                    1
                ]
            ]
        }
    ]
}