{
    "camera_angle_x": 0.8575560450553894,
    "aabb": [
        [
            -0.35,
            -0.35,
            -0.35
        ],
        [
            0.35,
            0.35,
            0.35
        ]
    ],
    "frames": [
        {
            "file_path": "000.png",
            "transform_matrix": [
                [
                    0.976051926612854,
                    0.07550089061260223,
                    -0.20401546359062195,
                    -0.2448185533285141
                ],
                [
                    -0.2175378054380417,
                    0.3387584388256073,
                    -0.9153797626495361,
                    -1.0984556674957275
                ],
                [
                    -2.1040751363443633e-08,
                    0.9378392100334167,
                    0.3470700979232788,
                    0.41648414731025696
                ],
                [
                    0,
                    0,
                    0,
                    1
                ]
            ]
        },
        {
            "file_path": "001.png",
            "transform_matrix": [
                [
                    -0.6961103081703186,
                    -0.024472389370203018,
                    0.7175176739692688,
                    0.8610212206840515
                ],
                [
                    0.7179349064826965,
                    -0.02372847869992256,
                    0.695705771446228,
                    0.8348469138145447
                ],
                [
                    5.8171920613858674e-09,
                    0.9994188547134399,
                    0.03408718481659889,
                    0.04090461507439613
                ],
                [
                    0,
                    0,
                    0,
                    1
                ]
            ]
        },
        {
            "file_path": "002.png",
            "transform_matrix": [
                [
                    0.25431352853775024,
                    -0.23695909976959229,
                    0.9376433491706848,
                    1.1251720190048218
                ],
                [
                    0.9671218395233154,
                    0.062310561537742615,
                    -0.2465618997812271,
                    -0.2958742082118988
                ],
                [
                    9.665505729117285e-09,
                    0.9695193767547607,
                    0.2450147420167923,
                    0.2940175533294678
                ],
                [
                    0,
                    0,
                    0,
                    1
                ]
            ]
        },
        {
            "file_path": "003.png",
            "transform_matrix": [
                [
                    0.19384567439556122,
                    0.29296427965164185,
                    -0.936267077922821,
                    -1.1235203742980957
                ],
                [
                    -0.9810321927070618,
                    0.057887665927410126,
                    -0.18500056862831116,
                    -0.22200074791908264
                ],
                [
                    -7.889951803008444e-08,
                    0.9543695449829102,
                    0.29862847924232483,
                    0.358354389667511
                ],
                [
                    0,
                    0,
                    0,
                    1
                ]
            ]
        },
        {
            "file_path": "004.png",
            "transform_matrix": [
                [
                    -0.08772336691617966,
                    0.4276480972766876,
                    -0.8996787667274475,
                    -1.079614520072937
                ],
                [
                    -0.9961449503898621,
                    -0.03765995427966118,
                    0.0792282223701477,
                    0.0950738862156868
                ],
                [
                    -1.2172861829640169e-08,
                    0.9031605124473572,
                    0.42930305004119873,
                    0.515163779258728
                ],
                [
                    0,
                    0,
                    0,
                    1
                ]
            ]
        },
        {
            "file_path": "005.png",
            "transform_matrix": [
                [
                    -0.8853114247322083,
                    -0.18770073354244232,
                    0.425432026386261,
                    0.5105184316635132
                ],
                [
                    0.46499890089035034,
                    -0.3573635220527649,
                    0.8099799752235413,
                    0.9719759225845337
                ],
                [
                    2.790981312728036e-08,
                    0.9149097800254822,
                    0.4036584496498108,
                    0.48439016938209534
                ],
                [
                    0,
                    0,
                    0,
                    1
                ]
            ]
        }
    ]
}