{
    "camera_angle_x": 0.8575560450553894,
    "aabb": [
        [
            -0.35,
            -0.35,
            -0.35
        ],
        [
            0.35,
            0.35,
            0.35
        ]
    ],
    "frames": [
        {
            "file_path": "000.png",
            "transform_matrix": [
                [
                    -0.9097461104393005,
                    -0.15356309711933136,
                    0.3857206702232361,
                    0.46286478638648987
                ],
                [
                    0.41516509652137756,
                    -0.336500883102417,
                    0.845224916934967,
                    1.0142698287963867
                ],
                [
                    -1.815357109080651e-08,
                    0.9290778040885925,
                    0.3698843717575073,
                    0.44386133551597595
                ],
                [
                    0,
                    0,
                    0,
                    1
                ]
            ]
        },
        {
            "file_path": "001.png",
            "transform_matrix": [
                [
                    0.903377115726471,
                    0.19941303133964539,
                    -0.3796633780002594,
                    -0.4555959403514862
                ],
                [
                    -0.4288471043109894,
                    0.4200683832168579,
                    -0.7997705936431885,
                    -0.9597246050834656
                ],
                [
                    3.969709894136031e-09,
                    0.8853119611740112,
                    0.4649978280067444,
                    0.557997465133667
                ],
                [
                    0,
                    0,
                    0,
                    1
                ]
            ]
        },
        {
            "file_path": "002.png",
            "transform_matrix": [
                [
                    0.9790818095207214,
                    -0.0015811965567991138,
                    0.20346088707447052,
                    0.24415306746959686
                ],
                [
                    0.20346702635288239,
                    0.007608771789819002,
                    -0.9790522456169128,
                    -1.1748627424240112
                ],
                [
                    -1.6574265515600928e-08,
                    0.9999698400497437,
                    0.007771330885589123,
                    0.009325572289526463
                ],
                [
                    0,
                    0,
                    0,
                    1
                ]
            ]
        },
        {
            "file_path": "003.png",
            "transform_matrix": [
                [
                    0.9428901672363281,
                    -0.1652923822402954,
                    0.2891998887062073,
                    0.3470399081707001
                ],
                [
                    0.33310380578041077,
                    0.46787989139556885,
                    -0.8186148405075073,
                    -0.9823378920555115
                ],
                [
                    -1.0477101852757187e-08,
                    0.868197500705719,
                    0.49621886014938354,
                    0.5954625606536865
                ],
                [
                    0,
                    0,
                    0,
                    1
                ]
            ]
        },
        {
            "file_path": "004.png",
            "transform_matrix": [
                [
                    0.9529763460159302,
                    0.0013862330233678222,
                    -0.30304160714149475,
                    -0.3636499047279358
                ],
                [
                    -0.30304476618766785,
                    0.004359012003988028,
                    -0.9529665112495422,
                    -1.1435596942901611
                ],
                [
                    -3.126925918195411e-08,
                    0.9999896883964539,
                    0.004574119579046965,
                    0.00548927066847682
                ],
                [
                    0,
                    0,
                    0,
                    1
                ]
            ]
        },
        {
            "file_path": "005.png",
            "transform_matrix": [
                [
                    -0.9953140616416931,
                    -0.027487577870488167,
                    0.0927073210477829,
                    0.11124879866838455
                ],
                [
                    0.09669651091098785,
                    -0.2829344868659973,
                    0.9542526006698608,
                    1.145103096961975
                ],
                [
                    -2.7791111634201116e-09,
                    0.9587453603744507,
                    0.2842664122581482,
                    0.34111982583999634
                ],
                [
                    0,
                    0,
                    0,
                    1
                ]
            ]
        }
    ]
}