{
    "camera_angle_x": 0.8575560450553894,
    "aabb": [
        [
            -0.35,
            -0.35,
            -0.35
        ],
        [
            0.35,
            0.35,
            0.35
        ]
    ],
    "frames": [
        {
            "file_path": "000.png",
            "transform_matrix": [
                [
                    -0.9955841302871704,
                    -0.033465269953012466,
                    0.08770598471164703,
                    0.10524719208478928
                ],
                [
                    0.09387366473674774,
                    -0.3549184799194336,
                    0.930172324180603,
                    1.1162068843841553
                ],
                [
                    6.812602482142438e-09,
                    0.9342980980873108,
                    0.3564927279949188,
                    0.42779114842414856
                ],
                [
                    0,
                    0,
                    0,
                    1
                ]
            ]
        },
        {
            "file_path": "001.png",
            "transform_matrix": [
                [
                    -0.951591968536377,
                    0.024114182218909264,
                    -0.30641672015190125,
                    -0.3677000403404236
                ],
                [
                    -0.3073641061782837,
                    -0.07465686649084091,
                    0.9486588835716248,
                    1.1383906602859497
                ],
                [
                    2.1170144748339226e-08,
                    0.9969176650047302,
                    0.07845471054315567,
                    0.09414573013782501
                ],
                [
                    0,
                    0,
                    0,
                    1
                ]
            ]
        },
        {
            "file_path": "002.png",
            "transform_matrix": [
                [
                    0.9911604523658752,
                    0.05463574826717377,
                    -0.12089644372463226,
                    -0.1450757086277008
                ],
                [
                    -0.13266882300376892,
                    0.4081801474094391,
                    -0.9032099843025208,
                    -1.0838518142700195
                ],
                [
                    9.920868571100527e-09,
                    0.9112651944160461,
                    0.4118204712867737,
                    0.4941846430301666
                ],
                [
                    0,
                    0,
                    0,
                    1
                ]
            ]
        },
        {
            "file_path": "003.png",
            "transform_matrix": [
                [
                    0.9960850477218628,
                    0.003054134314879775,
                    -0.08834736049175262,
                    -0.10601682960987091
                ],
                [
                    -0.08840013295412064,
                    0.03441362828016281,
                    -0.9954904913902283,
                    -1.194588541984558
                ],
                [
                    -1.0074288070427428e-09,
                    0.9994031190872192,
                    0.034548886120319366,
                    0.041458867490291595
                ],
                [
                    0,
                    0,
                    0,
                    1
                ]
            ]
        },
        {
            "file_path": "004.png",
            "transform_matrix": [
                [
                    0.9940250515937805,
                    0.014418262988328934,
                    -0.10819578915834427,
                    -0.12983492016792297
                ],
                [
                    -0.10915225744247437,
                    0.13130368292331696,
                    -0.9853149652481079,
                    -1.1823776960372925
                ],
                [
                    3.594680109131332e-10,
                    0.9912375211715698,
                    0.1320929229259491,
                    0.1585116684436798
                ],
                [
                    0,
                    0,
                    0,
                    1
                ]
            ]
        },
        {
            "file_path": "005.png",
            "transform_matrix": [
                [
                    0.9684924483299255,
                    -0.0435808040201664,
                    0.24520009756088257,
                    0.2942401170730591
                ],
                [
                    0.24904291331768036,
                    0.1694795787334442,
                    -0.9535483121871948,
                    -1.14425790309906
                ],
                [
                    -1.2859151965471938e-08,
                    0.9845696687698364,
                    0.17499318718910217,
                    0.20999178290367126
                ],
                [
                    0,
                    0,
                    0,
                    1
                ]
            ]
        }
    ]
}