{
    "camera_angle_x": 0.8575560450553894,
    "aabb": [
        [
            -0.35,
            -0.35,
            -0.35
        ],
        [
            0.35,
            0.35,
            0.35
        ]
    ],
    "frames": [
        {
            "file_path": "000.png",
            "transform_matrix": [
                [
                    -0.5926599502563477,
                    0.15880398452281952,
                    -0.7896427512168884,
                    -0.9475712180137634
                ],
                [
                    -0.8054528832435608,
                    -0.11684953421354294,
                    0.5810266137123108,
                    0.6972320079803467
                ],
                [
                    -1.2331469179116539e-09,
                    0.9803711771965027,
                    0.19716106355190277,
                    0.23659338057041168
                ],
                [
                    0,
                    0,
                    0,
                    1
                ]
            ]
        },
        {
            "file_path": "001.png",
            "transform_matrix": [
                [
                    -0.9116051197052002,
                    0.04877690598368645,
                    -0.4081628918647766,
                    -0.4897954761981964
                ],
                [
                    -0.41106706857681274,
                    -0.10817040503025055,
                    0.9051646590232849,
                    1.0861976146697998
                ],
                [
                    -7.876145957652625e-09,
                    0.992935061454773,
                    0.11865925043821335,
                    0.14239105582237244
                ],
                [
                    0,
                    0,
                    0,
                    1
                ]
            ]
        },
        {
            "file_path": "002.png",
            "transform_matrix": [
                [
                    0.9590438008308411,
                    0.04029473662376404,
                    -0.28037720918655396,
                    -0.3364526033401489
                ],
                [
                    -0.2832579016685486,
                    0.13642825186252594,
                    -0.9492905139923096,
                    -1.139148473739624
                ],
                [
                    -1.262640569876794e-08,
                    0.9898301959037781,
                    0.14225445687770844,
                    0.17070552706718445
                ],
                [
                    0,
                    0,
                    0,
                    1
                ]
            ]
        },
        {
            "file_path": "003.png",
            "transform_matrix": [
                [
                    0.68414306640625,
                    -0.20509542524814606,
                    0.699917197227478,
                    0.8399006724357605
                ],
                [
                    0.729347825050354,
                    0.19238364696502686,
                    -0.6565365791320801,
                    -0.7878440022468567
                ],
                [
                    3.340700516218931e-08,
                    0.9596480131149292,
                    0.28120383620262146,
                    0.33744457364082336
                ],
                [
                    0,
                    0,
                    0,
                    1
                ]
            ]
        },
        {
            "file_path": "004.png",
            "transform_matrix": [
                [
                    -0.5600071549415588,
                    0.09529658406972885,
                    -0.8229888081550598,
                    -0.9875866174697876
                ],
                [
                    -0.828487753868103,
                    -0.06441467255353928,
                    0.5562901496887207,
                    0.6675481796264648
                ],
                [
                    -1.2226166745676892e-09,
                    0.9933626055717468,
                    0.11502473801374435,
                    0.13802967965602875
                ],
                [
                    0,
                    0,
                    0,
                    1
                ]
            ]
        },
        {
            "file_path": "005.png",
            "transform_matrix": [
                [
                    -0.8677672147750854,
                    -0.10961734503507614,
                    0.48473110795021057,
                    0.5816773176193237
                ],
                [
                    0.4969710111618042,
                    -0.19140413403511047,
                    0.8463948965072632,
                    1.0156738758087158
                ],
                [
                    -3.746558974171421e-08,
                    0.9753710031509399,
                    0.22057081758975983,
                    0.26468515396118164
                ],
                [
                    0,
                    0,
                    0,
                    1
                ]
            ]
        }
    ]
}