{
    "camera_angle_x": 0.8575560450553894,
    "aabb": [
        [
            -0.35,
            -0.35,
            -0.35
        ],
        [
            0.35,
            0.35,
            0.35
        ]
    ],
    "frames": [
        {
            "file_path": "000.png",
            "transform_matrix": [
                [
                    0.7142111659049988,
                    -0.32352113723754883,
                    0.6206742525100708,
                    0.7448091506958008
                ],
                [
                    0.6999303102493286,
                    0.3301220238208771,
                    -0.6333380341529846,
                    -0.7600056529045105
                ],
                [
                    -2.8177771227433368e-08,
                    0.8867657780647278,
                    0.4622190594673157,
                    0.5546628832817078
                ],
                [
                    0,
                    0,
                    0,
                    1
                ]
            ]
        },
        {
            "file_path": "001.png",
            "transform_matrix": [
                [
                    -0.6264715194702148,
                    0.22423173487186432,
                    -0.7464941740036011,
                    -0.8957930207252502
                ],
                [
                    -0.7794442772865295,
                    -0.18022426962852478,
                    0.5999881625175476,
                    0.719985842704773
                ],
                [
                    6.3236278435852e-09,
                    0.9577261209487915,
                    0.28768154978752136,
                    0.34521788358688354
                ],
                [
                    0,
                    0,
                    0,
                    1
                ]
            ]
        },
        {
            "file_path": "002.png",
            "transform_matrix": [
                [
                    0.5832778811454773,
                    -0.09854777902364731,
                    0.8062724471092224,
                    0.967526912689209
                ],
                [
                    0.8122726678848267,
                    0.07076536118984222,
                    -0.5789692401885986,
                    -0.6947631239891052
                ],
                [
                    -4.176730783456151e-08,
                    0.9926130175590515,
                    0.12132353335618973,
                    0.14558829367160797
                ],
                [
                    0,
                    0,
                    0,
                    1
                ]
            ]
        },
        {
            "file_path": "003.png",
            "transform_matrix": [
                [
                    -0.93329918384552,
                    0.05865766108036041,
                    -0.35427695512771606,
                    -0.4251323938369751
                ],
                [
                    -0.3591001033782959,
                    -0.15245097875595093,
                    0.9207637906074524,
                    1.1049165725708008
                ],
                [
                    7.456248951598354e-09,
                    0.9865688681602478,
                    0.16334618628025055,
                    0.19601553678512573
                ],
                [
                    0,
                    0,
                    0,
                    1
                ]
            ]
        },
        {
            "file_path": "004.png",
            "transform_matrix": [
                [
                    0.8506810069084167,
                    -0.03181653097271919,
                    0.5247185826301575,
                    0.6296623349189758
                ],
                [
                    0.5256823301315308,
                    0.051486797630786896,
                    -0.8491215109825134,
                    -1.0189458131790161
                ],
                [
                    -2.0462032068735425e-09,
                    0.9981667399406433,
                    0.06052422150969505,
                    0.07262919098138809
                ],
                [
                    0,
                    0,
                    0,
                    1
                ]
            ]
        },
        {
            "file_path": "005.png",
            "transform_matrix": [
                [
                    -0.7936320900917053,
                    -0.028343241661787033,
                    0.6077376008033752,
                    0.7292851209640503
                ],
                [
                    0.6083981990814209,
                    -0.036972712725400925,
                    0.7927703261375427,
                    0.9513243436813354
                ],
                [
                    -2.2313326297762615e-08,
                    0.998914361000061,
                    0.04658655822277069,
                    0.05590401589870453
                ],
                [
                    0,
                    0,
                    0,
                    1
                ]
            ]
        }
    ]
}