{
    "camera_angle_x": 0.8575560450553894,
    "aabb": [
        [
            -0.35,
            -0.35,
            -0.35
        ],
        [
            0.35,
            0.35,
            0.35
        ]
    ],
    "frames": [
        {
            "file_path": "000.png",
            "transform_matrix": [
                [
                    -0.9715448617935181,
                    0.0926750898361206,
                    -0.2179723083972931,
                    -0.26156675815582275
                ],
                [
                    -0.2368556410074234,
                    -0.38013869524002075,
                    0.8940883874893188,
                    1.0729060173034668
                ],
                [
                    1.603360466617687e-08,
                    0.9202749133110046,
                    0.3912723660469055,
                    0.4695269763469696
                ],
                [
                    0,
                    0,
                    0,
                    1
                ]
            ]
        },
        {
            "file_path": "001.png",
            "transform_matrix": [
                [
                    0.2405167520046234,
                    0.11171795427799225,
                    -0.9641944766044617,
                    -1.1570332050323486
                ],
                [
                    -0.9706450700759888,
                    0.027682457119226456,
                    -0.2389184981584549,
                    -0.2867022454738617
                ],
                [
                    -8.459670652882778e-08,
                    0.9933544397354126,
                    0.11509646475315094,
                    0.1381160169839859
                ],
                [
                    0,
                    0,
                    0,
                    1
                ]
            ]
        },
        {
            "file_path": "002.png",
            "transform_matrix": [
                [
                    0.823176383972168,
                    -0.01788700744509697,
                    0.5675039887428284,
                    0.6810047626495361
                ],
                [
                    0.5677857995033264,
                    0.025932414457201958,
                    -0.8227678537368774,
                    -0.9873213768005371
                ],
                [
                    5.3480555095575255e-08,
                    0.9995037317276001,
                    0.031502921134233475,
                    0.037803735584020615
                ],
                [
                    0,
                    0,
                    0,
                    1
                ]
            ]
        },
        {
            "file_path": "003.png",
            "transform_matrix": [
                [
                    -0.017774606123566628,
                    -0.08075080066919327,
                    0.9965758323669434,
                    1.19589102268219
                ],
                [
                    0.9998420476913452,
                    -0.001435540965758264,
                    0.017716512084007263,
                    0.021259857341647148
                ],
                [
                    -2.8966880449843302e-08,
                    0.9967333078384399,
                    0.08076352626085281,
                    0.09691618382930756
                ],
                [
                    0,
                    0,
                    0,
                    1
                ]
            ]
        },
        {
            "file_path": "004.png",
            "transform_matrix": [
                [
                    -0.7569597959518433,
                    0.03394685313105583,
                    -0.652579128742218,
                    -0.7830950021743774
                ],
                [
                    -0.6534614562988281,
                    -0.03932353854179382,
                    0.7559376955032349,
                    0.9071252942085266
                ],
                [
                    -5.588288942703912e-09,
                    0.9986497163772583,
                    0.05194927752017975,
                    0.062339138239622116
                ],
                [
                    0,
                    0,
                    0,
                    1
                ]
            ]
        },
        {
            "file_path": "005.png",
            "transform_matrix": [
                [
                    -0.8984480500221252,
                    -0.1856735497713089,
                    0.39789018034935,
                    0.47746822237968445
                ],
                [
                    0.43908002972602844,
                    -0.37992629408836365,
                    0.8141651153564453,
                    0.9769981503486633
                ],
                [
                    2.4427997402654e-09,
                    0.9061906337738037,
                    0.422869473695755,
                    0.5074433088302612
                ],
                [
                    0,
                    0,
                    0,
                    1
                ]
            ]
        }
    ]
}