{
    "camera_angle_x": 0.8575560450553894,
    "aabb": [
        [
            -0.35,
            -0.35,
            -0.35
        ],
        [
            0.35,
            0.35,
            0.35
        ]
    ],
    "frames": [
        {
            "file_path": "000.png",
            "transform_matrix": [
                [
                    -0.5703436732292175,
                    -0.06986653059720993,
                    0.8184295296669006,
                    0.9821154475212097
                ],
                [
                    0.8214062452316284,
                    -0.04851184040307999,
                    0.5682767629623413,
                    0.6819320917129517
                ],
                [
                    -4.2055553706177307e-08,
                    0.996376097202301,
                    0.08505713939666748,
                    0.10206863284111023
                ],
                [
                    0,
                    0,
                    0,
                    1
                ]
            ]
        },
        {
            "file_path": "001.png",
            "transform_matrix": [
                [
                    0.5307355523109436,
                    -0.3413298428058624,
                    0.7757665514945984,
                    0.930919885635376
                ],
                [
                    0.8475375175476074,
                    0.21374370157718658,
                    -0.48579198122024536,
                    -0.5829504132270813
                ],
                [
                    6.224276205557544e-08,
                    0.9153183102607727,
                    0.40273118019104004,
                    0.48327744007110596
                ],
                [
                    0,
                    0,
                    0,
                    1
                ]
            ]
        },
        {
            "file_path": "002.png",
            "transform_matrix": [
                [
                    0.49021226167678833,
                    0.18700353801250458,
                    -0.8513058423995972,
                    -1.0215669870376587
                ],
                [
                    -0.8716030716896057,
                    0.10517559945583344,
                    -0.4787965714931488,
                    -0.5745559334754944
                ],
                [
                    -3.622080058107713e-08,
                    0.9767127633094788,
                    0.21455122530460358,
                    0.2574615478515625
                ],
                [
                    0,
                    0,
                    0,
                    1
                ]
            ]
        },
        {
            "file_path": "003.png",
            "transform_matrix": [
                [
                    0.5688192844390869,
                    -0.05893675237894058,
                    0.8203482031822205,
                    0.984417736530304
                ],
                [
                    0.8224625587463379,
                    0.040760885924100876,
                    -0.5673570036888123,
                    -0.6808284521102905
                ],
                [
                    1.7251664985451498e-08,
                    0.9974292516708374,
                    0.07165882736444473,
                    0.0859907865524292
                ],
                [
                    0,
                    0,
                    0,
                    1
                ]
            ]
        },
        {
            "file_path": "004.png",
            "transform_matrix": [
                [
                    -0.9274085164070129,
                    -0.06934171169996262,
                    0.36756640672683716,
                    0.4410797357559204
                ],
                [
                    0.37404993176460266,
                    -0.17192386090755463,
                    0.9113335609436035,
                    1.0936002731323242
                ],
                [
                    1.4564205841338662e-08,
                    0.9826667308807373,
                    0.1853809356689453,
                    0.22245699167251587
                ],
                [
                    0,
                    0,
                    0,
                    1
                ]
            ]
        },
        {
            "file_path": "005.png",
            "transform_matrix": [
                [
                    -0.8956103324890137,
                    0.12115809321403503,
                    -0.4280225336551666,
                    -0.5136269927024841
                ],
                [
                    -0.4448399245738983,
                    -0.24393154680728912,
                    0.8617511987686157,
                    1.0341013669967651
                ],
                [
                    -8.218563607442775e-09,
                    0.9621946215629578,
                    0.2723632752895355,
                    0.32683610916137695
                ],
                [
                    0,
                    0,
                    0,
                    1
                ]
            ]
        }
    ]
}