{
    "camera_angle_x": 0.8575560450553894,
    "aabb": [
        [
            -0.35,
            -0.35,
            -0.35
        ],
        [
            0.35,
            0.35,
            0.35
        ]
    ],
    "frames": [
        {
            "file_path": "000.png",
            "transform_matrix": [
                [
                    -0.6992394924163818,
                    -0.2754470109939575,
                    0.6596918106079102,
                    0.7916301488876343
                ],
                [
                    0.7148876786231995,
                    -0.26941773295402527,
                    0.6452518105506897,
                    0.7743021249771118
                ],
                [
                    -4.5615141885946286e-08,
                    0.9227910041809082,
                    0.38530102372169495,
                    0.4623613953590393
                ],
                [
                    0,
                    0,
                    0,
                    1
                ]
            ]
        },
        {
            "file_path": "001.png",
            "transform_matrix": [
                [
                    0.9865590929985046,
                    0.06739717721939087,
                    -0.14885839819908142,
                    -0.17863008379936218
                ],
                [
                    -0.16340503096580505,
                    0.40691086649894714,
                    -0.8987337946891785,
                    -1.0784804821014404
                ],
                [
                    -1.0426292718079821e-08,
                    0.9109781384468079,
                    0.41245463490486145,
                    0.4949456751346588
                ],
                [
                    0,
                    0,
                    0,
                    1
                ]
            ]
        },
        {
            "file_path": "002.png",
            "transform_matrix": [
                [
                    0.8305476903915405,
                    -0.049868881702423096,
                    0.5547103881835938,
                    0.6656525135040283
                ],
                [
                    0.5569475293159485,
                    0.07436683028936386,
                    -0.8272116184234619,
                    -0.9926539659500122
                ],
                [
                    4.223888794285813e-08,
                    0.9959833025932312,
                    0.0895395427942276,
                    0.1074475571513176
                ],
                [
                    0,
                    0,
                    0,
                    1
                ]
            ]
        },
        {
            "file_path": "003.png",
            "transform_matrix": [
                [
                    0.002559608081355691,
                    -0.20811650156974792,
                    0.9781007766723633,
                    1.1737209558486938
                ],
                [
                    0.9999967813491821,
                    0.0005326531245373189,
                    -0.0025036255829036236,
                    -0.0030043211299926043
                ],
                [
                    -7.13090386739168e-09,
                    0.9781039953231812,
                    0.20811711251735687,
                    0.24974055588245392
                ],
                [
                    0,
                    0,
                    0,
                    1
                ]
            ]
        },
        {
            "file_path": "004.png",
            "transform_matrix": [
                [
                    -0.7754964232444763,
                    -0.12773779034614563,
                    0.618294894695282,
                    0.7419539093971252
                ],
                [
                    0.6313521265983582,
                    -0.15690170228481293,
                    0.7594580054283142,
                    0.9113495945930481
                ],
                [
                    -9.814076662451043e-09,
                    0.9793186783790588,
                    0.20232409238815308,
                    0.2427891194820404
                ],
                [
                    0,
                    0,
                    0,
                    1
                ]
            ]
        },
        {
            "file_path": "005.png",
            "transform_matrix": [
                [
                    -0.9966892600059509,
                    -0.017498422414064407,
                    0.07940321415662766,
                    0.0952838584780693
                ],
                [
                    0.08130846172571182,
                    -0.21449795365333557,
                    0.9733344316482544,
                    1.1680011749267578
                ],
                [
                    1.6543402203694768e-09,
                    0.9765678644180298,
                    0.21521027386188507,
                    0.25825250148773193
                ],
                [
                    0,
                    0,
                    0,
                    1
                ]
            ]
        }
    ]
}