{
    "camera_angle_x": 0.8575560450553894,
    "aabb": [
        [
            -0.35,
            -0.35,
            -0.35
        ],
        [
            0.35,
            0.35,
            0.35
        ]
    ],
    "frames": [
        {
            "file_path": "000.png",
            "transform_matrix": [
                [
                    0.015177259221673012,
                    0.19005168974399567,
                    -0.9816566705703735,
                    -1.1779881715774536
                ],
                [
                    -0.9998847246170044,
                    0.0028847495559602976,
                    -0.014900510199368,
                    -0.017880747094750404
                ],
                [
                    -1.2156797879470105e-07,
                    0.9817697405815125,
                    0.1900736689567566,
                    0.22808827459812164
                ],
                [
                    0,
                    0,
                    0,
                    1
                ]
            ]
        },
        {
            "file_path": "001.png",
            "transform_matrix": [
                [
                    0.7587438225746155,
                    0.021126046776771545,
                    -0.6510465145111084,
                    -0.781255841255188
                ],
                [
                    -0.6513891816139221,
                    0.02460780367255211,
                    -0.7583447098731995,
                    -0.9100136160850525
                ],
                [
                    3.312825924695062e-08,
                    0.9994739890098572,
                    0.03243228420615196,
                    0.03891874849796295
                ],
                [
                    0,
                    0,
                    0,
                    1
                ]
            ]
        },
        {
            "file_path": "002.png",
            "transform_matrix": [
                [
                    0.2334897816181183,
                    0.1402207612991333,
                    -0.9621956944465637,
                    -1.1546348333358765
                ],
                [
                    -0.9723592400550842,
                    0.03367074579000473,
                    -0.23104922473430634,
                    -0.2772592306137085
                ],
                [
                    -9.032596892666334e-08,
                    0.9895475506782532,
                    0.14420676231384277,
                    0.173048198223114
                ],
                [
                    0,
                    0,
                    0,
                    1
                ]
            ]
        },
        {
            "file_path": "003.png",
            "transform_matrix": [
                [
                    -0.9763778448104858,
                    0.07565057277679443,
                    -0.2023944854736328,
                    -0.24287335574626923
                ],
                [
                    -0.21607066690921783,
                    -0.3418489992618561,
                    0.9145779609680176,
                    1.0974935293197632
                ],
                [
                    3.492446332131749e-09,
                    0.9367050528526306,
                    0.35011953115463257,
                    0.42014357447624207
                ],
                [
                    0,
                    0,
                    0,
                    1
                ]
            ]
        },
        {
            "file_path": "004.png",
            "transform_matrix": [
                [
                    0.282738596200943,
                    0.4056982398033142,
                    -0.8691765069961548,
                    -1.0430119037628174
                ],
                [
                    -0.9591969847679138,
                    0.1195860505104065,
                    -0.2562035918235779,
                    -0.30744433403015137
                ],
                [
                    3.248516478038255e-08,
                    0.9061501622200012,
                    0.4229561388492584,
                    0.5075474381446838
                ],
                [
                    0,
                    0,
                    0,
                    1
                ]
            ]
        },
        {
            "file_path": "005.png",
            "transform_matrix": [
                [
                    -0.8097115755081177,
                    -0.18844592571258545,
                    0.5557477474212646,
                    0.6668972373008728
                ],
                [
                    0.5868282318115234,
                    -0.26001960039138794,
                    0.766826331615448,
                    0.9201915860176086
                ],
                [
                    -2.893045980556508e-08,
                    0.9470365047454834,
                    0.32112613320350647,
                    0.3853514492511749
                ],
                [
                    0,
                    0,
                    0,
                    1
                ]
            ]
        }
    ]
}