{
    "camera_angle_x": 0.8575560450553894,
    "aabb": [
        [
            -0.35,
            -0.35,
            -0.35
        ],
        [
            0.35,
            0.35,
            0.35
        ]
    ],
    "frames": [
        {
            "file_path": "000.png",
            "transform_matrix": [
                [
                    0.5512833595275879,
                    0.08692612498998642,
                    -0.8297774195671082,
                    -0.9957327842712402
                ],
                [
                    -0.8343181014060974,
                    0.057437073439359665,
                    -0.5482832193374634,
                    -0.6579397916793823
                ],
                [
                    -4.6701252642833424e-08,
                    0.9945577383041382,
                    0.10418808460235596,
                    0.12502585351467133
                ],
                [
                    0,
                    0,
                    0,
                    1
                ]
            ]
        },
        {
            "file_path": "001.png",
            "transform_matrix": [
                [
                    0.30458447337150574,
                    0.29364603757858276,
                    -0.9060907363891602,
                    -1.0873087644577026
                ],
                [
                    -0.9524853825569153,
                    0.09390158951282501,
                    -0.28974854946136475,
                    -0.34769830107688904
                ],
                [
                    -8.715325350294734e-08,
                    0.951291024684906,
                    0.3082944452762604,
                    0.369953453540802
                ],
                [
                    0,
                    0,
                    0,
                    1
                ]
            ]
        },
        {
            "file_path": "002.png",
            "transform_matrix": [
                [
                    0.978565514087677,
                    -0.10200625658035278,
                    0.1788972020149231,
                    0.2146766483783722
                ],
                [
                    0.20593564212322235,
                    0.4847135543823242,
                    -0.8500843048095703,
                    -1.0201011896133423
                ],
                [
                    8.015589969545545e-09,
                    0.8687045574188232,
                    0.49533069133758545,
                    0.5943968296051025
                ],
                [
                    0,
                    0,
                    0,
                    1
                ]
            ]
        },
        {
            "file_path": "003.png",
            "transform_matrix": [
                [
                    0.940585196018219,
                    -0.0070776911452412605,
                    0.33948394656181335,
                    0.40738072991371155
                ],
                [
                    0.3395577371120453,
                    0.01960539072751999,
                    -0.940380871295929,
                    -1.1284570693969727
                ],
                [
                    2.9449562788386174e-09,
                    0.9997827410697937,
                    0.02084382437169552,
                    0.02501262165606022
                ],
                [
                    0,
                    0,
                    0,
                    1
                ]
            ]
        },
        {
            "file_path": "004.png",
            "transform_matrix": [
                [
                    -0.9997960329055786,
                    -0.0029731355607509613,
                    0.019980134442448616,
                    0.023976163938641548
                ],
                [
                    0.020200131461024284,
                    -0.14715394377708435,
                    0.9889073371887207,
                    1.1866888999938965
                ],
                [
                    -8.907745097097575e-10,
                    0.9891091585159302,
                    0.14718389511108398,
                    0.17662078142166138
                ],
                [
                    0,
                    0,
                    0,
                    1
                ]
            ]
        },
        {
            "file_path": "005.png",
            "transform_matrix": [
                [
                    0.4867743253707886,
                    -0.18195833265781403,
                    0.8543664216995239,
                    1.0252397060394287
                ],
                [
                    0.8735277652740479,
                    0.10139644145965576,
                    -0.47609663009643555,
                    -0.5713160037994385
                ],
                [
                    1.930459703203269e-08,
                    0.9780644178390503,
                    0.2083028256893158,
                    0.2499634176492691
                ],
                [
                    0,
                    0,
                    0,
                    1
                ]
            ]
        }
    ]
}