{
    "camera_angle_x": 0.8575560450553894,
    "aabb": [
        [
            -0.35,
            -0.35,
            -0.35
        ],
        [
            0.35,
            0.35,
            0.35
        ]
    ],
    "frames": [
        {
            "file_path": "000.png",
            "transform_matrix": [
                [
                    -0.7259384393692017,
                    0.3390219211578369,
                    -0.5983960032463074,
                    -0.7180752158164978
                ],
                [
                    -0.6877598762512207,
                    -0.3578416407108307,
                    0.6316137313842773,
                    0.757936418056488
                ],
                [
                    -5.1199769757204194e-08,
                    0.8700653314590454,
                    0.49293649196624756,
                    0.5915237665176392
                ],
                [
                    0,
                    0,
                    0,
                    1
                ]
            ]
        },
        {
            "file_path": "001.png",
            "transform_matrix": [
                [
                    -0.2283480167388916,
                    -0.3998027443885803,
                    0.8877019882202148,
                    1.0652425289154053
                ],
                [
                    0.973579466342926,
                    -0.09377176314592361,
                    0.20820589363574982,
                    0.24984709918498993
                ],
                [
                    1.465893006979968e-07,
                    0.9117919206619263,
                    0.4106524586677551,
                    0.4927828907966614
                ],
                [
                    0,
                    0,
                    0,
                    1
                ]
            ]
        },
        {
            "file_path": "002.png",
            "transform_matrix": [
                [
                    -0.9830260276794434,
                    0.057682715356349945,
                    -0.1741628795862198,
                    -0.20899546146392822
                ],
                [
                    -0.18346664309501648,
                    -0.30906766653060913,
                    0.9331759214401245,
                    1.1198110580444336
                ],
                [
                    1.2163523521735442e-08,
                    0.9492892026901245,
                    0.31440427899360657,
                    0.3772851824760437
                ],
                [
                    0,
                    0,
                    0,
                    1
                ]
            ]
        },
        {
            "file_path": "003.png",
            "transform_matrix": [
                [
                    -0.6235590577125549,
                    -0.2589951753616333,
                    0.7376284003257751,
                    0.885154128074646
                ],
                [
                    0.7817763090133667,
                    -0.2065792977809906,
                    0.5883458852767944,
                    0.7060149908065796
                ],
                [
                    1.0943779216177063e-08,
                    0.9435287714004517,
                    0.33129066228866577,
                    0.3975488543510437
                ],
                [
                    0,
                    0,
                    0,
                    1
                ]
            ]
        },
        {
            "file_path": "004.png",
            "transform_matrix": [
                [
                    0.9367287158966064,
                    0.03190174698829651,
                    -0.34859952330589294,
                    -0.418319433927536
                ],
                [
                    -0.3500562012195587,
                    0.0853671208024025,
                    -0.9328306913375854,
                    -1.1193969249725342
                ],
                [
                    2.574243318509417e-10,
                    0.9958387017250061,
                    0.0911332368850708,
                    0.10935986042022705
                ],
                [
                    0,
                    0,
                    0,
                    1
                ]
            ]
        },
        {
            "file_path": "005.png",
            "transform_matrix": [
                [
                    0.9494723081588745,
                    -0.02567051351070404,
                    0.312799334526062,
                    0.3753591775894165
                ],
                [
                    0.31385090947151184,
                    0.07765916734933853,
                    -0.9462910890579224,
                    -1.1355493068695068
                ],
                [
                    1.2262726833967008e-08,
                    0.9966495037078857,
                    0.0817919373512268,
                    0.09815048426389694
                ],
                [
                    0,
                    0,
                    0,
                    1
                ]
            ]
        }
    ]
}