{
    "camera_angle_x": 0.8575560450553894,
    "aabb": [
        [
            -0.35,
            -0.35,
            -0.35
        ],
        [
            0.35,
            0.35,
            0.35
        ]
    ],
    "frames": [
        {
            "file_path": "000.png",
            "transform_matrix": [
                [
                    0.5255300402641296,
                    -0.2780223786830902,
                    0.8040657043457031,
                    0.9648788571357727
                ],
                [
                    0.8507750034332275,
                    0.17173653841018677,
                    -0.49667733907699585,
                    -0.5960128903388977
                ],
                [
                    -3.9934949569442324e-08,
                    0.9450979232788086,
                    0.32678720355033875,
                    0.39214465022087097
                ],
                [
                    0,
                    0,
                    0,
                    1
                ]
            ]
        },
        {
            "file_path": "001.png",
            "transform_matrix": [
                [
                    0.26702165603637695,
                    0.15155424177646637,
                    -0.9516988396644592,
                    -1.1420387029647827
                ],
                [
                    -0.9636905193328857,
                    0.041993021965026855,
                    -0.263698935508728,
                    -0.31643879413604736
                ],
                [
                    -1.612293232255979e-08,
                    0.987556517124176,
                    0.15726445615291595,
                    0.1887172907590866
                ],
                [
                    0,
                    0,
                    0,
                    1
                ]
            ]
        },
        {
            "file_path": "002.png",
            "transform_matrix": [
                [
                    0.8944063782691956,
                    -0.004287532530725002,
                    0.44723471999168396,
                    0.5366816520690918
                ],
                [
                    0.44725528359413147,
                    0.008573981001973152,
                    -0.8943653702735901,
                    -1.0732383728027344
                ],
                [
                    -1.3730360848285272e-08,
                    0.9999541640281677,
                    0.009586231783032417,
                    0.011503651738166809
                ],
                [
                    0,
                    0,
                    0,
                    1
                ]
            ]
        },
        {
            "file_path": "003.png",
            "transform_matrix": [
                [
                    0.8715957403182983,
                    0.06602790206670761,
                    -0.48575839400291443,
                    -0.5829101204872131
                ],
                [
                    -0.4902253746986389,
                    0.11739418655633926,
                    -0.8636537790298462,
                    -1.0363844633102417
                ],
                [
                    1.3934098319623445e-09,
                    0.9908879995346069,
                    0.13468880951404572,
                    0.16162656247615814
                ],
                [
                    0,
                    0,
                    0,
                    1
                ]
            ]
        },
        {
            "file_path": "004.png",
            "transform_matrix": [
                [
                    -0.535733163356781,
                    0.21621891856193542,
                    -0.816234827041626,
                    -0.9794818758964539
                ],
                [
                    -0.8443873524665833,
                    -0.13718312978744507,
                    0.5178714394569397,
                    0.6214457750320435
                ],
                [
                    -4.6122984542762424e-08,
                    0.9666593074798584,
                    0.25606608390808105,
                    0.30727922916412354
                ],
                [
                    0,
                    0,
                    0,
                    1
                ]
            ]
        },
        {
            "file_path": "005.png",
            "transform_matrix": [
                [
                    0.9677646160125732,
                    0.043930210173130035,
                    -0.2479955554008484,
                    -0.29759469628334045
                ],
                [
                    -0.25185641646385193,
                    0.16880299150943756,
                    -0.9529290795326233,
                    -1.1435149908065796
                ],
                [
                    1.2689863382320254e-08,
                    0.9846703410148621,
                    0.1744256615638733,
                    0.20931068062782288
                ],
                [
                    0,
                    0,
                    0,
                    1
                ]
            ]
        }
    ]
}