{
    "camera_angle_x": 0.8575560450553894,
    "aabb": [
        [
            -0.35,
            -0.35,
            -0.35
        ],
        [
            0.35,
            0.35,
            0.35
        ]
    ],
    "frames": [
        {
            "file_path": "000.png",
            "transform_matrix": [
                [
                    -0.5673824548721313,
                    -0.22433249652385712,
                    0.7923082113265991,
                    0.95076984167099
                ],
                [
                    0.8234545588493347,
                    -0.15457123517990112,
                    0.5459217429161072,
                    0.6551060676574707
                ],
                [
                    1.3508859808553098e-08,
                    0.9621760845184326,
                    0.2724284529685974,
                    0.32691434025764465
                ],
                [
                    0,
                    0,
                    0,
                    1
                ]
            ]
        },
        {
            "file_path": "001.png",
            "transform_matrix": [
                [
                    -0.8183795809745789,
                    -0.028441132977604866,
                    0.5739737153053284,
                    0.6887685060501099
                ],
                [
                    0.5746778845787048,
                    -0.04050207883119583,
                    0.8173767924308777,
                    0.9808521866798401
                ],
                [
                    2.3586377295714556e-08,
                    0.998774528503418,
                    0.04949063062667847,
                    0.05938861891627312
                ],
                [
                    0,
                    0,
                    0,
                    1
                ]
            ]
        },
        {
            "file_path": "002.png",
            "transform_matrix": [
                [
                    -0.7691696286201477,
                    0.030505388975143433,
                    -0.6383160948753357,
                    -0.7659794092178345
                ],
                [
                    -0.6390446424484253,
                    -0.036717019975185394,
                    0.7682927846908569,
                    0.9219513535499573
                ],
                [
                    -1.8501324916542217e-09,
                    0.9988600015640259,
                    0.04773593693971634,
                    0.05728314816951752
                ],
                [
                    0,
                    0,
                    0,
                    1
                ]
            ]
        },
        {
            "file_path": "003.png",
            "transform_matrix": [
                [
                    -0.9489488005638123,
                    0.030677877366542816,
                    -0.31393522024154663,
                    -0.3767222464084625
                ],
                [
                    -0.31543058156967163,
                    -0.09229205548763275,
                    0.9444500207901001,
                    1.1333400011062622
                ],
                [
                    1.4971533346397337e-08,
                    0.9952593445777893,
                    0.09725704044103622,
                    0.11670862138271332
                ],
                [
                    0,
                    0,
                    0,
                    1
                ]
            ]
        },
        {
            "file_path": "004.png",
            "transform_matrix": [
                [
                    0.9486615061759949,
                    -0.047431714832782745,
                    0.3127165138721466,
                    0.3752596974372864
                ],
                [
                    0.3162931799888611,
                    0.14226225018501282,
                    -0.9379341006278992,
                    -1.1255207061767578
                ],
                [
                    1.4580752605297675e-08,
                    0.988692045211792,
                    0.14996103942394257,
                    0.17995359003543854
                ],
                [
                    0,
                    0,
                    0,
                    1
                ]
            ]
        },
        {
            "file_path": "005.png",
            "transform_matrix": [
                [
                    0.6655476689338684,
                    -0.25580111145973206,
                    0.7011505961418152,
                    0.8413806557655334
                ],
                [
                    0.7463553547859192,
                    0.22810561954975128,
                    -0.625237226486206,
                    -0.7502846121788025
                ],
                [
                    -4.675061404668668e-08,
                    0.9394326210021973,
                    0.3427336812019348,
                    0.41128042340278625
                ],
                [
                    0,
                    0,
                    0,
                    1
                ]
            ]
        }
    ]
}