{
    "camera_angle_x": 0.8575560450553894,
    "aabb": [
        [
            -0.35,
            -0.35,
            -0.35
        ],
        [
            0.35,
            0.35,
            0.35
        ]
    ],
    "frames": [
        {
            "file_path": "000.png",
            "transform_matrix": [
                [
                    -0.8908661007881165,
                    -0.012381141074001789,
                    0.4540974795818329,
                    0.5449169874191284
                ],
                [
                    0.4542662501335144,
                    -0.024280786514282227,
                    0.8905350565910339,
                    1.0686421394348145
                ],
                [
                    -1.8592611894518996e-08,
                    0.9996285438537598,
                    0.027255166321992874,
                    0.03270634263753891
                ],
                [
                    0,
                    0,
                    0,
                    1
                ]
            ]
        },
        {
            "file_path": "001.png",
            "transform_matrix": [
                [
                    0.39333435893058777,
                    0.37260502576828003,
                    -0.8405079245567322,
                    -1.008609652519226
                ],
                [
                    -0.9193954467773438,
                    0.1594073623418808,
                    -0.359584778547287,
                    -0.43150174617767334
                ],
                [
                    3.075124510587557e-08,
                    0.914196252822876,
                    0.4052717685699463,
                    0.4863260090351105
                ],
                [
                    0,
                    0,
                    0,
                    1
                ]
            ]
        },
        {
            "file_path": "002.png",
            "transform_matrix": [
                [
                    -0.9018819332122803,
                    0.18844828009605408,
                    -0.388711154460907,
                    -0.46645334362983704
                ],
                [
                    -0.43198278546333313,
                    -0.3934372067451477,
                    0.8115406036376953,
                    0.9738487005233765
                ],
                [
                    1.9923955818512695e-08,
                    0.8998302817344666,
                    0.43624019622802734,
                    0.5234884023666382
                ],
                [
                    0,
                    0,
                    0,
                    1
                ]
            ]
        },
        {
            "file_path": "003.png",
            "transform_matrix": [
                [
                    -0.6780622005462646,
                    0.15703722834587097,
                    -0.7180328369140625,
                    -0.8616394400596619
                ],
                [
                    -0.7350046634674072,
                    -0.14487119019031525,
                    0.6624051928520203,
                    0.7948861718177795
                ],
                [
                    4.193589475676163e-08,
                    0.9769092798233032,
                    0.21365466713905334,
                    0.2563856244087219
                ],
                [
                    0,
                    0,
                    0,
                    1
                ]
            ]
        },
        {
            "file_path": "004.png",
            "transform_matrix": [
                [
                    0.5236343741416931,
                    0.308027058839798,
                    -0.7943087816238403,
                    -0.9531704783439636
                ],
                [
                    -0.8519431352615356,
                    0.1893242448568344,
                    -0.4882102906703949,
                    -0.5858523845672607
                ],
                [
                    -4.1774541159611545e-08,
                    0.9323495626449585,
                    0.361558198928833,
                    0.4338698983192444
                ],
                [
                    0,
                    0,
                    0,
                    1
                ]
            ]
        },
        {
            "file_path": "005.png",
            "transform_matrix": [
                [
                    -0.5643999576568604,
                    -0.3319934010505676,
                    0.7557996511459351,
                    0.906959593296051
                ],
                [
                    0.8255015015602112,
                    -0.22698578238487244,
                    0.5167444348335266,
                    0.6200933456420898
                ],
                [
                    2.7440885119744962e-08,
                    0.915564239025116,
                    0.4021717607975006,
                    0.4826061427593231
                ],
                [
                    0,
                    0,
                    0,
                    1
                ]
            ]
        }
    ]
}