{
    "camera_angle_x": 0.8575560450553894,
    "aabb": [
        [
            -0.35,
            -0.35,
            -0.35
        ],
        [
            0.35,
            0.35,
            0.35
        ]
    ],
    "frames": [
        {
            "file_path": "000.png",
            "transform_matrix": [
                [
                    0.26664668321609497,
                    -0.45240429043769836,
                    0.8510170578956604,
                    1.021220326423645
                ],
                [
                    0.9637944102287292,
                    0.12516367435455322,
                    -0.23544539511203766,
                    -0.28253453969955444
                ],
                [
                    2.1677266204278567e-08,
                    0.8829861283302307,
                    0.4693991243839264,
                    0.5632790923118591
                ],
                [
                    0,
                    0,
                    0,
                    1
                ]
            ]
        },
        {
            "file_path": "001.png",
            "transform_matrix": [
                [
                    -0.9525790214538574,
                    -0.12184972316026688,
                    0.2788293957710266,
                    0.33459532260894775
                ],
                [
                    0.304291307926178,
                    -0.3814486265182495,
                    0.8728709816932678,
                    1.0474451780319214
                ],
                [
                    1.4791073255082665e-08,
                    0.9163239598274231,
                    0.4004378020763397,
                    0.48052531480789185
                ],
                [
                    0,
                    0,
                    0,
                    1
                ]
            ]
        },
        {
            "file_path": "002.png",
            "transform_matrix": [
                [
                    -0.6545867919921875,
                    0.0031066983938217163,
                    -0.7559806704521179,
                    -0.907176673412323
                ],
                [
                    -0.7559870481491089,
                    -0.0026900451630353928,
                    0.6545811891555786,
                    0.7854973673820496
                ],
                [
                    3.602795217716448e-08,
                    0.9999916553497314,
                    0.004109333734959364,
                    0.004931312054395676
                ],
                [
                    0,
                    0,
                    0,
                    1
                ]
            ]
        },
        {
            "file_path": "003.png",
            "transform_matrix": [
                [
                    0.09073273837566376,
                    0.27726027369499207,
                    -0.9565011858940125,
                    -1.1478012800216675
                ],
                [
                    -0.995875358581543,
                    0.025260567665100098,
                    -0.08714555948972702,
                    -0.10457461327314377
                ],
                [
                    -1.2847741004406998e-07,
                    0.9604628682136536,
                    0.2784085273742676,
                    0.33409032225608826
                ],
                [
                    0,
                    0,
                    0,
                    1
                ]
            ]
        },
        {
            "file_path": "004.png",
            "transform_matrix": [
                [
                    0.04758697375655174,
                    0.26163169741630554,
                    -0.963994026184082,
                    -1.1567927598953247
                ],
                [
                    -0.9988671541213989,
                    0.012464312836527824,
                    -0.04592563956975937,
                    -0.05511084944009781
                ],
                [
                    -3.21803526048825e-08,
                    0.965087354183197,
                    0.26192837953567505,
                    0.31431421637535095
                ],
                [
                    0,
                    0,
                    0,
                    1
                ]
            ]
        },
        {
            "file_path": "005.png",
            "transform_matrix": [
                [
                    -0.18140418827533722,
                    -0.012372881174087524,
                    0.9833308458328247,
                    1.1799969673156738
                ],
                [
                    0.9834086894989014,
                    -0.0022824429906904697,
                    0.18138976395130157,
                    0.21766771376132965
                ],
                [
                    2.3192843201513824e-08,
                    0.9999209046363831,
                    0.012581571005284786,
                    0.01509794406592846
                ],
                [
                    0,
                    0,
                    0,
                    1
                ]
            ]
        }
    ]
}