{
    "camera_angle_x": 0.8575560450553894,
    "aabb": [
        [
            -0.35,
            -0.35,
            -0.35
        ],
        [
            0.35,
            0.35,
            0.35
        ]
    ],
    "frames": [
        {
            "file_path": "000.png",
            "transform_matrix": [
                [
                    -0.7597727179527283,
                    0.1289876103401184,
                    -0.6372660398483276,
                    -0.7647191286087036
                ],
                [
                    -0.6501890420913696,
                    -0.150727316737175,
                    0.7446715831756592,
                    0.8936057686805725
                ],
                [
                    7.928019130076791e-08,
                    0.9801243543624878,
                    0.1983845978975296,
                    0.23806174099445343
                ],
                [
                    0,
                    0,
                    0,
                    1
                ]
            ]
        },
        {
            "file_path": "001.png",
            "transform_matrix": [
                [
                    0.6962395310401917,
                    -0.2594130337238312,
                    0.6692947149276733,
                    0.8031535744667053
                ],
                [
                    0.7178095579147339,
                    0.2516176402568817,
                    -0.6491826772689819,
                    -0.7790191769599915
                ],
                [
                    3.3948523991966795e-08,
                    0.9324127435684204,
                    0.3613952696323395,
                    0.43367451429367065
                ],
                [
                    0,
                    0,
                    0,
                    1
                ]
            ]
        },
        {
            "file_path": "002.png",
            "transform_matrix": [
                [
                    -0.8580472469329834,
                    -0.14513152837753296,
                    0.49263763427734375,
                    0.5911652445793152
                ],
                [
                    0.5135708451271057,
                    -0.24247825145721436,
                    0.823073148727417,
                    0.9876877665519714
                ],
                [
                    3.158374894951521e-08,
                    0.9592399001121521,
                    0.2825930416584015,
                    0.33911168575286865
                ],
                [
                    0,
                    0,
                    0,
                    1
                ]
            ]
        },
        {
            "file_path": "003.png",
            "transform_matrix": [
                [
                    0.7795384526252747,
                    -0.1699947565793991,
                    0.6028445959091187,
                    0.7234135866165161
                ],
                [
                    0.6263543963432312,
                    0.21156945824623108,
                    -0.7502790093421936,
                    -0.9003347754478455
                ],
                [
                    -2.3144529848195816e-08,
                    0.9624656438827515,
                    0.2714034914970398,
                    0.3256840705871582
                ],
                [
                    0,
                    0,
                    0,
                    1
                ]
            ]
        },
        {
            "file_path": "004.png",
            "transform_matrix": [
                [
                    0.24695062637329102,
                    0.051832783967256546,
                    -0.9676409363746643,
                    -1.1611689329147339
                ],
                [
                    -0.9690281748771667,
                    0.01320898998528719,
                    -0.24659723043441772,
                    -0.2959167957305908
                ],
                [
                    -1.3770804230262002e-07,
                    0.9985685348510742,
                    0.05348929390311241,
                    0.06418737769126892
                ],
                [
                    0,
                    0,
                    0,
                    1
                ]
            ]
        },
        {
            "file_path": "005.png",
            "transform_matrix": [
                [
                    -0.10316932201385498,
                    -0.19610494375228882,
                    0.9751406908035278,
                    1.1701686382293701
                ],
                [
                    0.9946640133857727,
                    -0.02034071832895279,
                    0.10114412009716034,
                    0.12137296050786972
                ],
                [
                    1.3469911408492408e-08,
                    0.9803721308708191,
                    0.19715681672096252,
                    0.2365882843732834
                ],
                [
                    0,
                    0,
                    0,
                    1
                ]
            ]
        }
    ]
}