{
    "camera_angle_x": 0.8575560450553894,
    "aabb": [
        [
            -0.35,
            -0.35,
            -0.35
        ],
        [
            0.35,
            0.35,
            0.35
        ]
    ],
    "frames": [
        {
            "file_path": "000.png",
            "transform_matrix": [
                [
                    -0.3022974133491516,
                    0.3394556939601898,
                    -0.890722393989563,
                    -1.0688667297363281
                ],
                [
                    -0.9532138109207153,
                    -0.10765328258275986,
                    0.28247910737991333,
                    0.33897504210472107
                ],
                [
                    6.027167387401278e-08,
                    0.9344414472579956,
                    0.35611698031425476,
                    0.4273405969142914
                ],
                [
                    0,
                    0,
                    0,
                    1
                ]
            ]
        },
        {
            "file_path": "001.png",
            "transform_matrix": [
                [
                    0.9918476343154907,
                    -0.01042843796312809,
                    0.12700186669826508,
                    0.15240225195884705
                ],
                [
                    0.1274293065071106,
                    0.08116982877254486,
                    -0.9885208010673523,
                    -1.1862249374389648
                ],
                [
                    -9.7287244926747e-10,
                    0.9966458082199097,
                    0.0818369910120964,
                    0.09820454567670822
                ],
                [
                    0,
                    0,
                    0,
                    1
                ]
            ]
        },
        {
            "file_path": "002.png",
            "transform_matrix": [
                [
                    0.9992595911026001,
                    0.01372301485389471,
                    -0.03594445064663887,
                    -0.043133340775966644
                ],
                [
                    -0.03847498819231987,
                    0.35640949010849,
                    -0.9335374236106873,
                    -1.1202448606491089
                ],
                [
                    -1.2512999525426949e-09,
                    0.9342291355133057,
                    0.35667356848716736,
                    0.4280083477497101
                ],
                [
                    0,
                    0,
                    0,
                    1
                ]
            ]
        },
        {
            "file_path": "003.png",
            "transform_matrix": [
                [
                    -0.9871869683265686,
                    -0.04835488274693489,
                    0.15206478536128998,
                    0.18247777223587036
                ],
                [
                    0.15956783294677734,
                    -0.29915377497673035,
                    0.9407683610916138,
                    1.1289221048355103
                ],
                [
                    9.346098117646306e-09,
                    0.9529789090156555,
                    0.3030366003513336,
                    0.36364367604255676
                ],
                [
                    0,
                    0,
                    0,
                    1
                ]
            ]
        },
        {
            "file_path": "004.png",
            "transform_matrix": [
                [
                    0.4298533797264099,
                    0.014265414327383041,
                    -0.9027860760688782,
                    -1.083343267440796
                ],
                [
                    -0.9028987884521484,
                    0.006791378371417522,
                    -0.4297998249530792,
                    -0.5157597064971924
                ],
                [
                    -2.980422308951347e-08,
                    0.9998752474784851,
                    0.015799470245838165,
                    0.01895952597260475
                ],
                [
                    0,
                    0,
                    0,
                    1
                ]
            ]
        },
        {
            "file_path": "005.png",
            "transform_matrix": [
                [
                    -0.7440301179885864,
                    0.14948709309101105,
                    -0.6512086391448975,
                    -0.7814504504203796
                ],
                [
                    -0.668146014213562,
                    -0.16646501421928406,
                    0.7251691222190857,
                    0.8702029585838318
                ],
                [
                    -4.7228429167489594e-08,
                    0.9746502041816711,
                    0.22373422980308533,
                    0.2684810161590576
                ],
                [
                    0,
                    0,
                    0,
                    1
                ]
            ]
        }
    ]
}