{
    "camera_angle_x": 0.8575560450553894,
    "aabb": [
        [
            -0.35,
            -0.35,
            -0.35
        ],
        [
            0.35,
            0.35,
            0.35
        ]
    ],
    "frames": [
        {
            "file_path": "000.png",
            "transform_matrix": [
                [
                    -0.7417954206466675,
                    -0.045715995132923126,
                    0.6690664291381836,
                    0.8028796911239624
                ],
                [
                    0.6706264615058899,
                    -0.05056757107377052,
                    0.7400697469711304,
                    0.8880836367607117
                ],
                [
                    -5.394831248395349e-09,
                    0.9976738691329956,
                    0.0681690201163292,
                    0.08180296421051025
                ],
                [
                    0,
                    0,
                    0,
                    1
                ]
            ]
        },
        {
            "file_path": "001.png",
            "transform_matrix": [
                [
                    -0.963546097278595,
                    0.13278430700302124,
                    -0.23226585984230042,
                    -0.278719037771225
                ],
                [
                    -0.2675427198410034,
                    -0.47821828722953796,
                    0.8364976644515991,
                    1.003797173500061
                ],
                [
                    -3.4973166584961746e-09,
                    0.8681450486183167,
                    0.49631068110466003,
                    0.5955729484558105
                ],
                [
                    0,
                    0,
                    0,
                    1
                ]
            ]
        },
        {
            "file_path": "002.png",
            "transform_matrix": [
                [
                    -0.38597893714904785,
                    0.35821521282196045,
                    -0.8501189351081848,
                    -1.020142674446106
                ],
                [
                    -0.9225075840950012,
                    -0.1498778909444809,
                    0.3556913733482361,
                    0.4268296957015991
                ],
                [
                    2.6507930073194075e-08,
                    0.921530544757843,
                    0.3883059322834015,
                    0.46596720814704895
                ],
                [
                    0,
                    0,
                    0,
                    1
                ]
            ]
        },
        {
            "file_path": "003.png",
            "transform_matrix": [
                [
                    -0.23864051699638367,
                    0.16034704446792603,
                    -0.9577784538269043,
                    -1.149334192276001
                ],
                [
                    -0.9711080193519592,
                    -0.03940374031662941,
                    0.2353648841381073,
                    0.28243792057037354
                ],
                [
                    4.515925411396893e-08,
                    0.9862739443778992,
                    0.16511759161949158,
                    0.19814114272594452
                ],
                [
                    0,
                    0,
                    0,
                    1
                ]
            ]
        },
        {
            "file_path": "004.png",
            "transform_matrix": [
                [
                    -0.2763752341270447,
                    0.30762946605682373,
                    -0.9104838967323303,
                    -1.0925806760787964
                ],
                [
                    -0.9610498547554016,
                    -0.08846697956323624,
                    0.26183363795280457,
                    0.3142004609107971
                ],
                [
                    1.6329956054050854e-08,
                    0.9473847150802612,
                    0.32009726762771606,
                    0.38411685824394226
                ],
                [
                    0,
                    0,
                    0,
                    1
                ]
            ]
        },
        {
            "file_path": "005.png",
            "transform_matrix": [
                [
                    -0.22096629440784454,
                    -0.3529430627822876,
                    0.9091783761978149,
                    1.0910139083862305
                ],
                [
                    0.9752815365791321,
                    -0.07996515929698944,
                    0.20598946511745453,
                    0.2471873164176941
                ],
                [
                    -2.826907774533538e-08,
                    0.932221531867981,
                    0.3618883192539215,
                    0.434266060590744
                ],
                [
                    0,
                    0,
                    0,
                    1
                ]
            ]
        }
    ]
}