{
    "camera_angle_x": 0.8575560450553894,
    "aabb": [
        [
            -0.35,
            -0.35,
            -0.35
        ],
        [
            0.35,
            0.35,
            0.35
        ]
    ],
    "frames": [
        {
            "file_path": "000.png",
            "transform_matrix": [
                [
                    -0.5344340801239014,
                    0.16581806540489197,
                    -0.8287853002548218,
                    -0.9945422410964966
                ],
                [
                    -0.8452104330062866,
                    -0.10484834760427475,
                    0.5240481495857239,
                    0.6288576722145081
                ],
                [
                    5.3862088122969e-09,
                    0.9805669188499451,
                    0.1961854100227356,
                    0.23542256653308868
                ],
                [
                    0,
                    0,
                    0,
                    1
                ]
            ]
        },
        {
            "file_path": "001.png",
            "transform_matrix": [
                [
                    0.6130943894386292,
                    0.011504151858389378,
                    -0.7899259328842163,
                    -0.9479110836982727
                ],
                [
                    -0.7900096774101257,
                    0.008927809074521065,
                    -0.613029420375824,
                    -0.7356353402137756
                ],
                [
                    -4.613479376303076e-08,
                    0.9998940229415894,
                    0.014561966061592102,
                    0.01747434213757515
                ],
                [
                    0,
                    0,
                    0,
                    1
                ]
            ]
        },
        {
            "file_path": "002.png",
            "transform_matrix": [
                [
                    0.8092864155769348,
                    0.15209999680519104,
                    -0.5673808455467224,
                    -0.6808571219444275
                ],
                [
                    -0.5874142050743103,
                    0.20954973995685577,
                    -0.7816863059997559,
                    -0.9380236268043518
                ],
                [
                    4.4348343664069034e-08,
                    0.9658957123756409,
                    0.2589314579963684,
                    0.3107176423072815
                ],
                [
                    0,
                    0,
                    0,
                    1
                ]
            ]
        },
        {
            "file_path": "003.png",
            "transform_matrix": [
                [
                    -0.47915247082710266,
                    0.12583819031715393,
                    -0.8686643838882446,
                    -1.0423972606658936
                ],
                [
                    -0.8777318000793457,
                    -0.06869488209486008,
                    0.47420254349708557,
                    0.569042980670929
                ],
                [
                    4.21981027898255e-08,
                    0.9896695613861084,
                    0.14336740970611572,
                    0.17204084992408752
                ],
                [
                    0,
                    0,
                    0,
                    1
                ]
            ]
        },
        {
            "file_path": "004.png",
            "transform_matrix": [
                [
                    0.5163933634757996,
                    -0.34308627247810364,
                    0.7846207618713379,
                    0.9415448904037476
                ],
                [
                    0.8563515543937683,
                    0.20688632130622864,
                    -0.47313863039016724,
                    -0.5677663683891296
                ],
                [
                    3.4347007016322095e-08,
                    0.9162368178367615,
                    0.400637149810791,
                    0.48076462745666504
                ],
                [
                    0,
                    0,
                    0,
                    1
                ]
            ]
        },
        {
            "file_path": "005.png",
            "transform_matrix": [
                [
                    0.6167148351669312,
                    0.011777949519455433,
                    -0.7870985269546509,
                    -0.9445182085037231
                ],
                [
                    -0.7871866822242737,
                    0.009227200411260128,
                    -0.616645872592926,
                    -0.739975094795227
                ],
                [
                    -6.342385461266531e-08,
                    0.9998881220817566,
                    0.014961973764002323,
                    0.017954455688595772
                ],
                [
                    0,
                    0,
                    0,
                    1
                ]
            ]
        }
    ]
}