{
    "camera_angle_x": 0.8575560450553894,
    "aabb": [
        [
            -0.35,
            -0.35,
            -0.35
        ],
        [
            0.35,
            0.35,
            0.35
        ]
    ],
    "frames": [
        {
            "file_path": "000.png",
            "transform_matrix": [
                [
                    -0.5357504487037659,
                    0.3490520715713501,
                    -0.7688525319099426,
                    -0.9226229786872864
                ],
                [
                    -0.8443764448165894,
                    -0.2214709371328354,
                    0.4878310561180115,
                    0.5853972434997559
                ],
                [
                    -3.017231620106031e-08,
                    0.9105566143989563,
                    0.41338443756103516,
                    0.49606141448020935
                ],
                [
                    0,
                    0,
                    0,
                    1
                ]
            ]
        },
        {
            "file_path": "001.png",
            "transform_matrix": [
                [
                    0.9975093603134155,
                    0.027465563267469406,
                    -0.06496675312519073,
                    -0.07796010375022888
                ],
                [
                    -0.07053393870592117,
                    0.38842517137527466,
                    -0.9187768697738647,
                    -1.1025322675704956
                ],
                [
                    5.248682377612113e-09,
                    0.92107093334198,
                    0.3893950283527374,
                    0.46727412939071655
                ],
                [
                    0,
                    0,
                    0,
                    1
                ]
            ]
        },
        {
            "file_path": "002.png",
            "transform_matrix": [
                [
                    0.6496157050132751,
                    -0.15959708392620087,
                    0.743322491645813,
                    0.8919869065284729
                ],
                [
                    0.7602627873420715,
                    0.1363695114850998,
                    -0.6351409554481506,
                    -0.7621691226959229
                ],
                [
                    4.1553647633918445e-08,
                    0.9777178764343262,
                    0.20992346107959747,
                    0.2519083023071289
                ],
                [
                    0,
                    0,
                    0,
                    1
                ]
            ]
        },
        {
            "file_path": "003.png",
            "transform_matrix": [
                [
                    0.9342970252037048,
                    0.060509130358695984,
                    -0.35132279992103577,
                    -0.42158734798431396
                ],
                [
                    -0.35649552941322327,
                    0.15858110785484314,
                    -0.9207404851913452,
                    -1.1048885583877563
                ],
                [
                    -2.6303364819568742e-08,
                    0.9854901432991028,
                    0.16973307728767395,
                    0.2036799192428589
                ],
                [
                    0,
                    0,
                    0,
                    1
                ]
            ]
        },
        {
            "file_path": "004.png",
            "transform_matrix": [
                [
                    -0.3385332226753235,
                    0.051437970250844955,
                    -0.939547598361969,
                    -1.1274570226669312
                ],
                [
                    -0.9409545660018921,
                    -0.01850622519850731,
                    0.33802691102027893,
                    0.40563228726387024
                ],
                [
                    2.5493896771422442e-08,
                    0.9985048174858093,
                    0.05466563254594803,
                    0.06559893488883972
                ],
                [
                    0,
                    0,
                    0,
                    1
                ]
            ]
        },
        {
            "file_path": "005.png",
            "transform_matrix": [
                [
                    0.44187936186790466,
                    -0.26284536719322205,
                    0.8577033281326294,
                    1.0292439460754395
                ],
                [
                    0.8970745205879211,
                    0.12947188317775726,
                    -0.42248600721359253,
                    -0.50698322057724
                ],
                [
                    5.720959705968198e-09,
                    0.9561116099357605,
                    0.29300281405448914,
                    0.35160350799560547
                ],
                [
                    0,
                    0,
                    0,
                    1
                ]
            ]
        }
    ]
}