{
    "camera_angle_x": 0.8575560450553894,
    "aabb": [
        [
            -0.35,
            -0.35,
            -0.35
        ],
        [
            0.35,
            0.35,
            0.35
        ]
    ],
    "frames": [
        {
            "file_path": "000.png",
            "transform_matrix": [
                [
                    -0.1872185319662094,
                    -0.02675424888730049,
                    0.9819539785385132,
                    1.1783447265625
                ],
                [
                    0.9823184013366699,
                    -0.005099051631987095,
                    0.18714900314807892,
                    0.22457873821258545
                ],
                [
                    -7.311169269996753e-08,
                    0.9996291399002075,
                    0.0272357314825058,
                    0.03268299251794815
                ],
                [
                    0,
                    0,
                    0,
                    1
                ]
            ]
        },
        {
            "file_path": "001.png",
            "transform_matrix": [
                [
                    -0.9163772463798523,
                    -0.0403035469353199,
                    0.3982820510864258,
                    0.4779384434223175
                ],
                [
                    0.4003160893917084,
                    -0.09226027876138687,
                    0.9117209911346436,
                    1.0940651893615723
                ],
                [
                    -3.648639723685676e-11,
                    0.9949190020561218,
                    0.10067925602197647,
                    0.1208152174949646
                ],
                [
                    0,
                    0,
                    0,
                    1
                ]
            ]
        },
        {
            "file_path": "002.png",
            "transform_matrix": [
                [
                    0.9856663942337036,
                    0.07385885715484619,
                    -0.15167926251888275,
                    -0.1820150911808014
                ],
                [
                    -0.1687060445547104,
                    0.43152081966400146,
                    -0.8861875534057617,
                    -1.063424825668335
                ],
                [
                    -3.3131177801237754e-09,
                    0.8990744948387146,
                    0.4377959966659546,
                    0.5253554582595825
                ],
                [
                    0,
                    0,
                    0,
                    1
                ]
            ]
        },
        {
            "file_path": "003.png",
            "transform_matrix": [
                [
                    -0.20732419192790985,
                    0.38108310103416443,
                    -0.9009953141212463,
                    -1.081194281578064
                ],
                [
                    -0.9782723784446716,
                    -0.08076260983943939,
                    0.19094686210155487,
                    0.22913631796836853
                ],
                [
                    -4.312751755719546e-08,
                    0.9210066199302673,
                    0.3895469903945923,
                    0.46745648980140686
                ],
                [
                    0,
                    0,
                    0,
                    1
                ]
            ]
        },
        {
            "file_path": "004.png",
            "transform_matrix": [
                [
                    -0.11432966589927673,
                    -0.3187480866909027,
                    0.9409189224243164,
                    1.1291027069091797
                ],
                [
                    0.9934428930282593,
                    -0.036682989448308945,
                    0.10828493535518646,
                    0.129941925406456
                ],
                [
                    8.193340050866027e-08,
                    0.9471293687820435,
                    0.3208519220352173,
                    0.38502237200737
                ],
                [
                    0,
                    0,
                    0,
                    1
                ]
            ]
        },
        {
            "file_path": "005.png",
            "transform_matrix": [
                [
                    0.5184938907623291,
                    -0.332577109336853,
                    0.7877541780471802,
                    0.9453049302101135
                ],
                [
                    0.8550813794136047,
                    0.20166394114494324,
                    -0.4776689112186432,
                    -0.5732027292251587
                ],
                [
                    9.149336932523511e-08,
                    0.921262264251709,
                    0.3889419734477997,
                    0.466730535030365
                ],
                [
                    0,
                    0,
                    0,
                    1
                ]
            ]
        }
    ]
}