{
    "camera_angle_x": 0.8575560450553894,
    "aabb": [
        [
            -0.35,
            -0.35,
            -0.35
        ],
        [
            0.35,
            0.35,
            0.35
        ]
    ],
    "frames": [
        {
            "file_path": "000.png",
            "transform_matrix": [
                [
                    -0.889857828617096,
                    0.14578434824943542,
                    -0.432319313287735,
                    -0.5187831521034241
                ],
                [
                    -0.4562379717826843,
                    -0.28434136509895325,
                    0.8432063460350037,
                    1.0118476152420044
                ],
                [
                    2.3307938690209085e-08,
                    0.947574257850647,
                    0.3195357322692871,
                    0.3834429681301117
                ],
                [
                    0,
                    0,
                    0,
                    1
                ]
            ]
        },
        {
            "file_path": "001.png",
            "transform_matrix": [
                [
                    -0.3728032410144806,
                    0.2139556109905243,
                    -0.9029069542884827,
                    -1.0834882259368896
                ],
                [
                    -0.9279105067253113,
                    -0.085960254073143,
                    0.3627575635910034,
                    0.43530914187431335
                ],
                [
                    -2.2141389166563386e-08,
                    0.9730539321899414,
                    0.23057781159877777,
                    0.2766934633255005
                ],
                [
                    0,
                    0,
                    0,
                    1
                ]
            ]
        },
        {
            "file_path": "002.png",
            "transform_matrix": [
                [
                    -0.8324605226516724,
                    0.048551637679338455,
                    -0.5519531965255737,
                    -0.6623438596725464
                ],
                [
                    -0.5540844798088074,
                    -0.07294438779354095,
                    0.8292584419250488,
                    0.9951101541519165
                ],
                [
                    -1.085831158320616e-08,
                    0.9961535930633545,
                    0.08762495219707489,
                    0.10514999181032181
                ],
                [
                    0,
                    0,
                    0,
                    1
                ]
            ]
        },
        {
            "file_path": "003.png",
            "transform_matrix": [
                [
                    -0.08408493548631668,
                    0.2630149722099304,
                    -0.96112060546875,
                    -1.153344750404358
                ],
                [
                    -0.9964585304260254,
                    -0.02219417691230774,
                    0.08110301196575165,
                    0.09732361882925034
                ],
                [
                    -4.0605563356166385e-09,
                    0.9645364284515381,
                    0.26394975185394287,
                    0.31673967838287354
                ],
                [
                    0,
                    0,
                    0,
                    1
                ]
            ]
        },
        {
            "file_path": "004.png",
            "transform_matrix": [
                [
                    -0.9730402827262878,
                    -0.01889336109161377,
                    0.22986075282096863,
                    0.2758329212665558
                ],
                [
                    0.23063591122627258,
                    -0.07971015572547913,
                    0.9697698354721069,
                    1.1637238264083862
                ],
                [
                    1.433399177130923e-09,
                    0.9966391324996948,
                    0.08191848546266556,
                    0.09830234944820404
                ],
                [
                    0,
                    0,
                    0,
                    1
                ]
            ]
        },
        {
            "file_path": "005.png",
            "transform_matrix": [
                [
                    0.9929654598236084,
                    0.0037489288952201605,
                    -0.1183449849486351,
                    -0.14201398193836212
                ],
                [
                    -0.11840435117483139,
                    0.03143921494483948,
                    -0.9924677014350891,
                    -1.190961241722107
                ],
                [
                    -1.1704196722917004e-08,
                    0.9994986653327942,
                    0.03166194260120392,
                    0.037994515150785446
                ],
                [
                    0,
                    0,
                    0,
                    1
                ]
            ]
        }
    ]
}