{
    "camera_angle_x": 0.8575560450553894,
    "aabb": [
        [
            -0.35,
            -0.35,
            -0.35
        ],
        [
            0.35,
            0.35,
            0.35
        ]
    ],
    "frames": [
        {
            "file_path": "000.png",
            "transform_matrix": [
                [
                    0.9685842394828796,
                    0.12015599757432938,
                    -0.2177318036556244,
                    -0.2612781822681427
                ],
                [
                    -0.24868574738502502,
                    0.4679850935935974,
                    -0.8480243682861328,
                    -1.0176293849945068
                ],
                [
                    2.2859572013089746e-08,
                    0.8755298256874084,
                    0.48316407203674316,
                    0.5797967910766602
                ],
                [
                    0,
                    0,
                    0,
                    1
                ]
            ]
        },
        {
            "file_path": "001.png",
            "transform_matrix": [
                [
                    -0.9907881617546082,
                    0.05974049121141434,
                    -0.121532142162323,
                    -0.14583854377269745
                ],
                [
                    -0.1354215145111084,
                    -0.43708088994026184,
                    0.889168918132782,
                    1.0670026540756226
                ],
                [
                    1.5128836849953586e-08,
                    0.8974360227584839,
                    0.4411446154117584,
                    0.5293737649917603
                ],
                [
                    0,
                    0,
                    0,
                    1
                ]
            ]
        },
        {
            "file_path": "002.png",
            "transform_matrix": [
                [
                    0.871846079826355,
                    -0.190567284822464,
                    0.4511857330799103,
                    0.5414228439331055
                ],
                [
                    0.4897800087928772,
                    0.3392243981361389,
                    -0.8031453490257263,
                    -0.9637744426727295
                ],
                [
                    -2.663690246151873e-08,
                    0.9212008714675903,
                    0.3890874981880188,
                    0.46690502762794495
                ],
                [
                    0,
                    0,
                    0,
                    1
                ]
            ]
        },
        {
            "file_path": "003.png",
            "transform_matrix": [
                [
                    -0.8041393756866455,
                    -0.08459222316741943,
                    0.5883911848068237,
                    0.7060694694519043
                ],
                [
                    0.5944409370422363,
                    -0.11443349719047546,
                    0.7959554195404053,
                    0.9551464915275574
                ],
                [
                    3.9539216345474415e-09,
                    0.9898228049278259,
                    0.14230549335479736,
                    0.17076663672924042
                ],
                [
                    0,
                    0,
                    0,
                    1
                ]
            ]
        },
        {
            "file_path": "004.png",
            "transform_matrix": [
                [
                    -0.8905172348022461,
                    0.13896265625953674,
                    -0.43320730328559875,
                    -0.5198487639427185
                ],
                [
                    -0.45494964718818665,
                    -0.272005170583725,
                    0.8479587435722351,
                    1.0175505876541138
                ],
                [
                    -1.9435791642763434e-08,
                    0.9522093534469604,
                    0.30544623732566833,
                    0.36653557419776917
                ],
                [
                    0,
                    0,
                    0,
                    1
                ]
            ]
        },
        {
            "file_path": "005.png",
            "transform_matrix": [
                [
                    -0.9216448664665222,
                    0.11481761187314987,
                    -0.37065866589546204,
                    -0.44479042291641235
                ],
                [
                    -0.3880347013473511,
                    -0.2727104127407074,
                    0.8803739547729492,
                    1.0564486980438232
                ],
                [
                    -1.6724735374396005e-08,
                    0.9552204608917236,
                    0.29589521884918213,
                    0.35507434606552124
                ],
                [
                    0,
                    0,
                    0,
                    1
                ]
            ]
        }
    ]
}