{
    "camera_angle_x": 0.8575560450553894,
    "aabb": [
        [
            -0.35,
            -0.35,
            -0.35
        ],
        [
            0.35,
            0.35,
            0.35
        ]
    ],
    "frames": [
        {
            "file_path": "000.png",
            "transform_matrix": [
                [
                    -0.9914972186088562,
                    -0.02924397587776184,
                    0.1267990916967392,
                    0.15215890109539032
                ],
                [
                    0.1301276981830597,
                    -0.22282198071479797,
                    0.9661351442337036,
                    1.1593621969223022
                ],
                [
                    -8.80842598860454e-09,
                    0.974420428276062,
                    0.22473284602165222,
                    0.2696795165538788
                ],
                [
                    0,
                    0,
                    0,
                    1
                ]
            ]
        },
        {
            "file_path": "001.png",
            "transform_matrix": [
                [
                    0.9815919399261475,
                    0.011306562460958958,
                    -0.1906551718711853,
                    -0.22878623008728027
                ],
                [
                    -0.190990149974823,
                    0.05810999870300293,
                    -0.9798704385757446,
                    -1.1758445501327515
                ],
                [
                    1.2302156626731175e-08,
                    0.9982461929321289,
                    0.0591997466981411,
                    0.07103969156742096
                ],
                [
                    0,
                    0,
                    0,
                    1
                ]
            ]
        },
        {
            "file_path": "002.png",
            "transform_matrix": [
                [
                    -0.8988842368125916,
                    -0.20283143222332,
                    0.3884158432483673,
                    0.46609899401664734
                ],
                [
                    0.43818655610084534,
                    -0.41608303785324097,
                    0.796785831451416,
                    0.9561429619789124
                ],
                [
                    8.159052988787607e-09,
                    0.8864166736602783,
                    0.46288827061653137,
                    0.5554659962654114
                ],
                [
                    0,
                    0,
                    0,
                    1
                ]
            ]
        },
        {
            "file_path": "003.png",
            "transform_matrix": [
                [
                    0.9890980124473572,
                    0.028220180422067642,
                    -0.1445295214653015,
                    -0.17343543469905853
                ],
                [
                    -0.14725883305072784,
                    0.1895473301410675,
                    -0.970766007900238,
                    -1.1649192571640015
                ],
                [
                    -4.876897108374578e-09,
                    0.9814659953117371,
                    0.19163654744625092,
                    0.22996379435062408
                ],
                [
                    0,
                    0,
                    0,
                    1
                ]
            ]
        },
        {
            "file_path": "004.png",
            "transform_matrix": [
                [
                    0.47862890362739563,
                    0.27773264050483704,
                    -0.8329340219497681,
                    -0.9995207786560059
                ],
                [
                    -0.8780173659324646,
                    0.15139882266521454,
                    -0.45405295491218567,
                    -0.5448635220527649
                ],
                [
                    -2.2754392148272018e-08,
                    0.9486533403396606,
                    0.3163178563117981,
                    0.37958142161369324
                ],
                [
                    0,
                    0,
                    0,
                    1
                ]
            ]
        },
        {
            "file_path": "005.png",
            "transform_matrix": [
                [
                    0.11226193606853485,
                    0.07417242974042892,
                    -0.9909065961837769,
                    -1.1890878677368164
                ],
                [
                    -0.9936787486076355,
                    0.008379627019166946,
                    -0.11194883286952972,
                    -0.1343386024236679
                ],
                [
                    -1.0029925334720247e-08,
                    0.9972103238105774,
                    0.07464420050382614,
                    0.08957324177026749
                ],
                [
                    0,
                    0,
                    0,
                    1
                ]
            ]
        }
    ]
}