{
    "camera_angle_x": 0.8575560450553894,
    "aabb": [
        [
            -0.35,
            -0.35,
            -0.35
        ],
        [
            0.35,
            0.35,
            0.35
        ]
    ],
    "frames": [
        {
            "file_path": "000.png",
            "transform_matrix": [
                [
                    -0.9831234812736511,
                    0.0624895803630352,
                    -0.17193995416164398,
                    -0.20632793009281158
                ],
                [
                    -0.1829434335231781,
                    -0.3358140289783478,
                    0.9239917397499084,
                    1.1087900400161743
                ],
                [
                    5.774331679475608e-09,
                    0.9398531913757324,
                    0.3415786623954773,
                    0.40989449620246887
                ],
                [
                    0,
                    0,
                    0,
                    1
                ]
            ]
        },
        {
            "file_path": "001.png",
            "transform_matrix": [
                [
                    0.7610253691673279,
                    -0.17592699825763702,
                    0.6244117617607117,
                    0.7492942214012146
                ],
                [
                    0.6487221121788025,
                    0.2063826024532318,
                    -0.7325066328048706,
                    -0.879007875919342
                ],
                [
                    -6.738729041444458e-08,
                    0.9625258445739746,
                    0.2711901068687439,
                    0.3254281282424927
                ],
                [
                    0,
                    0,
                    0,
                    1
                ]
            ]
        },
        {
            "file_path": "002.png",
            "transform_matrix": [
                [
                    -0.9989195466041565,
                    -0.005861472804099321,
                    0.04611176997423172,
                    0.05533410981297493
                ],
                [
                    0.046482816338539124,
                    -0.1259637326002121,
                    0.9909455180168152,
                    1.1891343593597412
                ],
                [
                    9.855605220820962e-10,
                    0.9920177459716797,
                    0.1260996162891388,
                    0.1513197273015976
                ],
                [
                    0,
                    0,
                    0,
                    1
                ]
            ]
        },
        {
            "file_path": "003.png",
            "transform_matrix": [
                [
                    -0.966852068901062,
                    0.054019954055547714,
                    -0.24955753982067108,
                    -0.2994690537452698
                ],
                [
                    -0.25533726811408997,
                    -0.20455026626586914,
                    0.944966733455658,
                    1.1339600086212158
                ],
                [
                    -2.1793233884181973e-10,
                    0.9773643612861633,
                    0.2115631252527237,
                    0.25387582182884216
                ],
                [
                    0,
                    0,
                    0,
                    1
                ]
            ]
        },
        {
            "file_path": "004.png",
            "transform_matrix": [
                [
                    -0.7449814081192017,
                    0.23754726350307465,
                    -0.6233570575714111,
                    -0.7480285167694092
                ],
                [
                    -0.6670852899551392,
                    -0.26528578996658325,
                    0.6961470246315002,
                    0.8353764414787292
                ],
                [
                    4.926955909922981e-08,
                    0.9344488978385925,
                    0.3560972511768341,
                    0.427316814661026
                ],
                [
                    0,
                    0,
                    0,
                    1
                ]
            ]
        },
        {
            "file_path": "005.png",
            "transform_matrix": [
                [
                    -0.7227397561073303,
                    0.34279635548591614,
                    -0.6001149415969849,
                    -0.720137894153595
                ],
                [
                    -0.6911203265190125,
                    -0.3584795594215393,
                    0.6275708079338074,
                    0.7530849575996399
                ],
                [
                    6.389024065356352e-08,
                    0.8683220148086548,
                    0.4960009455680847,
                    0.5952012538909912
                ],
                [
                    0,
                    0,
                    0,
                    1
                ]
            ]
        }
    ]
}