{
    "camera_angle_x": 0.8575560450553894,
    "aabb": [
        [
            -0.35,
            -0.35,
            -0.35
        ],
        [
            0.35,
            0.35,
            0.35
        ]
    ],
    "frames": [
        {
            "file_path": "000.png",
            "transform_matrix": [
                [
                    -0.9214151501655579,
                    -0.04415237531065941,
                    0.3860631585121155,
                    0.4632757604122162
                ],
                [
                    0.38857972621917725,
                    -0.10469572991132736,
                    0.9154477715492249,
                    1.0985373258590698
                ],
                [
                    -4.0122870359482476e-08,
                    0.9935237765312195,
                    0.11362488567829132,
                    0.13635015487670898
                ],
                [
                    0,
                    0,
                    0,
                    1
                ]
            ]
        },
        {
            "file_path": "001.png",
            "transform_matrix": [
                [
                    -0.1724548637866974,
                    -0.24398477375507355,
                    0.9543222784996033,
                    1.1451866626739502
                ],
                [
                    0.9850175976753235,
                    -0.04271644726395607,
                    0.16708067059516907,
                    0.2004968822002411
                ],
                [
                    -6.851196276969063e-10,
                    0.9688379764556885,
                    0.24769575893878937,
                    0.29723504185676575
                ],
                [
                    0,
                    0,
                    0,
                    1
                ]
            ]
        },
        {
            "file_path": "002.png",
            "transform_matrix": [
                [
                    -0.8450401425361633,
                    -0.17254666984081268,
                    0.5060983300209045,
                    0.6073179244995117
                ],
                [
                    0.5347035527229309,
                    -0.2726912796497345,
                    0.7998325228691101,
                    0.9597989320755005
                ],
                [
                    5.174999273549474e-08,
                    0.9465028643608093,
                    0.32269588112831116,
                    0.3872351348400116
                ],
                [
                    0,
                    0,
                    0,
                    1
                ]
            ]
        },
        {
            "file_path": "003.png",
            "transform_matrix": [
                [
                    -0.12780797481536865,
                    0.39534544944763184,
                    -0.9095973968505859,
                    -1.0915167331695557
                ],
                [
                    -0.9917991161346436,
                    -0.05094608664512634,
                    0.11721498519182205,
                    0.14065811038017273
                ],
                [
                    1.1453586523657577e-07,
                    0.9171187281608582,
                    0.3986143469810486,
                    0.4783374071121216
                ],
                [
                    0,
                    0,
                    0,
                    1
                ]
            ]
        },
        {
            "file_path": "004.png",
            "transform_matrix": [
                [
                    -0.2775847017765045,
                    -0.17115518450737,
                    0.9453321099281311,
                    1.1343984603881836
                ],
                [
                    0.9607012271881104,
                    -0.049453482031822205,
                    0.2731439173221588,
                    0.32777273654937744
                ],
                [
                    -7.395182421987556e-08,
                    0.9840022325515747,
                    0.17815646529197693,
                    0.21378782391548157
                ],
                [
                    0,
                    0,
                    0,
                    1
                ]
            ]
        },
        {
            "file_path": "005.png",
            "transform_matrix": [
                [
                    0.967581033706665,
                    0.12226882576942444,
                    -0.22099165618419647,
                    -0.2651899755001068
                ],
                [
                    -0.2525608539581299,
                    0.4684217870235443,
                    -0.8466368913650513,
                    -1.015964388847351
                ],
                [
                    -6.551497122586625e-10,
                    0.8750036358833313,
                    0.4841163456439972,
                    0.5809395909309387
                ],
                [
                    0,
                    0,
                    0,
                    1
                ]
            ]
        }
    ]
}