{
    "camera_angle_x": 0.8575560450553894,
    "aabb": [
        [
            -0.35,
            -0.35,
            -0.35
        ],
        [
            0.35,
            0.35,
            0.35
        ]
    ],
    "frames": [
        {
            "file_path": "000.png",
            "transform_matrix": [
                [
                    -0.8361786603927612,
                    0.09680945426225662,
                    -0.5398458242416382,
                    -0.647814929485321
                ],
                [
                    -0.5484574437141418,
                    -0.14759571850299835,
                    0.8230492472648621,
                    0.9876590371131897
                ],
                [
                    5.944219338971379e-08,
                    0.9842985272407532,
                    0.17651207745075226,
                    0.21181470155715942
                ],
                [
                    0,
                    0,
                    0,
                    1
                ]
            ]
        },
        {
            "file_path": "001.png",
            "transform_matrix": [
                [
                    -0.8205463886260986,
                    0.13885590434074402,
                    -0.5544571280479431,
                    -0.6653485894203186
                ],
                [
                    -0.5715799927711487,
                    -0.19933819770812988,
                    0.7959651947021484,
                    0.9551582932472229
                ],
                [
                    -1.3114709318529094e-08,
                    0.9700429439544678,
                    0.2429334968328476,
                    0.29152026772499084
                ],
                [
                    0,
                    0,
                    0,
                    1
                ]
            ]
        },
        {
            "file_path": "002.png",
            "transform_matrix": [
                [
                    0.5772944688796997,
                    0.3581906855106354,
                    -0.7337782979011536,
                    -0.8805339336395264
                ],
                [
                    -0.8165360689163208,
                    0.25324225425720215,
                    -0.5187844038009644,
                    -0.6225413084030151
                ],
                [
                    -3.881020305129823e-08,
                    0.8986477851867676,
                    0.43867093324661255,
                    0.5264052152633667
                ],
                [
                    0,
                    0,
                    0,
                    1
                ]
            ]
        },
        {
            "file_path": "003.png",
            "transform_matrix": [
                [
                    -0.3899432122707367,
                    0.1578155905008316,
                    -0.9072147607803345,
                    -1.0886577367782593
                ],
                [
                    -0.9208389520645142,
                    -0.06682945042848587,
                    0.38417381048202515,
                    0.46100857853889465
                ],
                [
                    -2.6806510788901505e-08,
                    0.9852045774459839,
                    0.17138241231441498,
                    0.20565886795520782
                ],
                [
                    0,
                    0,
                    0,
                    1
                ]
            ]
        },
        {
            "file_path": "004.png",
            "transform_matrix": [
                [
                    -0.8506308794021606,
                    0.08538205921649933,
                    -0.5187843441963196,
                    -0.6225412487983704
                ],
                [
                    -0.5257635712623596,
                    -0.13813933730125427,
                    0.8393392562866211,
                    1.0072070360183716
                ],
                [
                    2.2782650432873197e-08,
                    0.9867256879806519,
                    0.16239620745182037,
                    0.19487565755844116
                ],
                [
                    0,
                    0,
                    0,
                    1
                ]
            ]
        },
        {
            "file_path": "005.png",
            "transform_matrix": [
                [
                    0.8315470814704895,
                    -0.034794487059116364,
                    0.554363489151001,
                    0.665236234664917
                ],
                [
                    0.5554543137550354,
                    0.052089255303144455,
                    -0.8299140930175781,
                    -0.9958968162536621
                ],
                [
                    4.827294119991166e-09,
                    0.9980362057685852,
                    0.06264139711856842,
                    0.0751698836684227
                ],
                [
                    0,
                    0,
                    0,
                    1
                ]
            ]
        }
    ]
}