{
    "camera_angle_x": 0.8575560450553894,
    "aabb": [
        [
            -0.35,
            -0.35,
            -0.35
        ],
        [
            0.35,
            0.35,
            0.35
        ]
    ],
    "frames": [
        {
            "file_path": "000.png",
            "transform_matrix": [
                [
                    -0.5562053322792053,
                    0.32082459330558777,
                    -0.7666209936141968,
                    -0.9199450016021729
                ],
                [
                    -0.8310452103614807,
                    -0.2147228717803955,
                    0.5130870938301086,
                    0.6157044172286987
                ],
                [
                    3.4532185111402214e-08,
                    0.9224782586097717,
                    0.38604936003685,
                    0.4632594585418701
                ],
                [
                    0,
                    0,
                    0,
                    1
                ]
            ]
        },
        {
            "file_path": "001.png",
            "transform_matrix": [
                [
                    -0.009344248101115227,
                    -0.2606929540634155,
                    0.9653764963150024,
                    1.1584519147872925
                ],
                [
                    0.9999563097953796,
                    -0.0024360010866075754,
                    0.009021179750561714,
                    0.010825572535395622
                ],
                [
                    -4.3346439326796826e-08,
                    0.9654186367988586,
                    0.26070436835289,
                    0.3128451406955719
                ],
                [
                    0,
                    0,
                    0,
                    1
                ]
            ]
        },
        {
            "file_path": "002.png",
            "transform_matrix": [
                [
                    -0.1499512493610382,
                    -0.15965980291366577,
                    0.9757169485092163,
                    1.1708602905273438
                ],
                [
                    0.9886934757232666,
                    -0.024214956909418106,
                    0.14798308908939362,
                    0.17757971584796906
                ],
                [
                    -6.932597784725658e-08,
                    0.9868751168251038,
                    0.16148558259010315,
                    0.19378283619880676
                ],
                [
                    0,
                    0,
                    0,
                    1
                ]
            ]
        },
        {
            "file_path": "003.png",
            "transform_matrix": [
                [
                    0.005305007565766573,
                    -0.11469262093305588,
                    0.99338698387146,
                    1.1920642852783203
                ],
                [
                    0.9999860525131226,
                    0.0006082892650738358,
                    -0.005270115099847317,
                    -0.0063242921605706215
                ],
                [
                    6.829656484796942e-08,
                    0.9934009313583374,
                    0.11469412595033646,
                    0.13763314485549927
                ],
                [
                    0,
                    0,
                    0,
                    1
                ]
            ]
        },
        {
            "file_path": "004.png",
            "transform_matrix": [
                [
                    -0.592963457107544,
                    -0.17304109036922455,
                    0.7864166498184204,
                    0.9436999559402466
                ],
                [
                    0.8052293658256531,
                    -0.1274259090423584,
                    0.5791099667549133,
                    0.6949319839477539
                ],
                [
                    2.1391773685763837e-08,
                    0.9766368269920349,
                    0.21489664912223816,
                    0.2578760087490082
                ],
                [
                    0,
                    0,
                    0,
                    1
                ]
            ]
        },
        {
            "file_path": "005.png",
            "transform_matrix": [
                [
                    -0.6091707944869995,
                    -0.021489832550287247,
                    0.792747974395752,
                    0.9512974619865417
                ],
                [
                    0.7930392026901245,
                    -0.016507359221577644,
                    0.6089470386505127,
                    0.730736494064331
                ],
                [
                    -5.374812062086676e-08,
                    0.9996328353881836,
                    0.027097957208752632,
                    0.03251781314611435
                ],
                [
                    0,
                    0,
                    0,
                    1
                ]
            ]
        }
    ]
}