{
    "camera_angle_x": 0.8575560450553894,
    "aabb": [
        [
            -0.35,
            -0.35,
            -0.35
        ],
        [
            0.35,
            0.35,
            0.35
        ]
    ],
    "frames": [
        {
            "file_path": "000.png",
            "transform_matrix": [
                [
                    0.7120639681816101,
                    0.2805733382701874,
                    -0.643617570400238,
                    -0.7723411321640015
                ],
                [
                    -0.7021146416664124,
                    0.28454920649528503,
                    -0.6527379751205444,
                    -0.7832855582237244
                ],
                [
                    2.9580391469608003e-08,
                    0.9166845083236694,
                    0.39961186051368713,
                    0.4795342981815338
                ],
                [
                    0,
                    0,
                    0,
                    1
                ]
            ]
        },
        {
            "file_path": "001.png",
            "transform_matrix": [
                [
                    0.9376389980316162,
                    0.15420639514923096,
                    -0.31153416633605957,
                    -0.3738410472869873
                ],
                [
                    -0.34761062264442444,
                    0.4159536361694336,
                    -0.8403269648551941,
                    -1.0083924531936646
                ],
                [
                    -8.342222024282364e-09,
                    0.8962159156799316,
                    0.44361811876296997,
                    0.5323417782783508
                ],
                [
                    0,
                    0,
                    0,
                    1
                ]
            ]
        },
        {
            "file_path": "002.png",
            "transform_matrix": [
                [
                    0.15273065865039825,
                    0.12873612344264984,
                    -0.9798471927642822,
                    -1.175816535949707
                ],
                [
                    -0.9882678985595703,
                    0.019895249977707863,
                    -0.15142937004566193,
                    -0.1817152500152588
                ],
                [
                    -5.219214926910354e-08,
                    0.9914793372154236,
                    0.13026432693004608,
                    0.15631726384162903
                ],
                [
                    0,
                    0,
                    0,
                    1
                ]
            ]
        },
        {
            "file_path": "003.png",
            "transform_matrix": [
                [
                    -0.703015148639679,
                    0.01961096003651619,
                    -0.7109047174453735,
                    -0.8530856370925903
                ],
                [
                    -0.7111752033233643,
                    -0.01938609592616558,
                    0.7027477025985718,
                    0.8432971239089966
                ],
                [
                    -1.8787478239801203e-08,
                    0.9996198415756226,
                    0.02757531963288784,
                    0.033090487122535706
                ],
                [
                    0,
                    0,
                    0,
                    1
                ]
            ]
        },
        {
            "file_path": "004.png",
            "transform_matrix": [
                [
                    -0.07608187198638916,
                    0.25423988699913025,
                    -0.9641440510749817,
                    -1.156972885131836
                ],
                [
                    -0.9971016049385071,
                    -0.01939922384917736,
                    0.07356708496809006,
                    0.0882805734872818
                ],
                [
                    8.655242567101595e-08,
                    0.9669466614723206,
                    0.25497886538505554,
                    0.30597469210624695
                ],
                [
                    0,
                    0,
                    0,
                    1
                ]
            ]
        },
        {
            "file_path": "005.png",
            "transform_matrix": [
                [
                    -0.533079206943512,
                    0.1821916252374649,
                    -0.8262159824371338,
                    -0.9914591908454895
                ],
                [
                    -0.8460654020309448,
                    -0.11479325592517853,
                    0.5205727219581604,
                    0.6246871948242188
                ],
                [
                    1.8227801490411366e-09,
                    0.9765391945838928,
                    0.21533985435962677,
                    0.2584078311920166
                ],
                [
                    0,
                    0,
                    0,
                    1
                ]
            ]
        }
    ]
}