{
    "camera_angle_x": 0.8575560450553894,
    "aabb": [
        [
            -0.35,
            -0.35,
            -0.35
        ],
        [
            0.35,
            0.35,
            0.35
        ]
    ],
    "frames": [
        {
            "file_path": "000.png",
            "transform_matrix": [
                [
                    0.5246881246566772,
                    0.054410431534051895,
                    -0.8495540022850037,
                    -1.0194647312164307
                ],
                [
                    -0.8512945771217346,
                    0.03353527933359146,
                    -0.5236154198646545,
                    -0.6283384561538696
                ],
                [
                    -3.233063239349576e-08,
                    0.9979554414749146,
                    0.06391482055187225,
                    0.07669798284769058
                ],
                [
                    0,
                    0,
                    0,
                    1
                ]
            ]
        },
        {
            "file_path": "001.png",
            "transform_matrix": [
                [
                    0.7697854042053223,
                    0.0221903994679451,
                    -0.6379169225692749,
                    -0.7655003666877747
                ],
                [
                    -0.638302743434906,
                    0.026761343702673912,
                    -0.7693201303482056,
                    -0.9231842160224915
                ],
                [
                    -6.966331511648605e-09,
                    0.9993955492973328,
                    0.03476468473672867,
                    0.04171766713261604
                ],
                [
                    0,
                    0,
                    0,
                    1
                ]
            ]
        },
        {
            "file_path": "002.png",
            "transform_matrix": [
                [
                    -0.271060585975647,
                    -0.15040384232997894,
                    0.9507392048835754,
                    1.140886902809143
                ],
                [
                    0.9625623822212219,
                    -0.04235415905714035,
                    0.26773107051849365,
                    0.32127732038497925
                ],
                [
                    -1.0785708326466192e-07,
                    0.9877170324325562,
                    0.15625350177288055,
                    0.18750448524951935
                ],
                [
                    0,
                    0,
                    0,
                    1
                ]
            ]
        },
        {
            "file_path": "003.png",
            "transform_matrix": [
                [
                    -0.5953134298324585,
                    0.3350379168987274,
                    -0.730309247970581,
                    -0.8763710856437683
                ],
                [
                    -0.8034936785697937,
                    -0.2482316792011261,
                    0.5410906076431274,
                    0.6493088006973267
                ],
                [
                    2.5390995972429664e-09,
                    0.9089173078536987,
                    0.4169764220714569,
                    0.5003718137741089
                ],
                [
                    0,
                    0,
                    0,
                    1
                ]
            ]
        },
        {
            "file_path": "004.png",
            "transform_matrix": [
                [
                    0.8582077622413635,
                    -0.06204306334257126,
                    0.5095391273498535,
                    0.6114469766616821
                ],
                [
                    0.5133025050163269,
                    0.1037319079041481,
                    -0.8519156575202942,
                    -1.022298812866211
                ],
                [
                    -8.523244332536706e-09,
                    0.9926682710647583,
                    0.12087038159370422,
                    0.1450444757938385
                ],
                [
                    0,
                    0,
                    0,
                    1
                ]
            ]
        },
        {
            "file_path": "005.png",
            "transform_matrix": [
                [
                    0.9974234104156494,
                    -0.014860458672046661,
                    0.07018359005451202,
                    0.08422031253576279
                ],
                [
                    0.07173959165811539,
                    0.20661069452762604,
                    -0.9757897257804871,
                    -1.1709476709365845
                ],
                [
                    -1.8585692984629532e-09,
                    0.9783104062080383,
                    0.20714442431926727,
                    0.24857331812381744
                ],
                [
                    0,
                    0,
                    0,
                    1
                ]
            ]
        }
    ]
}