{
    "camera_angle_x": 0.8575560450553894,
    "aabb": [
        [
            -0.35,
            -0.35,
            -0.35
        ],
        [
            0.35,
            0.35,
            0.35
        ]
    ],
    "frames": [
        {
            "file_path": "000.png",
            "transform_matrix": [
                [
                    0.7961440682411194,
                    0.15381526947021484,
                    -0.5852311253547668,
                    -0.7022773623466492
                ],
                [
                    -0.6051071286201477,
                    0.2023758888244629,
                    -0.7699931263923645,
                    -0.9239917993545532
                ],
                [
                    -9.481375684572413e-10,
                    0.967153012752533,
                    0.25419506430625916,
                    0.3050341308116913
                ],
                [
                    0,
                    0,
                    0,
                    1
                ]
            ]
        },
        {
            "file_path": "001.png",
            "transform_matrix": [
                [
                    -0.5495328903198242,
                    0.04506709799170494,
                    -0.8342558145523071,
                    -1.001106858253479
                ],
                [
                    -0.8354721665382385,
                    -0.029643019661307335,
                    0.5487327575683594,
                    0.6584793329238892
                ],
                [
                    -1.6966218652214593e-08,
                    0.9985441565513611,
                    0.05394202098250389,
                    0.06473051011562347
                ],
                [
                    0,
                    0,
                    0,
                    1
                ]
            ]
        },
        {
            "file_path": "002.png",
            "transform_matrix": [
                [
                    0.7633979916572571,
                    -0.03296811878681183,
                    0.6450865268707275,
                    0.7741037011146545
                ],
                [
                    0.6459284424781799,
                    0.03896358236670494,
                    -0.762403130531311,
                    -0.9148837327957153
                ],
                [
                    2.7201776831020652e-08,
                    0.9986967444419861,
                    0.05103973299264908,
                    0.0612478032708168
                ],
                [
                    0,
                    0,
                    0,
                    1
                ]
            ]
        },
        {
            "file_path": "003.png",
            "transform_matrix": [
                [
                    0.4792903661727905,
                    -0.05218413472175598,
                    0.8761036992073059,
                    1.0513243675231934
                ],
                [
                    0.8776565194129944,
                    0.0284978486597538,
                    -0.47844254970550537,
                    -0.5741308927536011
                ],
                [
                    -9.9823424193346e-08,
                    0.9982309341430664,
                    0.059458401054143906,
                    0.07135017961263657
                ],
                [
                    0,
                    0,
                    0,
                    1
                ]
            ]
        },
        {
            "file_path": "004.png",
            "transform_matrix": [
                [
                    -0.15157192945480347,
                    0.453453928232193,
                    -0.878296971321106,
                    -1.053956389427185
                ],
                [
                    -0.9884462952613831,
                    -0.06953427195549011,
                    0.13468120992183685,
                    0.1616174429655075
                ],
                [
                    1.6537494929025343e-08,
                    0.8885632157325745,
                    0.4587542414665222,
                    0.5505051612854004
                ],
                [
                    0,
                    0,
                    0,
                    1
                ]
            ]
        },
        {
            "file_path": "005.png",
            "transform_matrix": [
                [
                    0.9386239051818848,
                    0.13814286887645721,
                    -0.3160723149776459,
                    -0.37928682565689087
                ],
                [
                    -0.34494227170944214,
                    0.3759012520313263,
                    -0.860065758228302,
                    -1.0320789813995361
                ],
                [
                    1.782041891829067e-08,
                    0.9163049459457397,
                    0.4004812240600586,
                    0.4805774390697479
                ],
                [
                    0,
                    0,
                    0,
                    1
                ]
            ]
        }
    ]
}