{
    "camera_angle_x": 0.8575560450553894,
    "aabb": [
        [
            -0.35,
            -0.35,
            -0.35
        ],
        [
            0.35,
            0.35,
            0.35
        ]
    ],
    "frames": [
        {
            "file_path": "000.png",
            "transform_matrix": [
                [
                    -0.7883017063140869,
                    0.03650654852390289,
                    -0.6142050623893738,
                    -0.7370460033416748
                ],
                [
                    -0.615289032459259,
                    -0.04677176848053932,
                    0.7869129180908203,
                    0.9442954659461975
                ],
                [
                    4.674886255884303e-08,
                    0.9982383251190186,
                    0.05933225154876709,
                    0.07119879126548767
                ],
                [
                    0,
                    0,
                    0,
                    1
                ]
            ]
        },
        {
            "file_path": "001.png",
            "transform_matrix": [
                [
                    -0.8568559288978577,
                    0.09883970767259598,
                    -0.5059930682182312,
                    -0.6071916222572327
                ],
                [
                    -0.515556275844574,
                    -0.16427184641361237,
                    0.840961754322052,
                    1.0091540813446045
                ],
                [
                    4.539779041579095e-08,
                    0.9814507961273193,
                    0.19171454012393951,
                    0.23005755245685577
                ],
                [
                    0,
                    0,
                    0,
                    1
                ]
            ]
        },
        {
            "file_path": "002.png",
            "transform_matrix": [
                [
                    -0.6846699714660645,
                    0.31157830357551575,
                    -0.6588975787162781,
                    -0.7906771898269653
                ],
                [
                    -0.7288532853126526,
                    -0.2926903963088989,
                    0.6189550161361694,
                    0.7427460551261902
                ],
                [
                    -1.914207636843912e-08,
                    0.9040195345878601,
                    0.42749112844467163,
                    0.5129892826080322
                ],
                [
                    0,
                    0,
                    0,
                    1
                ]
            ]
        },
        {
            "file_path": "003.png",
            "transform_matrix": [
                [
                    0.3821573257446289,
                    0.24172137677669525,
                    -0.8919230103492737,
                    -1.0703076124191284
                ],
                [
                    -0.9240973591804504,
                    0.0999630019068718,
                    -0.36885184049606323,
                    -0.4426221251487732
                ],
                [
                    2.6288837773336127e-08,
                    0.9651830792427063,
                    0.2615755796432495,
                    0.3138909339904785
                ],
                [
                    0,
                    0,
                    0,
                    1
                ]
            ]
        },
        {
            "file_path": "004.png",
            "transform_matrix": [
                [
                    0.8265479803085327,
                    -0.018168361857533455,
                    0.5625729560852051,
                    0.675087571144104
                ],
                [
                    0.5628662109375,
                    0.02667957916855812,
                    -0.8261172771453857,
                    -0.9913407564163208
                ],
                [
                    -7.474351804148682e-09,
                    0.9994789361953735,
                    0.032278310507535934,
                    0.038733839988708496
                ],
                [
                    0,
                    0,
                    0,
                    1
                ]
            ]
        },
        {
            "file_path": "005.png",
            "transform_matrix": [
                [
                    -0.4187440276145935,
                    -0.3134407103061676,
                    0.8522960543632507,
                    1.0227552652359009
                ],
                [
                    0.908104419708252,
                    -0.14453350007534027,
                    0.39300966262817383,
                    0.4716115891933441
                ],
                [
                    4.619348814571822e-08,
                    0.9385441541671753,
                    0.3451593220233917,
                    0.41419124603271484
                ],
                [
                    0,
                    0,
                    0,
                    1
                ]
            ]
        }
    ]
}