{
    "camera_angle_x": 0.8575560450553894,
    "aabb": [
        [
            -0.35,
            -0.35,
            -0.35
        ],
        [
            0.35,
            0.35,
            0.35
        ]
    ],
    "frames": [
        {
            "file_path": "000.png",
            "transform_matrix": [
                [
                    -0.9446653723716736,
                    -0.08349994570016861,
                    0.31723058223724365,
                    0.3806767165660858
                ],
                [
                    0.32803580164909363,
                    -0.24046003818511963,
                    0.9135488867759705,
                    1.0962586402893066
                ],
                [
                    -1.6806072977715303e-08,
                    0.967060923576355,
                    0.2545451521873474,
                    0.3054543137550354
                ],
                [
                    0,
                    0,
                    0,
                    1
                ]
            ]
        },
        {
            "file_path": "001.png",
            "transform_matrix": [
                [
                    -0.6675398945808411,
                    -0.0762266144156456,
                    0.7406619191169739,
                    0.8887942433357239
                ],
                [
                    0.7445740699768066,
                    -0.06834013015031815,
                    0.6640324592590332,
                    0.7968389987945557
                ],
                [
                    -1.9671880124860763e-08,
                    0.9947457909584045,
                    0.10237610340118408,
                    0.12285130470991135
                ],
                [
                    0,
                    0,
                    0,
                    1
                ]
            ]
        },
        {
            "file_path": "002.png",
            "transform_matrix": [
                [
                    -0.3046458065509796,
                    0.18159359693527222,
                    -0.9349945187568665,
                    -1.1219934225082397
                ],
                [
                    -0.9524657130241394,
                    -0.058082737028598785,
                    0.29905763268470764,
                    0.3588692545890808
                ],
                [
                    -8.929137607083248e-08,
                    0.9816568493843079,
                    0.19065633416175842,
                    0.22878757119178772
                ],
                [
                    0,
                    0,
                    0,
                    1
                ]
            ]
        },
        {
            "file_path": "003.png",
            "transform_matrix": [
                [
                    -0.9964905381202698,
                    -0.007990379817783833,
                    0.0833241268992424,
                    0.09998895972967148
                ],
                [
                    0.08370637148618698,
                    -0.09512224793434143,
                    0.9919400811195374,
                    1.1903281211853027
                ],
                [
                    -1.9852273158704747e-09,
                    0.9954335689544678,
                    0.09545719623565674,
                    0.11454873532056808
                ],
                [
                    0,
                    0,
                    0,
                    1
                ]
            ]
        },
        {
            "file_path": "004.png",
            "transform_matrix": [
                [
                    0.3473024070262909,
                    0.020101895555853844,
                    -0.9375377297401428,
                    -1.1250452995300293
                ],
                [
                    -0.9377532005310059,
                    0.007444867864251137,
                    -0.3472226858139038,
                    -0.4166671931743622
                ],
                [
                    6.953507636353606e-08,
                    0.9997702836990356,
                    0.021436195820569992,
                    0.025723595172166824
                ],
                [
                    0,
                    0,
                    0,
                    1
                ]
            ]
        },
        {
            "file_path": "005.png",
            "transform_matrix": [
                [
                    0.3960229754447937,
                    -0.22547785937786102,
                    0.8901267647743225,
                    1.0681520700454712
                ],
                [
                    0.9182406663894653,
                    0.09724500775337219,
                    -0.38389796018600464,
                    -0.4606775641441345
                ],
                [
                    3.718897900739648e-08,
                    0.9693829417228699,
                    0.2455541342496872,
                    0.2946651577949524
                ],
                [
                    0,
                    0,
                    0,
                    1
                ]
            ]
        }
    ]
}