{
    "camera_angle_x": 0.8575560450553894,
    "aabb": [
        [
            -0.35,
            -0.35,
            -0.35
        ],
        [
            0.35,
            0.35,
            0.35
        ]
    ],
    "frames": [
        {
            "file_path": "000.png",
            "transform_matrix": [
                [
                    0.746360719203949,
                    0.0016596051864326,
                    -0.665539562702179,
                    -0.7986474633216858
                ],
                [
                    -0.6655415892601013,
                    0.0018612274434417486,
                    -0.7463583946228027,
                    -0.8956301808357239
                ],
                [
                    5.391790836029031e-08,
                    0.9999969005584717,
                    0.0024936858098953962,
                    0.0029924139380455017
                ],
                [
                    0,
                    0,
                    0,
                    1
                ]
            ]
        },
        {
            "file_path": "001.png",
            "transform_matrix": [
                [
                    -0.999901294708252,
                    0.0006307321600615978,
                    -0.014047221280634403,
                    -0.016856666654348373
                ],
                [
                    -0.014061374589800835,
                    -0.04485129192471504,
                    0.9988948106765747,
                    1.1986737251281738
                ],
                [
                    1.9594148525925448e-10,
                    0.9989935755729675,
                    0.04485556483268738,
                    0.053826868534088135
                ],
                [
                    0,
                    0,
                    0,
                    1
                ]
            ]
        },
        {
            "file_path": "002.png",
            "transform_matrix": [
                [
                    0.764443039894104,
                    0.011103803291916847,
                    -0.6445956826210022,
                    -0.7735148668289185
                ],
                [
                    -0.6446912884712219,
                    0.013166314922273159,
                    -0.7643296122550964,
                    -0.9171955585479736
                ],
                [
                    -1.2354222533872417e-08,
                    0.999851644039154,
                    0.01722342148423195,
                    0.020668046548962593
                ],
                [
                    0,
                    0,
                    0,
                    1
                ]
            ]
        },
        {
            "file_path": "003.png",
            "transform_matrix": [
                [
                    0.0587373822927475,
                    0.17676885426044464,
                    -0.9824981689453125,
                    -1.1789978742599487
                ],
                [
                    -0.998273491859436,
                    0.010401014238595963,
                    -0.05780915170907974,
                    -0.06937097758054733
                ],
                [
                    1.1253791853960138e-07,
                    0.9841974377632141,
                    0.17707459628582,
                    0.21248947083950043
                ],
                [
                    0,
                    0,
                    0,
                    1
                ]
            ]
        },
        {
            "file_path": "004.png",
            "transform_matrix": [
                [
                    -0.8469526171684265,
                    0.18679796159267426,
                    -0.4977732300758362,
                    -0.5973278284072876
                ],
                [
                    -0.5316687822341919,
                    -0.29757070541381836,
                    0.7929566502571106,
                    0.9515479207038879
                ],
                [
                    5.977387473876661e-10,
                    0.9362469911575317,
                    0.35134267807006836,
                    0.4216112792491913
                ],
                [
                    0,
                    0,
                    0,
                    1
                ]
            ]
        },
        {
            "file_path": "005.png",
            "transform_matrix": [
                [
                    0.00033194723073393106,
                    0.10027977079153061,
                    -0.9949593544006348,
                    -1.19395112991333
                ],
                [
                    -1.0000001192092896,
                    3.303534322185442e-05,
                    -0.0003304214624222368,
                    -0.0003965837531723082
                ],
                [
                    -1.3146116373263794e-07,
                    0.9949594140052795,
                    0.10027964413166046,
                    0.12033577263355255
                ],
                [
                    0,
                    0,
                    0,
                    1
                ]
            ]
        }
    ]
}