{
    "camera_angle_x": 0.8575560450553894,
    "aabb": [
        [
            -0.35,
            -0.35,
            -0.35
        ],
        [
            0.35,
            0.35,
            0.35
        ]
    ],
    "frames": [
        {
            "file_path": "000.png",
            "transform_matrix": [
                [
                    -0.9894492626190186,
                    -0.02926468290388584,
                    0.1418941766023636,
                    0.17027300596237183
                ],
                [
                    0.14488056302070618,
                    -0.199860617518425,
                    0.9690539240837097,
                    1.1628646850585938
                ],
                [
                    -8.984734733985533e-09,
                    0.9793872833251953,
                    0.20199167728424072,
                    0.24239012598991394
                ],
                [
                    0,
                    0,
                    0,
                    1
                ]
            ]
        },
        {
            "file_path": "001.png",
            "transform_matrix": [
                [
                    0.08962602913379669,
                    -0.3983280658721924,
                    0.9128537178039551,
                    1.0954245328903198
                ],
                [
                    0.9959754943847656,
                    0.03584487363696098,
                    -0.08214601874351501,
                    -0.09857527166604996
                ],
                [
                    -4.625660920964947e-08,
                    0.9165423512458801,
                    0.39993762969970703,
                    0.4799252152442932
                ],
                [
                    0,
                    0,
                    0,
                    1
                ]
            ]
        },
        {
            "file_path": "002.png",
            "transform_matrix": [
                [
                    0.8858441114425659,
                    -0.21396183967590332,
                    0.411704421043396,
                    0.4940452575683594
                ],
                [
                    0.4639829695224762,
                    0.40849944949150085,
                    -0.7860331535339355,
                    -0.9432397484779358
                ],
                [
                    2.4349546379198728e-08,
                    0.8873266577720642,
                    0.4611414968967438,
                    0.5533698797225952
                ],
                [
                    0,
                    0,
                    0,
                    1
                ]
            ]
        },
        {
            "file_path": "003.png",
            "transform_matrix": [
                [
                    0.8666871786117554,
                    -0.18434205651283264,
                    0.4635421633720398,
                    0.5562505125999451
                ],
                [
                    0.498852014541626,
                    0.32026901841163635,
                    -0.8053412437438965,
                    -0.9664093852043152
                ],
                [
                    2.548377153743786e-08,
                    0.9292178750038147,
                    0.3695324659347534,
                    0.4434393048286438
                ],
                [
                    0,
                    0,
                    0,
                    1
                ]
            ]
        },
        {
            "file_path": "004.png",
            "transform_matrix": [
                [
                    0.447744220495224,
                    -0.05621244013309479,
                    0.8923930525779724,
                    1.0708715915679932
                ],
                [
                    0.8941617012023926,
                    0.028147893026471138,
                    -0.44685858488082886,
                    -0.5362303853034973
                ],
                [
                    4.749246329538437e-09,
                    0.9980220198631287,
                    0.06286604702472687,
                    0.07543934136629105
                ],
                [
                    0,
                    0,
                    0,
                    1
                ]
            ]
        },
        {
            "file_path": "005.png",
            "transform_matrix": [
                [
                    -0.3891668915748596,
                    0.4555748701095581,
                    -0.8006252646446228,
                    -0.9607503414154053
                ],
                [
                    -0.9211673736572266,
                    -0.19246743619441986,
                    0.33824121952056885,
                    0.4058894217014313
                ],
                [
                    -6.009493347391981e-08,
                    0.8691421151161194,
                    0.4945625364780426,
                    0.5934751033782959
                ],
                [
                    0,
                    0,
                    0,
                    1
                ]
            ]
        }
    ]
}