{
    "camera_angle_x": 0.8575560450553894,
    "aabb": [
        [
            -0.35,
            -0.35,
            -0.35
        ],
        [
            0.35,
            0.35,
            0.35
        ]
    ],
    "frames": [
        {
            "file_path": "000.png",
            "transform_matrix": [
                [
                    -0.8306636214256287,
                    0.1979249119758606,
                    -0.5204071998596191,
                    -0.6244886517524719
                ],
                [
                    -0.5567745566368103,
                    -0.2952882647514343,
                    0.7764064073562622,
                    0.9316877126693726
                ],
                [
                    1.9797688821654447e-08,
                    0.9346820712089539,
                    0.35548481345176697,
                    0.4265817701816559
                ],
                [
                    0,
                    0,
                    0,
                    1
                ]
            ]
        },
        {
            "file_path": "001.png",
            "transform_matrix": [
                [
                    0.5833611488342285,
                    0.2862255275249481,
                    -0.760108470916748,
                    -0.9121299386024475
                ],
                [
                    -0.8122130036354065,
                    0.20557746291160583,
                    -0.5459380149841309,
                    -0.6551255583763123
                ],
                [
                    -4.153967481101972e-08,
                    0.9358489513397217,
                    0.35240185260772705,
                    0.42288240790367126
                ],
                [
                    0,
                    0,
                    0,
                    1
                ]
            ]
        },
        {
            "file_path": "002.png",
            "transform_matrix": [
                [
                    -0.9363993406295776,
                    -0.00781957432627678,
                    0.3508497178554535,
                    0.42101964354515076
                ],
                [
                    0.3509368598461151,
                    -0.020864956080913544,
                    0.9361667633056641,
                    1.1233999729156494
                ],
                [
                    4.953903065540999e-09,
                    0.9997518062591553,
                    0.022281916812062263,
                    0.02673843316733837
                ],
                [
                    0,
                    0,
                    0,
                    1
                ]
            ]
        },
        {
            "file_path": "003.png",
            "transform_matrix": [
                [
                    -0.8354451656341553,
                    0.030210459604859352,
                    -0.5487428307533264,
                    -0.6584914922714233
                ],
                [
                    -0.5495737791061401,
                    -0.04592502862215042,
                    0.8341819047927856,
                    1.0010182857513428
                ],
                [
                    -1.709426733498276e-08,
                    0.9984879493713379,
                    0.054970744997262955,
                    0.06596506386995316
                ],
                [
                    0,
                    0,
                    0,
                    1
                ]
            ]
        },
        {
            "file_path": "004.png",
            "transform_matrix": [
                [
                    0.9688649773597717,
                    0.06647588312625885,
                    -0.23849856853485107,
                    -0.28619828820228577
                ],
                [
                    -0.2475896030664444,
                    0.26013267040252686,
                    -0.9332901239395142,
                    -1.119948148727417
                ],
                [
                    -2.111172570096187e-09,
                    0.9632819294929504,
                    0.2684921622276306,
                    0.32219067215919495
                ],
                [
                    0,
                    0,
                    0,
                    1
                ]
            ]
        },
        {
            "file_path": "005.png",
            "transform_matrix": [
                [
                    0.8962978720664978,
                    -0.0718371644616127,
                    0.4375951886177063,
                    0.5251142382621765
                ],
                [
                    0.44345250725746155,
                    0.145195871591568,
                    -0.8844592571258545,
                    -1.0613510608673096
                ],
                [
                    -2.602996929113033e-09,
                    0.9867916107177734,
                    0.16199511289596558,
                    0.19439420104026794
                ],
                [
                    0,
                    0,
                    0,
                    1
                ]
            ]
        }
    ]
}