{
    "camera_angle_x": 0.8575560450553894,
    "aabb": [
        [
            -0.35,
            -0.35,
            -0.35
        ],
        [
            0.35,
            0.35,
            0.35
        ]
    ],
    "frames": [
        {
            "file_path": "000.png",
            "transform_matrix": [
                [
                    0.4005538523197174,
                    -0.1415746510028839,
                    0.9052697420120239,
                    1.086323618888855
                ],
                [
                    0.9162732362747192,
                    0.06189005449414253,
                    -0.39574363827705383,
                    -0.47489240765571594
                ],
                [
                    4.865989211566557e-08,
                    0.9879910349845886,
                    0.15451134741306305,
                    0.18541358411312103
                ],
                [
                    0,
                    0,
                    0,
                    1
                ]
            ]
        },
        {
            "file_path": "001.png",
            "transform_matrix": [
                [
                    -0.6334667205810547,
                    0.32127782702445984,
                    -0.7039179801940918,
                    -0.8447015881538391
                ],
                [
                    -0.7737699747085571,
                    -0.2630223333835602,
                    0.5762805938720703,
                    0.6915367245674133
                ],
                [
                    4.5390073921680596e-08,
                    0.9097251892089844,
                    0.4152109920978546,
                    0.49825313687324524
                ],
                [
                    0,
                    0,
                    0,
                    1
                ]
            ]
        },
        {
            "file_path": "002.png",
            "transform_matrix": [
                [
                    -0.5397816300392151,
                    0.019344914704561234,
                    -0.8415827751159668,
                    -1.009899377822876
                ],
                [
                    -0.841805100440979,
                    -0.012404312379658222,
                    0.5396391153335571,
                    0.6475669145584106
                ],
                [
                    2.1017463325279095e-08,
                    0.999735951423645,
                    0.022980257868766785,
                    0.02757635898888111
                ],
                [
                    0,
                    0,
                    0,
                    1
                ]
            ]
        },
        {
            "file_path": "003.png",
            "transform_matrix": [
                [
                    -0.9998683929443359,
                    -0.001536063151434064,
                    0.01614678092300892,
                    0.01937614195048809
                ],
                [
                    0.01621968112885952,
                    -0.0946911871433258,
                    0.9953745007514954,
                    1.194449543952942
                ],
                [
                    2.2793800180664903e-10,
                    0.9955055117607117,
                    0.09470368921756744,
                    0.11364435404539108
                ],
                [
                    0,
                    0,
                    0,
                    1
                ]
            ]
        },
        {
            "file_path": "004.png",
            "transform_matrix": [
                [
                    -0.9813816547393799,
                    -0.018279796466231346,
                    0.1911977082490921,
                    0.2294372171163559
                ],
                [
                    0.19206956028938293,
                    -0.09340100735425949,
                    0.9769267439842224,
                    1.1723119020462036
                ],
                [
                    5.504418254531629e-09,
                    0.9954609274864197,
                    0.09517267346382141,
                    0.11420749127864838
                ],
                [
                    0,
                    0,
                    0,
                    1
                ]
            ]
        },
        {
            "file_path": "005.png",
            "transform_matrix": [
                [
                    0.922420084476471,
                    -0.010279839858412743,
                    0.3860512375831604,
                    0.4632614254951477
                ],
                [
                    0.3861880600452423,
                    0.024553516879677773,
                    -0.922093391418457,
                    -1.1065119504928589
                ],
                [
                    -3.967826955886267e-09,
                    0.9996458292007446,
                    0.0266185961663723,
                    0.03194251284003258
                ],
                [
                    0,
                    0,
                    0,
                    1
                ]
            ]
        }
    ]
}