{
    "camera_angle_x": 0.8575560450553894,
    "aabb": [
        [
            -0.35,
            -0.35,
            -0.35
        ],
        [
            0.35,
            0.35,
            0.35
        ]
    ],
    "frames": [
        {
            "file_path": "000.png",
            "transform_matrix": [
                [
                    -0.9229728579521179,
                    0.06039845198392868,
                    -0.38009676337242126,
                    -0.45611611008644104
                ],
                [
                    -0.3848656117916107,
                    -0.1448458880186081,
                    0.9115362763404846,
                    1.0938434600830078
                ],
                [
                    -2.8492479486885713e-08,
                    0.9876092076301575,
                    0.15693384408950806,
                    0.18832074105739594
                ],
                [
                    0,
                    0,
                    0,
                    1
                ]
            ]
        },
        {
            "file_path": "001.png",
            "transform_matrix": [
                [
                    0.9568794369697571,
                    -0.05160624906420708,
                    0.28586456179618835,
                    0.34303751587867737
                ],
                [
                    0.29048535227775574,
                    0.16999468207359314,
                    -0.9416581392288208,
                    -1.1299898624420166
                ],
                [
                    3.729588193834843e-09,
                    0.9840927720069885,
                    0.17765527963638306,
                    0.21318623423576355
                ],
                [
                    0,
                    0,
                    0,
                    1
                ]
            ]
        },
        {
            "file_path": "002.png",
            "transform_matrix": [
                [
                    0.5828450918197632,
                    -0.19079676270484924,
                    0.7898659706115723,
                    0.947839081287384
                ],
                [
                    0.812583327293396,
                    0.13685354590415955,
                    -0.566550612449646,
                    -0.6798607707023621
                ],
                [
                    -9.735433792457115e-09,
                    0.9720431566238403,
                    0.23480264842510223,
                    0.2817632257938385
                ],
                [
                    0,
                    0,
                    0,
                    1
                ]
            ]
        },
        {
            "file_path": "003.png",
            "transform_matrix": [
                [
                    0.9999590516090393,
                    -0.0034957195166498423,
                    0.008349510841071606,
                    0.010019415989518166
                ],
                [
                    0.009051761589944363,
                    0.3861764073371887,
                    -0.9223804473876953,
                    -1.1068567037582397
                ],
                [
                    6.815489839162581e-11,
                    0.9224182367324829,
                    0.3861922323703766,
                    0.4634306728839874
                ],
                [
                    0,
                    0,
                    0,
                    1
                ]
            ]
        },
        {
            "file_path": "004.png",
            "transform_matrix": [
                [
                    -0.9983368515968323,
                    -0.0078895790502429,
                    0.05711133033037186,
                    0.06853358447551727
                ],
                [
                    0.057653702795505524,
                    -0.13661673665046692,
                    0.988944947719574,
                    1.1867338418960571
                ],
                [
                    -5.472644559745277e-10,
                    0.9905926585197449,
                    0.13684417307376862,
                    0.16421322524547577
                ],
                [
                    0,
                    0,
                    0,
                    1
                ]
            ]
        },
        {
            "file_path": "005.png",
            "transform_matrix": [
                [
                    -0.5052466988563538,
                    0.014821800403296947,
                    -0.8628478050231934,
                    -1.0354173183441162
                ],
                [
                    -0.8629750609397888,
                    -0.008677753619849682,
                    0.5051721334457397,
                    0.6062065362930298
                ],
                [
                    4.918655704955199e-08,
                    0.9998525977134705,
                    0.01717512682080269,
                    0.0206102654337883
                ],
                [
                    0,
                    0,
                    0,
                    1
                ]
            ]
        }
    ]
}