{
    "camera_angle_x": 0.8575560450553894,
    "aabb": [
        [
            -0.35,
            -0.35,
            -0.35
        ],
        [
            0.35,
            0.35,
            0.35
        ]
    ],
    "frames": [
        {
            "file_path": "000.png",
            "transform_matrix": [
                [
                    0.782925546169281,
                    0.22444958984851837,
                    -0.5802155137062073,
                    -0.696258544921875
                ],
                [
                    -0.622115433216095,
                    0.2824673056602478,
                    -0.7301949858665466,
                    -0.8762339353561401
                ],
                [
                    -2.596820536382438e-09,
                    0.9326493144035339,
                    0.3607844114303589,
                    0.4329412877559662
                ],
                [
                    0,
                    0,
                    0,
                    1
                ]
            ]
        },
        {
            "file_path": "001.png",
            "transform_matrix": [
                [
                    -0.7962942123413086,
                    -0.1932561844587326,
                    0.573208212852478,
                    0.6878498792648315
                ],
                [
                    0.6049095988273621,
                    -0.2543996572494507,
                    0.7545629739761353,
                    0.9054755568504333
                ],
                [
                    -1.5179846712953804e-08,
                    0.9475932121276855,
                    0.31947943568229675,
                    0.3833754360675812
                ],
                [
                    0,
                    0,
                    0,
                    1
                ]
            ]
        },
        {
            "file_path": "002.png",
            "transform_matrix": [
                [
                    0.9997332096099854,
                    -0.00917887594550848,
                    0.021194523200392723,
                    0.025433426722884178
                ],
                [
                    0.02309674397110939,
                    0.3973037898540497,
                    -0.9173965454101562,
                    -1.100875735282898
                ],
                [
                    1.931066639926371e-09,
                    0.9176413416862488,
                    0.3974098265171051,
                    0.47689181566238403
                ],
                [
                    0,
                    0,
                    0,
                    1
                ]
            ]
        },
        {
            "file_path": "003.png",
            "transform_matrix": [
                [
                    -0.7913601994514465,
                    -0.006579214241355658,
                    0.6113148331642151,
                    0.7335778474807739
                ],
                [
                    0.6113502383232117,
                    -0.008516469039022923,
                    0.7913143634796143,
                    0.9495772123336792
                ],
                [
                    -6.145885578234811e-09,
                    0.9999421238899231,
                    0.010761730372905731,
                    0.012914168648421764
                ],
                [
                    0,
                    0,
                    0,
                    1
                ]
            ]
        },
        {
            "file_path": "004.png",
            "transform_matrix": [
                [
                    0.7068324685096741,
                    -0.25487756729125977,
                    0.6598676443099976,
                    0.7918412089347839
                ],
                [
                    0.707381010055542,
                    0.2546798884868622,
                    -0.6593559980392456,
                    -0.7912272214889526
                ],
                [
                    7.26865856393033e-09,
                    0.9328320622444153,
                    0.3603115379810333,
                    0.43237391114234924
                ],
                [
                    0,
                    0,
                    0,
                    1
                ]
            ]
        },
        {
            "file_path": "005.png",
            "transform_matrix": [
                [
                    0.5325884819030762,
                    -0.3692256212234497,
                    0.7615917325019836,
                    0.9139100313186646
                ],
                [
                    0.8463743925094604,
                    0.23233835399150848,
                    -0.4792383909225464,
                    -0.5750859975814819
                ],
                [
                    6.088977499985049e-08,
                    0.8998285531997681,
                    0.43624380230903625,
                    0.523492693901062
                ],
                [
                    0,
                    0,
                    0,
                    1
                ]
            ]
        }
    ]
}