{
    "camera_angle_x": 0.8575560450553894,
    "aabb": [
        [
            -0.35,
            -0.35,
            -0.35
        ],
        [
            0.35,
            0.35,
            0.35
        ]
    ],
    "frames": [
        {
            "file_path": "000.png",
            "transform_matrix": [
                [
                    -0.20514577627182007,
                    -0.2528991401195526,
                    0.945493221282959,
                    1.134591817855835
                ],
                [
                    0.9787315130233765,
                    -0.053008634597063065,
                    0.19817884266376495,
                    0.23781462013721466
                ],
                [
                    -1.1261661825301417e-08,
                    0.9660394787788391,
                    0.2583947479724884,
                    0.3100738823413849
                ],
                [
                    0,
                    0,
                    0,
                    1
                ]
            ]
        },
        {
            "file_path": "001.png",
            "transform_matrix": [
                [
                    0.9247227907180786,
                    -0.1323992908000946,
                    0.3568727672100067,
                    0.4282473623752594
                ],
                [
                    0.38064122200012207,
                    0.3216484487056732,
                    -0.8669801354408264,
                    -1.0403761863708496
                ],
                [
                    -1.496855972504818e-08,
                    0.937556803226471,
                    0.34783226251602173,
                    0.4173988103866577
                ],
                [
                    0,
                    0,
                    0,
                    1
                ]
            ]
        },
        {
            "file_path": "002.png",
            "transform_matrix": [
                [
                    -0.8371150493621826,
                    -0.2054177224636078,
                    0.5069931745529175,
                    0.6083918213844299
                ],
                [
                    0.5470269918441772,
                    -0.3143506348133087,
                    0.775851309299469,
                    0.931021511554718
                ],
                [
                    8.204045442994357e-09,
                    0.9268156886100769,
                    0.3755165934562683,
                    0.4506199359893799
                ],
                [
                    0,
                    0,
                    0,
                    1
                ]
            ]
        },
        {
            "file_path": "003.png",
            "transform_matrix": [
                [
                    0.6722944974899292,
                    -0.12464828044176102,
                    0.7297142744064331,
                    0.8756571412086487
                ],
                [
                    0.7402838468551636,
                    0.11320026218891144,
                    -0.6626957058906555,
                    -0.7952348589897156
                ],
                [
                    3.2763409762992524e-08,
                    0.9857223033905029,
                    0.1683790236711502,
                    0.20205481350421906
                ],
                [
                    0,
                    0,
                    0,
                    1
                ]
            ]
        },
        {
            "file_path": "004.png",
            "transform_matrix": [
                [
                    -0.4132043719291687,
                    0.2794319689273834,
                    -0.8667064905166626,
                    -1.0400476455688477
                ],
                [
                    -0.9106384515762329,
                    -0.12679298222064972,
                    0.3932700753211975,
                    0.4719240963459015
                ],
                [
                    6.165986832229464e-09,
                    0.9517570734024048,
                    0.306852787733078,
                    0.36822354793548584
                ],
                [
                    0,
                    0,
                    0,
                    1
                ]
            ]
        },
        {
            "file_path": "005.png",
            "transform_matrix": [
                [
                    -0.34721919894218445,
                    0.44925522804260254,
                    -0.8231698870658875,
                    -0.9878038167953491
                ],
                [
                    -0.9377840161323547,
                    -0.1663389801979065,
                    0.3047827184200287,
                    0.36573919653892517
                ],
                [
                    1.639379121343154e-08,
                    0.8777819275856018,
                    0.47906041145324707,
                    0.574872612953186
                ],
                [
                    0,
                    0,
                    0,
                    1
                ]
            ]
        }
    ]
}