{
    "camera_angle_x": 0.8575560450553894,
    "aabb": [
        [
            -0.35,
            -0.35,
            -0.35
        ],
        [
            0.35,
            0.35,
            0.35
        ]
    ],
    "frames": [
        {
            "file_path": "000.png",
            "transform_matrix": [
                [
                    0.48347482085227966,
                    0.17598843574523926,
                    -0.8574848175048828,
                    -1.0289818048477173
                ],
                [
                    -0.8753582835197449,
                    0.09720126539468765,
                    -0.4736030399799347,
                    -0.5683236122131348
                ],
                [
                    -1.6193673957332066e-08,
                    0.9795815944671631,
                    0.20104727149009705,
                    0.2412569671869278
                ],
                [
                    0,
                    0,
                    0,
                    1
                ]
            ]
        },
        {
            "file_path": "001.png",
            "transform_matrix": [
                [
                    0.6675814986228943,
                    0.3292221128940582,
                    -0.6677931547164917,
                    -0.8013518452644348
                ],
                [
                    -0.7445366978645325,
                    0.29519376158714294,
                    -0.5987702012062073,
                    -0.7185242772102356
                ],
                [
                    -1.9137562645710204e-08,
                    0.8969244360923767,
                    0.44218385219573975,
                    0.5306206941604614
                ],
                [
                    0,
                    0,
                    0,
                    1
                ]
            ]
        },
        {
            "file_path": "002.png",
            "transform_matrix": [
                [
                    -0.3151663839817047,
                    -0.14052937924861908,
                    0.9385742545127869,
                    1.1262891292572021
                ],
                [
                    0.9490364193916321,
                    -0.046668633818626404,
                    0.3116919696331024,
                    0.3740304410457611
                ],
                [
                    9.934090883234603e-08,
                    0.988976001739502,
                    0.1480758935213089,
                    0.17769095301628113
                ],
                [
                    0,
                    0,
                    0,
                    1
                ]
            ]
        },
        {
            "file_path": "003.png",
            "transform_matrix": [
                [
                    0.6249154210090637,
                    0.2929230034351349,
                    -0.7236552834510803,
                    -0.8683862090110779
                ],
                [
                    -0.7806925773620605,
                    0.23447389900684357,
                    -0.5792593359947205,
                    -0.695111095905304
                ],
                [
                    1.7842243238419542e-08,
                    0.9269403219223022,
                    0.3752090632915497,
                    0.4502510726451874
                ],
                [
                    0,
                    0,
                    0,
                    1
                ]
            ]
        },
        {
            "file_path": "004.png",
            "transform_matrix": [
                [
                    -0.9342753887176514,
                    0.07716226577758789,
                    -0.34810319542884827,
                    -0.41772380471229553
                ],
                [
                    -0.35655274987220764,
                    -0.2021883875131607,
                    0.9121350049972534,
                    1.0945619344711304
                ],
                [
                    1.235293822787753e-08,
                    0.9763022661209106,
                    0.21641181409358978,
                    0.2596943974494934
                ],
                [
                    0,
                    0,
                    0,
                    1
                ]
            ]
        },
        {
            "file_path": "005.png",
            "transform_matrix": [
                [
                    0.6491014957427979,
                    -0.10556280612945557,
                    0.7533417344093323,
                    0.9040100574493408
                ],
                [
                    0.7607018351554871,
                    0.09007589519023895,
                    -0.642821192741394,
                    -0.7713855504989624
                ],
                [
                    6.577224098691659e-08,
                    0.9903246164321899,
                    0.1387702077627182,
                    0.16652430593967438
                ],
                [
                    0,
                    0,
                    0,
                    1
                ]
            ]
        }
    ]
}