{
    "camera_angle_x": 0.8575560450553894,
    "aabb": [
        [
            -0.35,
            -0.35,
            -0.35
        ],
        [
            0.35,
            0.35,
            0.35
        ]
    ],
    "frames": [
        {
            "file_path": "000.png",
            "transform_matrix": [
                [
                    0.6497301459312439,
                    0.04635394364595413,
                    -0.7587503790855408,
                    -0.9105002880096436
                ],
                [
                    -0.7601649761199951,
                    0.0396195687353611,
                    -0.6485211849212646,
                    -0.7782253623008728
                ],
                [
                    -5.498159794115054e-08,
                    0.9981392025947571,
                    0.06097862869501114,
                    0.07317472249269485
                ],
                [
                    0,
                    0,
                    0,
                    1
                ]
            ]
        },
        {
            "file_path": "001.png",
            "transform_matrix": [
                [
                    0.682850182056427,
                    -0.18576815724372864,
                    0.7065449953079224,
                    0.84785395860672
                ],
                [
                    0.730558454990387,
                    0.17363670468330383,
                    -0.6604050397872925,
                    -0.7924859523773193
                ],
                [
                    1.5183923451900228e-08,
                    0.9671301245689392,
                    0.2542823255062103,
                    0.3051389455795288
                ],
                [
                    0,
                    0,
                    0,
                    1
                ]
            ]
        },
        {
            "file_path": "002.png",
            "transform_matrix": [
                [
                    0.4444197714328766,
                    -0.32467275857925415,
                    0.8349123597145081,
                    1.0018948316574097
                ],
                [
                    0.8958186507225037,
                    0.16107165813446045,
                    -0.41420385241508484,
                    -0.4970446825027466
                ],
                [
                    1.2698514240128134e-08,
                    0.9320104718208313,
                    0.3624313473701477,
                    0.4349176585674286
                ],
                [
                    0,
                    0,
                    0,
                    1
                ]
            ]
        },
        {
            "file_path": "003.png",
            "transform_matrix": [
                [
                    0.44803622364997864,
                    0.18063315749168396,
                    -0.8755770921707153,
                    -1.0506924390792847
                ],
                [
                    -0.8940154314041138,
                    0.09052432328462601,
                    -0.43879589438438416,
                    -0.526555061340332
                ],
                [
                    -3.758687583399478e-08,
                    0.9793758392333984,
                    0.20204699039459229,
                    0.24245648086071014
                ],
                [
                    0,
                    0,
                    0,
                    1
                ]
            ]
        },
        {
            "file_path": "004.png",
            "transform_matrix": [
                [
                    0.8690311312675476,
                    -0.03700805455446243,
                    0.4933713674545288,
                    0.5920455455780029
                ],
                [
                    0.49475741386413574,
                    0.06500378996133804,
                    -0.8665966391563416,
                    -1.039915919303894
                ],
                [
                    1.102698732324825e-08,
                    0.9971985816955566,
                    0.07480031996965408,
                    0.08976055681705475
                ],
                [
                    0,
                    0,
                    0,
                    1
                ]
            ]
        },
        {
            "file_path": "005.png",
            "transform_matrix": [
                [
                    0.9983733296394348,
                    -0.017338993027806282,
                    0.05431488901376724,
                    0.06517786532640457
                ],
                [
                    0.05701532959938049,
                    0.3036162853240967,
                    -0.9510869979858398,
                    -1.14130437374115
                ],
                [
                    2.30806618262136e-09,
                    0.9526366591453552,
                    0.30411097407341003,
                    0.3649333119392395
                ],
                [
                    0,
                    0,
                    0,
                    1
                ]
            ]
        }
    ]
}