{
    "camera_angle_x": 0.8575560450553894,
    "aabb": [
        [
            -0.35,
            -0.35,
            -0.35
        ],
        [
            0.35,
            0.35,
            0.35
        ]
    ],
    "frames": [
        {
            "file_path": "000.png",
            "transform_matrix": [
                [
                    0.9980046153068542,
                    -0.014482949860394001,
                    0.06145743653178215,
                    0.07374892383813858
                ],
                [
                    0.06314089149236679,
                    0.22891736030578613,
                    -0.9713959693908691,
                    -1.165675163269043
                ],
                [
                    1.144549344189727e-09,
                    0.9733381867408752,
                    0.22937504947185516,
                    0.27525022625923157
                ],
                [
                    0,
                    0,
                    0,
                    1
                ]
            ]
        },
        {
            "file_path": "001.png",
            "transform_matrix": [
                [
                    -0.12899181246757507,
                    -0.11783850938081741,
                    0.9846193790435791,
                    1.181543231010437
                ],
                [
                    0.9916456937789917,
                    -0.015328300185501575,
                    0.12807779014110565,
                    0.15369325876235962
                ],
                [
                    1.7038743749253626e-09,
                    0.9929144978523254,
                    0.11883121728897095,
                    0.14259755611419678
                ],
                [
                    0,
                    0,
                    0,
                    1
                ]
            ]
        },
        {
            "file_path": "002.png",
            "transform_matrix": [
                [
                    -0.9995495676994324,
                    0.00814155675470829,
                    -0.028886817395687103,
                    -0.03466418385505676
                ],
                [
                    -0.030012216418981552,
                    -0.2711526155471802,
                    0.9620683789253235,
                    1.154482126235962
                ],
                [
                    -1.3057193104515363e-09,
                    0.9625019431114197,
                    0.2712748050689697,
                    0.32552969455718994
                ],
                [
                    0,
                    0,
                    0,
                    1
                ]
            ]
        },
        {
            "file_path": "003.png",
            "transform_matrix": [
                [
                    -0.18794198334217072,
                    0.3810350000858307,
                    -0.9052570462226868,
                    -1.086308479309082
                ],
                [
                    -0.9821802377700806,
                    -0.07291176170110703,
                    0.17322251200675964,
                    0.2078671157360077
                ],
                [
                    4.41310419319052e-08,
                    0.92168128490448,
                    0.38794809579849243,
                    0.46553775668144226
                ],
                [
                    0,
                    0,
                    0,
                    1
                ]
            ]
        },
        {
            "file_path": "004.png",
            "transform_matrix": [
                [
                    -0.24930283427238464,
                    -0.2930615544319153,
                    0.9230185151100159,
                    1.1076221466064453
                ],
                [
                    0.9684256315231323,
                    -0.07544311136007309,
                    0.23761360347270966,
                    0.2851363718509674
                ],
                [
                    -6.149569742319727e-08,
                    0.9531124830245972,
                    0.3026164174079895,
                    0.36313971877098083
                ],
                [
                    0,
                    0,
                    0,
                    1
                ]
            ]
        },
        {
            "file_path": "005.png",
            "transform_matrix": [
                [
                    -0.6552553176879883,
                    -0.09429857134819031,
                    0.749498724937439,
                    0.8993985056877136
                ],
                [
                    0.7554075121879578,
                    -0.08179644495248795,
                    0.6501299142837524,
                    0.7801558375358582
                ],
                [
                    -9.966896641344647e-09,
                    0.9921780228614807,
                    0.12483135610818863,
                    0.14979758858680725
                ],
                [
                    0,
                    0,
                    0,
                    1
                ]
            ]
        }
    ]
}