{
    "camera_angle_x": 0.8575560450553894,
    "aabb": [
        [
            -0.35,
            -0.35,
            -0.35
        ],
        [
            0.35,
            0.35,
            0.35
        ]
    ],
    "frames": [
        {
            "file_path": "000.png",
            "transform_matrix": [
                [
                    0.35806703567504883,
                    0.3147861957550049,
                    -0.8790322542190552,
                    -1.0548386573791504
                ],
                [
                    -0.933695912361145,
                    0.12071863561868668,
                    -0.3371039032936096,
                    -0.40452471375465393
                ],
                [
                    -3.09774286222364e-08,
                    0.9414545893669128,
                    0.33713990449905396,
                    0.40456804633140564
                ],
                [
                    0,
                    0,
                    0,
                    1
                ]
            ]
        },
        {
            "file_path": "001.png",
            "transform_matrix": [
                [
                    0.8535992503166199,
                    -0.21215100586414337,
                    0.47577333450317383,
                    0.5709279775619507
                ],
                [
                    0.5209302306175232,
                    0.3476317226886749,
                    -0.7796050310134888,
                    -0.9355259537696838
                ],
                [
                    4.189293889567125e-08,
                    0.9133149981498718,
                    0.40725404024124146,
                    0.4887050688266754
                ],
                [
                    0,
                    0,
                    0,
                    1
                ]
            ]
        },
        {
            "file_path": "002.png",
            "transform_matrix": [
                [
                    0.9490213394165039,
                    -0.009149221703410149,
                    0.3150789439678192,
                    0.37809470295906067
                ],
                [
                    0.3152117431163788,
                    0.027545947581529617,
                    -0.9486215710639954,
                    -1.1383458375930786
                ],
                [
                    -1.7487606029931158e-08,
                    0.9995787143707275,
                    0.02902563102543354,
                    0.03483080863952637
                ],
                [
                    0,
                    0,
                    0,
                    1
                ]
            ]
        },
        {
            "file_path": "003.png",
            "transform_matrix": [
                [
                    0.44969630241394043,
                    -0.17496730387210846,
                    0.8758765459060669,
                    1.0510518550872803
                ],
                [
                    0.893181562423706,
                    0.08809196949005127,
                    -0.44098368287086487,
                    -0.5291805267333984
                ],
                [
                    -1.8264216805619071e-09,
                    0.9806254506111145,
                    0.19589217007160187,
                    0.23507070541381836
                ],
                [
                    0,
                    0,
                    0,
                    1
                ]
            ]
        },
        {
            "file_path": "004.png",
            "transform_matrix": [
                [
                    -0.5940248370170593,
                    0.2674502432346344,
                    -0.7586864233016968,
                    -0.9104235768318176
                ],
                [
                    -0.804446816444397,
                    -0.19749239087104797,
                    0.5602340698242188,
                    0.6722809076309204
                ],
                [
                    6.0564069315205415e-09,
                    0.9431157112121582,
                    0.3324647545814514,
                    0.39895787835121155
                ],
                [
                    0,
                    0,
                    0,
                    1
                ]
            ]
        },
        {
            "file_path": "005.png",
            "transform_matrix": [
                [
                    -0.7480801939964294,
                    0.3139285445213318,
                    -0.5846578478813171,
                    -0.7015894651412964
                ],
                [
                    -0.6636082530021667,
                    -0.35388898849487305,
                    0.6590800881385803,
                    0.7908961176872253
                ],
                [
                    3.3079196271046385e-08,
                    0.8810285925865173,
                    0.47306299209594727,
                    0.5676756501197815
                ],
                [
                    0,
                    0,
                    0,
                    1
                ]
            ]
        }
    ]
}