{
    "camera_angle_x": 0.8575560450553894,
    "aabb": [
        [
            -0.35,
            -0.35,
            -0.35
        ],
        [
            0.35,
            0.35,
            0.35
        ]
    ],
    "frames": [
        {
            "file_path": "000.png",
            "transform_matrix": [
                [
                    0.9696593880653381,
                    0.089859738945961,
                    -0.2273453176021576,
                    -0.2728143632411957
                ],
                [
                    -0.24445994198322296,
                    0.3564319908618927,
                    -0.9017735719680786,
                    -1.0821282863616943
                ],
                [
                    6.786113004864092e-09,
                    0.9299900531768799,
                    0.3675847351551056,
                    0.44110172986984253
                ],
                [
                    0,
                    0,
                    0,
                    1
                ]
            ]
        },
        {
            "file_path": "001.png",
            "transform_matrix": [
                [
                    -0.11261191219091415,
                    0.471565306186676,
                    -0.8746112585067749,
                    -1.049533486366272
                ],
                [
                    -0.9936391115188599,
                    -0.053443793207407,
                    0.09912212938070297,
                    0.11894650012254715
                ],
                [
                    6.108678007876733e-08,
                    0.8802102208137512,
                    0.47458407282829285,
                    0.5695009827613831
                ],
                [
                    0,
                    0,
                    0,
                    1
                ]
            ]
        },
        {
            "file_path": "002.png",
            "transform_matrix": [
                [
                    0.8041848540306091,
                    0.2325880229473114,
                    -0.5469822287559509,
                    -0.6563786864280701
                ],
                [
                    -0.5943793058395386,
                    0.31468746066093445,
                    -0.7400575280189514,
                    -0.8880689740180969
                ],
                [
                    -3.1487420670828214e-08,
                    0.9202579855918884,
                    0.3913123607635498,
                    0.4695749282836914
                ],
                [
                    0,
                    0,
                    0,
                    1
                ]
            ]
        },
        {
            "file_path": "003.png",
            "transform_matrix": [
                [
                    -0.48407191038131714,
                    0.3266768753528595,
                    -0.8117614388465881,
                    -0.9741138219833374
                ],
                [
                    -0.8750282526016235,
                    -0.1807200312614441,
                    0.4490722417831421,
                    0.5388866662979126
                ],
                [
                    -1.8895303099952798e-08,
                    0.9276974201202393,
                    0.3733329474925995,
                    0.4479994773864746
                ],
                [
                    0,
                    0,
                    0,
                    1
                ]
            ]
        },
        {
            "file_path": "004.png",
            "transform_matrix": [
                [
                    -0.8420782089233398,
                    0.026230843737721443,
                    -0.5387176275253296,
                    -0.6464611291885376
                ],
                [
                    -0.5393558740615845,
                    -0.04095344990491867,
                    0.8410816192626953,
                    1.0092978477478027
                ],
                [
                    -6.172333755216641e-09,
                    0.9988167881965637,
                    0.04863355681300163,
                    0.058360468596220016
                ],
                [
                    0,
                    0,
                    0,
                    1
                ]
            ]
        },
        {
            "file_path": "005.png",
            "transform_matrix": [
                [
                    -0.04247679561376572,
                    -0.19208654761314392,
                    0.9804583787918091,
                    1.1765499114990234
                ],
                [
                    0.9990975260734558,
                    -0.008166603744029999,
                    0.04168427363038063,
                    0.05002117529511452
                ],
                [
                    -5.895486765439273e-08,
                    0.9813441038131714,
                    0.1922599822282791,
                    0.23071223497390747
                ],
                [
                    0,
                    0,
                    0,
                    1
                ]
            ]
        }
    ]
}