{
    "camera_angle_x": 0.8575560450553894,
    "aabb": [
        [
            -0.35,
            -0.35,
            -0.35
        ],
        [
            0.35,
            0.35,
            0.35
        ]
    ],
    "frames": [
        {
            "file_path": "000.png",
            "transform_matrix": [
                [
                    0.9960667490959167,
                    0.0205418448895216,
                    -0.08619176596403122,
                    -0.1034301146864891
                ],
                [
                    -0.08860579878091812,
                    0.230922132730484,
                    -0.9689293503761292,
                    -1.162715196609497
                ],
                [
                    -4.002771447630948e-09,
                    0.9727554321289062,
                    0.23183399438858032,
                    0.2782008647918701
                ],
                [
                    0,
                    0,
                    0,
                    1
                ]
            ]
        },
        {
            "file_path": "001.png",
            "transform_matrix": [
                [
                    -0.6242760419845581,
                    -0.32686519622802734,
                    0.7095340490341187,
                    0.851440966129303
                ],
                [
                    0.7812038660049438,
                    -0.2612047493457794,
                    0.5670032501220703,
                    0.6804038286209106
                ],
                [
                    2.4999053493957035e-08,
                    0.908257246017456,
                    0.4184122085571289,
                    0.502094566822052
                ],
                [
                    0,
                    0,
                    0,
                    1
                ]
            ]
        },
        {
            "file_path": "002.png",
            "transform_matrix": [
                [
                    0.3476734757423401,
                    0.23211625218391418,
                    -0.9084300994873047,
                    -1.0901161432266235
                ],
                [
                    -0.937615692615509,
                    0.08607015758752823,
                    -0.3368512690067291,
                    -0.40422144532203674
                ],
                [
                    8.550097163606551e-08,
                    0.9688725471496582,
                    0.24756012856960297,
                    0.29707223176956177
                ],
                [
                    0,
                    0,
                    0,
                    1
                ]
            ]
        },
        {
            "file_path": "003.png",
            "transform_matrix": [
                [
                    0.9995870590209961,
                    -0.010781859047710896,
                    0.02663513645529747,
                    0.031962163746356964
                ],
                [
                    0.028734629973769188,
                    0.3750667870044708,
                    -0.926552414894104,
                    -1.1118627786636353
                ],
                [
                    -4.111009310747704e-10,
                    0.9269351363182068,
                    0.37522172927856445,
                    0.4502662122249603
                ],
                [
                    0,
                    0,
                    0,
                    1
                ]
            ]
        },
        {
            "file_path": "004.png",
            "transform_matrix": [
                [
                    -0.5623493790626526,
                    -0.3281356692314148,
                    0.7590062022209167,
                    0.9108072519302368
                ],
                [
                    0.8268998861312866,
                    -0.2231549322605133,
                    0.5161769986152649,
                    0.619412362575531
                ],
                [
                    -1.6348496956197778e-07,
                    0.9178938269615173,
                    0.39682620763778687,
                    0.4761916697025299
                ],
                [
                    0,
                    0,
                    0,
                    1
                ]
            ]
        },
        {
            "file_path": "005.png",
            "transform_matrix": [
                [
                    0.9599210023880005,
                    -0.022456280887126923,
                    0.279369592666626,
                    0.3352435231208801
                ],
                [
                    0.28027069568634033,
                    0.07691209018230438,
                    -0.9568349123001099,
                    -1.148201823234558
                ],
                [
                    3.0575943554822516e-08,
                    0.996785044670105,
                    0.08012336492538452,
                    0.09614823758602142
                ],
                [
                    0,
                    0,
                    0,
                    1
                ]
            ]
        }
    ]
}