{
    "camera_angle_x": 0.8575560450553894,
    "aabb": [
        [
            -0.35,
            -0.35,
            -0.35
        ],
        [
            0.35,
            0.35,
            0.35
        ]
    ],
    "frames": [
        {
            "file_path": "000.png",
            "transform_matrix": [
                [
                    0.6490603685379028,
                    0.2611456513404846,
                    -0.7145093083381653,
                    -0.85741126537323
                ],
                [
                    -0.760736882686615,
                    0.22280941903591156,
                    -0.6096190214157104,
                    -0.7315428256988525
                ],
                [
                    5.0495771120040445e-08,
                    0.939233124256134,
                    0.3432798981666565,
                    0.41193583607673645
                ],
                [
                    0,
                    0,
                    0,
                    1
                ]
            ]
        },
        {
            "file_path": "001.png",
            "transform_matrix": [
                [
                    -0.7969136834144592,
                    -0.005660842172801495,
                    0.6040667295455933,
                    0.7248800992965698
                ],
                [
                    0.6040932536125183,
                    -0.0074677919037640095,
                    0.7968786954879761,
                    0.9562544226646423
                ],
                [
                    2.917954766701314e-08,
                    0.9999561309814453,
                    0.009370829910039902,
                    0.01124497689306736
                ],
                [
                    0,
                    0,
                    0,
                    1
                ]
            ]
        },
        {
            "file_path": "002.png",
            "transform_matrix": [
                [
                    -0.98812335729599,
                    -0.0025378826539963484,
                    0.15364161133766174,
                    0.18436993658542633
                ],
                [
                    0.1536625772714615,
                    -0.0163197610527277,
                    0.9879885911941528,
                    1.1855863332748413
                ],
                [
                    -4.745381421145112e-09,
                    0.9998636245727539,
                    0.016515912488102913,
                    0.019819073379039764
                ],
                [
                    0,
                    0,
                    0,
                    1
                ]
            ]
        },
        {
            "file_path": "003.png",
            "transform_matrix": [
                [
                    -0.9288972616195679,
                    0.0790928453207016,
                    -0.3617931306362152,
                    -0.4341517388820648
                ],
                [
                    -0.3703376054763794,
                    -0.19838421046733856,
                    0.9074655771255493,
                    1.088958740234375
                ],
                [
                    1.3073186977408113e-09,
                    0.9769278764724731,
                    0.2135695517063141,
                    0.25628364086151123
                ],
                [
                    0,
                    0,
                    0,
                    1
                ]
            ]
        },
        {
            "file_path": "004.png",
            "transform_matrix": [
                [
                    0.9764927625656128,
                    0.031611308455467224,
                    -0.21321970224380493,
                    -0.25586360692977905
                ],
                [
                    -0.2155502736568451,
                    0.1432064175605774,
                    -0.9659348130226135,
                    -1.1591217517852783
                ],
                [
                    -2.2522247178358157e-08,
                    0.9891878962516785,
                    0.14665386080741882,
                    0.17598481476306915
                ],
                [
                    0,
                    0,
                    0,
                    1
                ]
            ]
        },
        {
            "file_path": "005.png",
            "transform_matrix": [
                [
                    0.9996404647827148,
                    0.0018752573523670435,
                    -0.026748130097985268,
                    -0.03209775313735008
                ],
                [
                    -0.02681378461420536,
                    0.06991104781627655,
                    -0.997192919254303,
                    -1.1966314315795898
                ],
                [
                    -3.122342384642707e-10,
                    0.9975515604019165,
                    0.06993619352579117,
                    0.0839235708117485
                ],
                [
                    0,
                    0,
                    0,
                    1
                ]
            ]
        }
    ]
}