{
    "camera_angle_x": 0.8575560450553894,
    "aabb": [
        [
            -0.35,
            -0.35,
            -0.35
        ],
        [
            0.35,
            0.35,
            0.35
        ]
    ],
    "frames": [
        {
            "file_path": "000.png",
            "transform_matrix": [
                [
                    -0.5720398426055908,
                    0.008390954695641994,
                    -0.8201829195022583,
                    -0.984219491481781
                ],
                [
                    -0.8202258944511414,
                    -0.005851980298757553,
                    0.5720098614692688,
                    0.68641197681427
                ],
                [
                    2.0835525305074043e-08,
                    0.9999476671218872,
                    0.010230031795799732,
                    0.012276033870875835
                ],
                [
                    0,
                    0,
                    0,
                    1
                ]
            ]
        },
        {
            "file_path": "001.png",
            "transform_matrix": [
                [
                    -0.955497682094574,
                    0.07890710234642029,
                    -0.284249871969223,
                    -0.3410998582839966
                ],
                [
                    -0.2949988543987274,
                    -0.2555791437625885,
                    0.9206818342208862,
                    1.1048182249069214
                ],
                [
                    6.203464408827131e-09,
                    0.9635626673698425,
                    0.267482727766037,
                    0.32097935676574707
                ],
                [
                    0,
                    0,
                    0,
                    1
                ]
            ]
        },
        {
            "file_path": "002.png",
            "transform_matrix": [
                [
                    -0.9982655644416809,
                    0.016632746905088425,
                    -0.05647534504532814,
                    -0.06777040660381317
                ],
                [
                    -0.058873701840639114,
                    -0.2820257246494293,
                    0.9575988054275513,
                    1.1491185426712036
                ],
                [
                    2.25330198944107e-09,
                    0.9592627286911011,
                    0.28251564502716064,
                    0.33901894092559814
                ],
                [
                    0,
                    0,
                    0,
                    1
                ]
            ]
        },
        {
            "file_path": "003.png",
            "transform_matrix": [
                [
                    0.927484929561615,
                    0.15765796601772308,
                    -0.33899208903312683,
                    -0.406790554523468
                ],
                [
                    -0.3738604784011841,
                    0.39112287759780884,
                    -0.8409823179244995,
                    -1.009178876876831
                ],
                [
                    -2.207446669899582e-09,
                    0.9067342281341553,
                    0.42170265316963196,
                    0.5060431957244873
                ],
                [
                    0,
                    0,
                    0,
                    1
                ]
            ]
        },
        {
            "file_path": "004.png",
            "transform_matrix": [
                [
                    0.19713850319385529,
                    0.33329156041145325,
                    -0.9219833016395569,
                    -1.1063799858093262
                ],
                [
                    -0.9803757071495056,
                    0.0670197531580925,
                    -0.18539676070213318,
                    -0.22247622907161713
                ],
                [
                    -1.6217462928125315e-08,
                    0.9404388666152954,
                    0.33996304869651794,
                    0.40795567631721497
                ],
                [
                    0,
                    0,
                    0,
                    1
                ]
            ]
        },
        {
            "file_path": "005.png",
            "transform_matrix": [
                [
                    0.9539077281951904,
                    -0.050143543630838394,
                    0.29588115215301514,
                    0.35505735874176025
                ],
                [
                    0.30010005831718445,
                    0.1593877077102661,
                    -0.9404977560043335,
                    -1.1285970211029053
                ],
                [
                    -1.38880285049936e-08,
                    0.985942006111145,
                    0.16708923876285553,
                    0.2005072385072708
                ],
                [
                    0,
                    0,
                    0,
                    1
                ]
            ]
        }
    ]
}