{
    "camera_angle_x": 0.8575560450553894,
    "aabb": [
        [
            -0.35,
            -0.35,
            -0.35
        ],
        [
            0.35,
            0.35,
            0.35
        ]
    ],
    "frames": [
        {
            "file_path": "000.png",
            "transform_matrix": [
                [
                    0.9314190745353699,
                    -0.14837788045406342,
                    0.3323288857936859,
                    0.3987947106361389
                ],
                [
                    0.3639484643936157,
                    0.37972956895828247,
                    -0.8504980802536011,
                    -1.0205976963043213
                ],
                [
                    -5.1372381904002395e-09,
                    0.9131207466125488,
                    0.40768924355506897,
                    0.4892270267009735
                ],
                [
                    0,
                    0,
                    0,
                    1
                ]
            ]
        },
        {
            "file_path": "001.png",
            "transform_matrix": [
                [
                    0.9198673367500305,
                    0.009017477743327618,
                    -0.3921259343624115,
                    -0.47055110335350037
                ],
                [
                    -0.3922296166419983,
                    0.02114792913198471,
                    -0.9196242690086365,
                    -1.1035491228103638
                ],
                [
                    -1.493568646537824e-08,
                    0.9997357726097107,
                    0.022990206256508827,
                    0.027588512748479843
                ],
                [
                    0,
                    0,
                    0,
                    1
                ]
            ]
        },
        {
            "file_path": "002.png",
            "transform_matrix": [
                [
                    0.9375215172767639,
                    -0.07135052233934402,
                    0.34053269028663635,
                    0.4086392819881439
                ],
                [
                    0.3479273021221161,
                    0.19226045906543732,
                    -0.9175960421562195,
                    -1.101115345954895
                ],
                [
                    -1.1705683533591582e-08,
                    0.9787466526031494,
                    0.20507310330867767,
                    0.2460877150297165
                ],
                [
                    0,
                    0,
                    0,
                    1
                ]
            ]
        },
        {
            "file_path": "003.png",
            "transform_matrix": [
                [
                    -0.9988861083984375,
                    0.014440604485571384,
                    -0.044922832399606705,
                    -0.053907398134469986
                ],
                [
                    -0.047186776995658875,
                    -0.30568987131118774,
                    0.950961172580719,
                    1.1411534547805786
                ],
                [
                    2.1978663333754866e-10,
                    0.9520216584205627,
                    0.3060307204723358,
                    0.3672368824481964
                ],
                [
                    0,
                    0,
                    0,
                    1
                ]
            ]
        },
        {
            "file_path": "004.png",
            "transform_matrix": [
                [
                    -0.9979187250137329,
                    0.008095260709524155,
                    -0.06397561728954315,
                    -0.07677074521780014
                ],
                [
                    -0.06448575854301453,
                    -0.1252744495868683,
                    0.990024209022522,
                    1.1880290508270264
                ],
                [
                    -3.6119514046362156e-09,
                    0.9920891523361206,
                    0.12553566694259644,
                    0.1506427377462387
                ],
                [
                    0,
                    0,
                    0,
                    1
                ]
            ]
        },
        {
            "file_path": "005.png",
            "transform_matrix": [
                [
                    -0.9831230044364929,
                    0.05528661236166954,
                    -0.17439240217208862,
                    -0.2092708796262741
                ],
                [
                    -0.18294622004032135,
                    -0.2971011996269226,
                    0.9371561408042908,
                    1.1245872974395752
                ],
                [
                    -1.0661711513648697e-09,
                    0.9532440900802612,
                    0.30220142006874084,
                    0.3626418113708496
                ],
                [
                    0,
                    0,
                    0,
                    1
                ]
            ]
        }
    ]
}