{
    "camera_angle_x": 0.8575560450553894,
    "aabb": [
        [
            -0.35,
            -0.35,
            -0.35
        ],
        [
            0.35,
            0.35,
            0.35
        ]
    ],
    "frames": [
        {
            "file_path": "000.png",
            "transform_matrix": [
                [
                    -0.9790354371070862,
                    -0.06417772173881531,
                    0.1933155506849289,
                    0.2319786697626114
                ],
                [
                    0.20369015634059906,
                    -0.3084697127342224,
                    0.9291699528694153,
                    1.1150039434432983
                ],
                [
                    -1.8685378577742995e-08,
                    0.9490667581558228,
                    0.3150751292705536,
                    0.37809035181999207
                ],
                [
                    0,
                    0,
                    0,
                    1
                ]
            ]
        },
        {
            "file_path": "001.png",
            "transform_matrix": [
                [
                    0.4517234265804291,
                    0.39410078525543213,
                    -0.8003941178321838,
                    -0.9604727625846863
                ],
                [
                    -0.8921581506729126,
                    0.1995435506105423,
                    -0.4052610695362091,
                    -0.4863131642341614
                ],
                [
                    -5.699744676235241e-08,
                    0.8971439599990845,
                    0.4417385756969452,
                    0.5300865173339844
                ],
                [
                    0,
                    0,
                    0,
                    1
                ]
            ]
        },
        {
            "file_path": "002.png",
            "transform_matrix": [
                [
                    -0.9092040061950684,
                    0.20015431940555573,
                    -0.3650840222835541,
                    -0.4381008446216583
                ],
                [
                    -0.41635093092918396,
                    -0.4370858073234558,
                    0.7972502112388611,
                    0.9567002654075623
                ],
                [
                    3.457873631873554e-08,
                    0.8768661618232727,
                    0.48073458671569824,
                    0.5768815875053406
                ],
                [
                    0,
                    0,
                    0,
                    1
                ]
            ]
        },
        {
            "file_path": "003.png",
            "transform_matrix": [
                [
                    0.2339247316122055,
                    -0.0794072300195694,
                    0.9690066576004028,
                    1.1628079414367676
                ],
                [
                    0.9722548127174377,
                    0.019105341285467148,
                    -0.23314335942268372,
                    -0.279772013425827
                ],
                [
                    -8.134025364370245e-08,
                    0.9966592788696289,
                    0.08167314529418945,
                    0.09800783544778824
                ],
                [
                    0,
                    0,
                    0,
                    1
                ]
            ]
        },
        {
            "file_path": "004.png",
            "transform_matrix": [
                [
                    0.27792415022850037,
                    0.3756600320339203,
                    -0.8841027617454529,
                    -1.0609233379364014
                ],
                [
                    -0.9606030583381653,
                    0.10868696868419647,
                    -0.25579091906547546,
                    -0.30694910883903503
                ],
                [
                    4.330235015004291e-08,
                    0.9203622937202454,
                    0.39106687903404236,
                    0.4692802429199219
                ],
                [
                    0,
                    0,
                    0,
                    1
                ]
            ]
        },
        {
            "file_path": "005.png",
            "transform_matrix": [
                [
                    0.4336268901824951,
                    -0.18011176586151123,
                    0.8829085230827332,
                    1.0594903230667114
                ],
                [
                    0.901092529296875,
                    0.08667401224374771,
                    -0.42487633228302,
                    -0.5098516941070557
                ],
                [
                    -1.8998704831574287e-08,
                    0.9798200726509094,
                    0.19988153874874115,
                    0.23985785245895386
                ],
                [
                    0,
                    0,
                    0,
                    1
                ]
            ]
        }
    ]
}