{
    "camera_angle_x": 0.8575560450553894,
    "aabb": [
        [
            -0.35,
            -0.35,
            -0.35
        ],
        [
            0.35,
            0.35,
            0.35
        ]
    ],
    "frames": [
        {
            "file_path": "000.png",
            "transform_matrix": [
                [
                    0.6235604882240295,
                    0.27048107981681824,
                    -0.7334932684898376,
                    -0.8801918029785156
                ],
                [
                    -0.781775176525116,
                    0.2157413512468338,
                    -0.5850499868392944,
                    -0.7020599246025085
                ],
                [
                    -1.2118418268869391e-08,
                    0.9382408261299133,
                    0.3459831178188324,
                    0.4151798188686371
                ],
                [
                    0,
                    0,
                    0,
                    1
                ]
            ]
        },
        {
            "file_path": "001.png",
            "transform_matrix": [
                [
                    0.7615275979042053,
                    0.011563330888748169,
                    -0.6480293869972229,
                    -0.7776352167129517
                ],
                [
                    -0.6481325626373291,
                    0.013586185872554779,
                    -0.7614065408706665,
                    -0.9136877655982971
                ],
                [
                    -5.803211422517052e-08,
                    0.9998409748077393,
                    0.0178407933562994,
                    0.021409356966614723
                ],
                [
                    0,
                    0,
                    0,
                    1
                ]
            ]
        },
        {
            "file_path": "002.png",
            "transform_matrix": [
                [
                    -0.9916098117828369,
                    0.0076808263547718525,
                    -0.12903864681720734,
                    -0.1548464000225067
                ],
                [
                    -0.12926703691482544,
                    -0.05891985818743706,
                    0.9898577928543091,
                    1.1878293752670288
                ],
                [
                    -1.3306190815853824e-08,
                    0.9982331395149231,
                    0.059418391436338425,
                    0.07130205631256104
                ],
                [
                    0,
                    0,
                    0,
                    1
                ]
            ]
        },
        {
            "file_path": "003.png",
            "transform_matrix": [
                [
                    0.17601604759693146,
                    0.2100478857755661,
                    -0.9617164731025696,
                    -1.154059648513794
                ],
                [
                    -0.9843874573707581,
                    0.03755810484290123,
                    -0.17196246981620789,
                    -0.20635493099689484
                ],
                [
                    8.063793899282246e-08,
                    0.9769695997238159,
                    0.2133791446685791,
                    0.25605520606040955
                ],
                [
                    0,
                    0,
                    0,
                    1
                ]
            ]
        },
        {
            "file_path": "004.png",
            "transform_matrix": [
                [
                    0.42850080132484436,
                    -0.14924810826778412,
                    0.8911296725273132,
                    1.0693556070327759
                ],
                [
                    0.9035414457321167,
                    0.07078029960393906,
                    -0.4226146340370178,
                    -0.5071375966072083
                ],
                [
                    -3.637946477397236e-08,
                    0.9862632751464844,
                    0.1651812344789505,
                    0.19821761548519135
                ],
                [
                    0,
                    0,
                    0,
                    1
                ]
            ]
        },
        {
            "file_path": "005.png",
            "transform_matrix": [
                [
                    0.9923822283744812,
                    0.014336328953504562,
                    -0.12236019968986511,
                    -0.14683225750923157
                ],
                [
                    -0.12319719046354294,
                    0.11548248678445816,
                    -0.9856400489807129,
                    -1.1827681064605713
                ],
                [
                    4.034567790967003e-09,
                    0.9932060837745667,
                    0.11636896431446075,
                    0.13964273035526276
                ],
                [
                    0,
                    0,
                    0,
                    1
                ]
            ]
        }
    ]
}