{
    "camera_angle_x": 0.8575560450553894,
    "aabb": [
        [
            -0.35,
            -0.35,
            -0.35
        ],
        [
            0.35,
            0.35,
            0.35
        ]
    ],
    "frames": [
        {
            "file_path": "000.png",
            "transform_matrix": [
                [
                    0.8393813967704773,
                    -0.033523641526699066,
                    0.5425081253051758,
                    0.6510098576545715
                ],
                [
                    0.5435429215431213,
                    0.05176983401179314,
                    -0.8377833962440491,
                    -1.0053400993347168
                ],
                [
                    -1.0743832490334171e-08,
                    0.998096227645874,
                    0.06167617067694664,
                    0.07401138544082642
                ],
                [
                    0,
                    0,
                    0,
                    1
                ]
            ]
        },
        {
            "file_path": "001.png",
            "transform_matrix": [
                [
                    0.4036201238632202,
                    0.050969693809747696,
                    -0.9135058522224426,
                    -1.0962070226669312
                ],
                [
                    -0.9149267077445984,
                    0.022485176101326942,
                    -0.402993381023407,
                    -0.48359203338623047
                ],
                [
                    -5.8341658615290726e-08,
                    0.9984471201896667,
                    0.05570897087454796,
                    0.06685078889131546
                ],
                [
                    0,
                    0,
                    0,
                    1
                ]
            ]
        },
        {
            "file_path": "002.png",
            "transform_matrix": [
                [
                    0.9987570643424988,
                    0.0045528835617005825,
                    -0.04963493347167969,
                    -0.059561919420957565
                ],
                [
                    -0.049843307584524155,
                    0.09123034030199051,
                    -0.9945816993713379,
                    -1.1934980154037476
                ],
                [
                    -5.537161840152294e-10,
                    0.9958194494247437,
                    0.09134387969970703,
                    0.10961268097162247
                ],
                [
                    0,
                    0,
                    0,
                    1
                ]
            ]
        },
        {
            "file_path": "003.png",
            "transform_matrix": [
                [
                    0.010447593405842781,
                    -0.440622478723526,
                    0.8976317644119263,
                    1.0771580934524536
                ],
                [
                    0.9999455213546753,
                    0.004603549838066101,
                    -0.009378721937537193,
                    -0.01125452108681202
                ],
                [
                    1.147899197917468e-07,
                    0.8976807594299316,
                    0.4406464397907257,
                    0.5287758708000183
                ],
                [
                    0,
                    0,
                    0,
                    1
                ]
            ]
        },
        {
            "file_path": "004.png",
            "transform_matrix": [
                [
                    -0.8003843426704407,
                    0.06195516139268875,
                    -0.5962775349617004,
                    -0.7155330181121826
                ],
                [
                    -0.5994876027107239,
                    -0.08271726220846176,
                    0.7960984706878662,
                    0.955318033695221
                ],
                [
                    3.279593485672194e-08,
                    0.9946454763412476,
                    0.10334671288728714,
                    0.12401629984378815
                ],
                [
                    0,
                    0,
                    0,
                    1
                ]
            ]
        },
        {
            "file_path": "005.png",
            "transform_matrix": [
                [
                    0.5196458697319031,
                    -0.2416611760854721,
                    0.819492518901825,
                    0.9833911061286926
                ],
                [
                    0.8543817400932312,
                    0.14698152244091034,
                    -0.49842575192451477,
                    -0.5981109142303467
                ],
                [
                    -6.239895355975023e-08,
                    0.9591643214225769,
                    0.2828492522239685,
                    0.33941903710365295
                ],
                [
                    0,
                    0,
                    0,
                    1
                ]
            ]
        }
    ]
}