{
    "camera_angle_x": 0.8575560450553894,
    "aabb": [
        [
            -0.35,
            -0.35,
            -0.35
        ],
        [
            0.35,
            0.35,
            0.35
        ]
    ],
    "frames": [
        {
            "file_path": "000.png",
            "transform_matrix": [
                [
                    -0.47782137989997864,
                    0.055931802839040756,
                    -0.8766747117042542,
                    -1.0520095825195312
                ],
                [
                    -0.8784571290016174,
                    -0.030423175543546677,
                    0.47685182094573975,
                    0.572222113609314
                ],
                [
                    1.774358793227293e-08,
                    0.9979710578918457,
                    0.06367041915655136,
                    0.0764046460390091
                ],
                [
                    0,
                    0,
                    0,
                    1
                ]
            ]
        },
        {
            "file_path": "001.png",
            "transform_matrix": [
                [
                    -0.09242355078458786,
                    0.38443946838378906,
                    -0.9185120463371277,
                    -1.1022143363952637
                ],
                [
                    -0.995719850063324,
                    -0.03568396344780922,
                    0.08525701612234116,
                    0.10230842232704163
                ],
                [
                    9.079649032628367e-08,
                    0.9224603772163391,
                    0.3860919177532196,
                    0.4633104205131531
                ],
                [
                    0,
                    0,
                    0,
                    1
                ]
            ]
        },
        {
            "file_path": "002.png",
            "transform_matrix": [
                [
                    0.8199141025543213,
                    -0.02838575281202793,
                    0.5717824101448059,
                    0.6861388683319092
                ],
                [
                    0.5724865794181824,
                    0.04065394401550293,
                    -0.8189055919647217,
                    -0.9826868176460266
                ],
                [
                    4.10353990787371e-08,
                    0.998769998550415,
                    0.049583204090595245,
                    0.059499893337488174
                ],
                [
                    0,
                    0,
                    0,
                    1
                ]
            ]
        },
        {
            "file_path": "003.png",
            "transform_matrix": [
                [
                    -0.06890787184238434,
                    0.2428169548511505,
                    -0.9676216244697571,
                    -1.1611460447311401
                ],
                [
                    -0.9976229667663574,
                    -0.01677188277244568,
                    0.06683563441038132,
                    0.08020274341106415
                ],
                [
                    -3.998848185915449e-08,
                    0.9699270725250244,
                    0.24339553713798523,
                    0.29207462072372437
                ],
                [
                    0,
                    0,
                    0,
                    1
                ]
            ]
        },
        {
            "file_path": "004.png",
            "transform_matrix": [
                [
                    -0.37440478801727295,
                    -0.3460454046726227,
                    0.860275387763977,
                    1.0323305130004883
                ],
                [
                    0.9272654056549072,
                    -0.13972380757331848,
                    0.34735599160194397,
                    0.4168272018432617
                ],
                [
                    -2.249868735759719e-08,
                    0.9277552962303162,
                    0.37318912148475647,
                    0.44782692193984985
                ],
                [
                    0,
                    0,
                    0,
                    1
                ]
            ]
        },
        {
            "file_path": "005.png",
            "transform_matrix": [
                [
                    0.9423511624336243,
                    -0.10946627706289291,
                    0.3162141442298889,
                    0.3794569969177246
                ],
                [
                    0.3346255421638489,
                    0.30827194452285767,
                    -0.8905022144317627,
                    -1.0686026811599731
                ],
                [
                    3.5820963972810205e-09,
                    0.9449791312217712,
                    0.32713064551353455,
                    0.392556756734848
                ],
                [
                    0,
                    0,
                    0,
                    1
                ]
            ]
        }
    ]
}