{
    "camera_angle_x": 0.8575560450553894,
    "aabb": [
        [
            -0.35,
            -0.35,
            -0.35
        ],
        [
            0.35,
            0.35,
            0.35
        ]
    ],
    "frames": [
        {
            "file_path": "000.png",
            "transform_matrix": [
                [
                    0.9999428391456604,
                    -0.0011206567287445068,
                    0.010634789243340492,
                    0.01276174746453762
                ],
                [
                    0.010693672113120556,
                    0.10479018837213516,
                    -0.9944369196891785,
                    -1.193324327468872
                ],
                [
                    -1.3681653032726615e-10,
                    0.9944937825202942,
                    0.10479617863893509,
                    0.12575553357601166
                ],
                [
                    0,
                    0,
                    0,
                    1
                ]
            ]
        },
        {
            "file_path": "001.png",
            "transform_matrix": [
                [
                    -0.9913073182106018,
                    -0.023708820343017578,
                    0.12941335141658783,
                    0.15529601275920868
                ],
                [
                    0.13156718015670776,
                    -0.17863668501377106,
                    0.9750789999961853,
                    1.1700947284698486
                ],
                [
                    -4.45678516314274e-09,
                    0.9836294651031494,
                    0.18020310997962952,
                    0.21624384820461273
                ],
                [
                    0,
                    0,
                    0,
                    1
                ]
            ]
        },
        {
            "file_path": "002.png",
            "transform_matrix": [
                [
                    0.28065651655197144,
                    -0.22405055165290833,
                    0.9332916736602783,
                    1.1199499368667603
                ],
                [
                    0.959808349609375,
                    0.06551425904035568,
                    -0.2729029059410095,
                    -0.32748353481292725
                ],
                [
                    5.835657290731433e-08,
                    0.9723730683326721,
                    0.23343251645565033,
                    0.2801191806793213
                ],
                [
                    0,
                    0,
                    0,
                    1
                ]
            ]
        },
        {
            "file_path": "003.png",
            "transform_matrix": [
                [
                    0.7198449969291687,
                    -0.0740305483341217,
                    0.6901758313179016,
                    0.8282109498977661
                ],
                [
                    0.6941348910331726,
                    0.07677255570888519,
                    -0.715739369392395,
                    -0.858887255191803
                ],
                [
                    -2.442293833837539e-08,
                    0.9942965507507324,
                    0.10665150731801987,
                    0.12798181176185608
                ],
                [
                    0,
                    0,
                    0,
                    1
                ]
            ]
        },
        {
            "file_path": "004.png",
            "transform_matrix": [
                [
                    -0.9979178309440613,
                    -0.010473894886672497,
                    0.06364408135414124,
                    0.0763729065656662
                ],
                [
                    0.06450016796588898,
                    -0.16204752027988434,
                    0.9846727848052979,
                    1.1816073656082153
                ],
                [
                    2.572226209807127e-09,
                    0.9867274165153503,
                    0.16238553822040558,
                    0.19486264884471893
                ],
                [
                    0,
                    0,
                    0,
                    1
                ]
            ]
        },
        {
            "file_path": "005.png",
            "transform_matrix": [
                [
                    0.7456313967704773,
                    -0.2594044804573059,
                    0.6137940287590027,
                    0.7365528345108032
                ],
                [
                    0.6663585901260376,
                    0.290264368057251,
                    -0.6868135333061218,
                    -0.8241762518882751
                ],
                [
                    -3.916366608791577e-08,
                    0.9211167097091675,
                    0.3892866373062134,
                    0.46714386343955994
                ],
                [
                    0,
                    0,
                    0,
                    1
                ]
            ]
        }
    ]
}