{
    "camera_angle_x": 0.8575560450553894,
    "aabb": [
        [
            -0.35,
            -0.35,
            -0.35
        ],
        [
            0.35,
            0.35,
            0.35
        ]
    ],
    "frames": [
        {
            "file_path": "000.png",
            "transform_matrix": [
                [
                    -0.7389456033706665,
                    0.2304006665945053,
                    -0.6331468224525452,
                    -0.75977623462677
                ],
                [
                    -0.6737650632858276,
                    -0.25268983840942383,
                    0.6943979263305664,
                    0.8332775235176086
                ],
                [
                    -1.1944099043148526e-08,
                    0.9397145509719849,
                    0.34195995330810547,
                    0.4103519320487976
                ],
                [
                    0,
                    0,
                    0,
                    1
                ]
            ]
        },
        {
            "file_path": "001.png",
            "transform_matrix": [
                [
                    0.039214156568050385,
                    -0.18760621547698975,
                    0.981461226940155,
                    1.1777535676956177
                ],
                [
                    0.9992308020591736,
                    0.007362512871623039,
                    -0.03851677477359772,
                    -0.046220067888498306
                ],
                [
                    -1.1965557433768481e-08,
                    0.9822167158126831,
                    0.1877506524324417,
                    0.2253008335828781
                ],
                [
                    0,
                    0,
                    0,
                    1
                ]
            ]
        },
        {
            "file_path": "002.png",
            "transform_matrix": [
                [
                    0.4793371558189392,
                    0.14901229739189148,
                    -0.8648879528045654,
                    -1.0378656387329102
                ],
                [
                    -0.8776308298110962,
                    0.08138631284236908,
                    -0.47237735986709595,
                    -0.566852867603302
                ],
                [
                    4.300634515175261e-09,
                    0.9854803681373596,
                    0.16978926956653595,
                    0.20374716818332672
                ],
                [
                    0,
                    0,
                    0,
                    1
                ]
            ]
        },
        {
            "file_path": "003.png",
            "transform_matrix": [
                [
                    0.1637835055589676,
                    0.43046149611473083,
                    -0.8876250386238098,
                    -1.0651499032974243
                ],
                [
                    -0.9864964485168457,
                    0.07146745920181274,
                    -0.14736849069595337,
                    -0.1768421083688736
                ],
                [
                    3.5930760589053534e-09,
                    0.8997753262519836,
                    0.43635374307632446,
                    0.52362459897995
                ],
                [
                    0,
                    0,
                    0,
                    1
                ]
            ]
        },
        {
            "file_path": "004.png",
            "transform_matrix": [
                [
                    -0.12081371247768402,
                    -0.1786845624446869,
                    0.9764609932899475,
                    1.1717530488967896
                ],
                [
                    0.9926753044128418,
                    -0.021746883168816566,
                    0.11884026229381561,
                    0.14260834455490112
                ],
                [
                    -2.4493253647506208e-08,
                    0.9836661219596863,
                    0.18000295758247375,
                    0.21600376069545746
                ],
                [
                    0,
                    0,
                    0,
                    1
                ]
            ]
        },
        {
            "file_path": "005.png",
            "transform_matrix": [
                [
                    0.12472411245107651,
                    0.05031687393784523,
                    -0.9909147620201111,
                    -1.1890977621078491
                ],
                [
                    -0.9921914339065552,
                    0.006325163878500462,
                    -0.12456361204385757,
                    -0.1494763344526291
                ],
                [
                    3.457119390759544e-08,
                    0.9987132549285889,
                    0.05071288347244263,
                    0.06085536256432533
                ],
                [
                    0,
                    0,
                    0,
                    1
                ]
            ]
        }
    ]
}