{
    "camera_angle_x": 0.8575560450553894,
    "aabb": [
        [
            -0.35,
            -0.35,
            -0.35
        ],
        [
            0.35,
            0.35,
            0.35
        ]
    ],
    "frames": [
        {
            "file_path": "000.png",
            "transform_matrix": [
                [
                    0.7182566523551941,
                    0.05402369052171707,
                    -0.6936777830123901,
                    -0.8324133157730103
                ],
                [
                    -0.6957782506942749,
                    0.055768921971321106,
                    -0.7160883545875549,
                    -0.8593060374259949
                ],
                [
                    -4.6870514580632516e-08,
                    0.996981143951416,
                    0.07764489948749542,
                    0.09317393600940704
                ],
                [
                    0,
                    0,
                    0,
                    1
                ]
            ]
        },
        {
            "file_path": "001.png",
            "transform_matrix": [
                [
                    0.8217981457710266,
                    -0.16535015404224396,
                    0.5452587604522705,
                    0.6543105244636536
                ],
                [
                    0.5697787404060364,
                    0.23848627507686615,
                    -0.7864328026771545,
                    -0.9437193274497986
                ],
                [
                    2.4980906232485722e-08,
                    0.9569658637046814,
                    0.2902005612850189,
                    0.34824082255363464
                ],
                [
                    0,
                    0,
                    0,
                    1
                ]
            ]
        },
        {
            "file_path": "002.png",
            "transform_matrix": [
                [
                    0.9972671866416931,
                    0.01626463048160076,
                    -0.07206691801548004,
                    -0.08648030459880829
                ],
                [
                    -0.07387948781251907,
                    0.2195490449666977,
                    -0.9728001952171326,
                    -1.1673601865768433
                ],
                [
                    -2.847915903103626e-09,
                    0.9754659533500671,
                    0.2201506793498993,
                    0.2641810476779938
                ],
                [
                    0,
                    0,
                    0,
                    1
                ]
            ]
        },
        {
            "file_path": "003.png",
            "transform_matrix": [
                [
                    0.8311866521835327,
                    0.2371567189693451,
                    -0.5028771758079529,
                    -0.6034526228904724
                ],
                [
                    -0.5559934377670288,
                    0.35453924536705017,
                    -0.7517800331115723,
                    -0.9021360278129578
                ],
                [
                    1.6695061333393824e-08,
                    0.9044659733772278,
                    0.4265458583831787,
                    0.5118551254272461
                ],
                [
                    0,
                    0,
                    0,
                    1
                ]
            ]
        },
        {
            "file_path": "004.png",
            "transform_matrix": [
                [
                    -0.4280394911766052,
                    -0.03045530617237091,
                    0.9032468795776367,
                    1.0838961601257324
                ],
                [
                    0.9037601947784424,
                    -0.014424365013837814,
                    0.42779630422592163,
                    0.513355553150177
                ],
                [
                    1.2296851537030307e-08,
                    0.9994321465492249,
                    0.03369835391640663,
                    0.040438197553157806
                ],
                [
                    0,
                    0,
                    0,
                    1
                ]
            ]
        },
        {
            "file_path": "005.png",
            "transform_matrix": [
                [
                    0.654852569103241,
                    -0.31584250926971436,
                    0.6865941882133484,
                    0.823913037776947
                ],
                [
                    0.7557566165924072,
                    0.27367308735847473,
                    -0.5949243307113647,
                    -0.7139092087745667
                ],
                [
                    4.3746197775362816e-08,
                    0.9084858894348145,
                    0.41791558265686035,
                    0.5014986991882324
                ],
                [
                    0,
                    0,
                    0,
                    1
                ]
            ]
        }
    ]
}