{
    "camera_angle_x": 0.8575560450553894,
    "aabb": [
        [
            -0.35,
            -0.35,
            -0.35
        ],
        [
            0.35,
            0.35,
            0.35
        ]
    ],
    "frames": [
        {
            "file_path": "000.png",
            "transform_matrix": [
                [
                    0.14530277252197266,
                    0.30295121669769287,
                    -0.941864013671875,
                    -1.1302367448806763
                ],
                [
                    -0.9893873333930969,
                    0.0444917157292366,
                    -0.13832354545593262,
                    -0.16598840057849884
                ],
                [
                    -4.582575030553926e-08,
                    0.9519670605659485,
                    0.30620077252388,
                    0.3674410581588745
                ],
                [
                    0,
                    0,
                    0,
                    1
                ]
            ]
        },
        {
            "file_path": "001.png",
            "transform_matrix": [
                [
                    0.24213016033172607,
                    -0.3911537230014801,
                    0.8879030346870422,
                    1.0654836893081665
                ],
                [
                    0.9702438116073608,
                    0.09761477261781693,
                    -0.22158151865005493,
                    -0.26589781045913696
                ],
                [
                    -1.943683969329868e-08,
                    0.9151339530944824,
                    0.40314993262290955,
                    0.4837799370288849
                ],
                [
                    0,
                    0,
                    0,
                    1
                ]
            ]
        },
        {
            "file_path": "002.png",
            "transform_matrix": [
                [
                    -0.9956635236740112,
                    -0.02929903008043766,
                    0.08829432725906372,
                    0.10595319420099258
                ],
                [
                    0.09302860498428345,
                    -0.313580721616745,
                    0.9449936151504517,
                    1.133992314338684
                ],
                [
                    -1.295602958251152e-09,
                    0.9491094946861267,
                    0.31494641304016113,
                    0.37793582677841187
                ],
                [
                    0,
                    0,
                    0,
                    1
                ]
            ]
        },
        {
            "file_path": "003.png",
            "transform_matrix": [
                [
                    0.001036806614138186,
                    0.2516394257545471,
                    -0.9678205251693726,
                    -1.1613847017288208
                ],
                [
                    -0.999999463558197,
                    0.00026094296481460333,
                    -0.0010034511797130108,
                    -0.0012041321024298668
                ],
                [
                    6.159702792274402e-08,
                    0.9678210616111755,
                    0.25163954496383667,
                    0.3019675016403198
                ],
                [
                    0,
                    0,
                    0,
                    1
                ]
            ]
        },
        {
            "file_path": "004.png",
            "transform_matrix": [
                [
                    -0.8662222027778625,
                    -0.20303237438201904,
                    0.4565490186214447,
                    0.5478588342666626
                ],
                [
                    0.4996590316295624,
                    -0.35198235511779785,
                    0.7914855480194092,
                    0.9497826099395752
                ],
                [
                    -6.392502527319266e-09,
                    0.9137211441993713,
                    0.4063418209552765,
                    0.4876103103160858
                ],
                [
                    0,
                    0,
                    0,
                    1
                ]
            ]
        },
        {
            "file_path": "005.png",
            "transform_matrix": [
                [
                    -0.9999996423721313,
                    9.462570596951991e-05,
                    -0.0009794390061870217,
                    -0.0011753267608582973
                ],
                [
                    -0.0009839993435889482,
                    -0.09616447240114212,
                    0.9953650236129761,
                    1.1944379806518555
                ],
                [
                    -4.452466867421734e-11,
                    0.995365560054779,
                    0.09616437554359436,
                    0.1153973788022995
                ],
                [
                    0,
                    0,
                    0,
                    1
                ]
            ]
        }
    ]
}