{
    "camera_angle_x": 0.8575560450553894,
    "aabb": [
        [
            -0.35,
            -0.35,
            -0.35
        ],
        [
            0.35,
            0.35,
            0.35
        ]
    ],
    "frames": [
        {
            "file_path": "000.png",
            "transform_matrix": [
                [
                    0.09186367690563202,
                    -0.31355196237564087,
                    0.9451170563697815,
                    1.1341404914855957
                ],
                [
                    0.995771586894989,
                    0.02892640233039856,
                    -0.08719059079885483,
                    -0.10462866723537445
                ],
                [
                    -5.475558850775997e-08,
                    0.9491303563117981,
                    0.31488341093063354,
                    0.3778601586818695
                ],
                [
                    0,
                    0,
                    0,
                    1
                ]
            ]
        },
        {
            "file_path": "001.png",
            "transform_matrix": [
                [
                    -0.1591562032699585,
                    0.22793962061405182,
                    -0.960579514503479,
                    -1.1526954174041748
                ],
                [
                    -0.9872534871101379,
                    -0.03674644976854324,
                    0.15485601127147675,
                    0.18582727015018463
                ],
                [
                    -2.0174788062377047e-08,
                    0.9729816913604736,
                    0.23088252544403076,
                    0.27705901861190796
                ],
                [
                    0,
                    0,
                    0,
                    1
                ]
            ]
        },
        {
            "file_path": "002.png",
            "transform_matrix": [
                [
                    0.9708035588264465,
                    0.11585261672735214,
                    -0.21004436910152435,
                    -0.2520531713962555
                ],
                [
                    -0.2398759424686432,
                    0.4688677489757538,
                    -0.8500722646713257,
                    -1.0200865268707275
                ],
                [
                    -5.818027393189595e-09,
                    0.8756377696990967,
                    0.4829687178134918,
                    0.5795626044273376
                ],
                [
                    0,
                    0,
                    0,
                    1
                ]
            ]
        },
        {
            "file_path": "003.png",
            "transform_matrix": [
                [
                    -0.41384419798851013,
                    -0.3120329678058624,
                    0.8552011251449585,
                    1.0262411832809448
                ],
                [
                    0.9103479981422424,
                    -0.1418502926826477,
                    0.38877424597740173,
                    0.466528981924057
                ],
                [
                    -1.6849316608613663e-08,
                    0.9394223690032959,
                    0.34276217222213745,
                    0.4113147556781769
                ],
                [
                    0,
                    0,
                    0,
                    1
                ]
            ]
        },
        {
            "file_path": "004.png",
            "transform_matrix": [
                [
                    -0.26239049434661865,
                    -0.16369958221912384,
                    0.9509751200675964,
                    1.1411701440811157
                ],
                [
                    0.9649618268013,
                    -0.044512856751680374,
                    0.2585872709751129,
                    0.3103047013282776
                ],
                [
                    -2.5995710473125655e-08,
                    0.9855055212974548,
                    0.1696435660123825,
                    0.20357240736484528
                ],
                [
                    0,
                    0,
                    0,
                    1
                ]
            ]
        },
        {
            "file_path": "005.png",
            "transform_matrix": [
                [
                    0.8072112202644348,
                    -0.16185243427753448,
                    0.5676388740539551,
                    0.6811665892601013
                ],
                [
                    0.590262770652771,
                    0.22134047746658325,
                    -0.7762722373008728,
                    -0.9315264821052551
                ],
                [
                    -2.99107014711808e-08,
                    0.9616717100143433,
                    0.27420392632484436,
                    0.32904481887817383
                ],
                [
                    0,
                    0,
                    0,
                    1
                ]
            ]
        }
    ]
}