{
    "camera_angle_x": 0.8575560450553894,
    "aabb": [
        [
            -0.35,
            -0.35,
            -0.35
        ],
        [
            0.35,
            0.35,
            0.35
        ]
    ],
    "frames": [
        {
            "file_path": "000.png",
            "transform_matrix": [
                [
                    0.031926292926073074,
                    -0.020696885883808136,
                    0.9992760419845581,
                    1.1991311311721802
                ],
                [
                    0.9994903802871704,
                    0.0006608189432881773,
                    -0.031919606029987335,
                    -0.03830351680517197
                ],
                [
                    1.3933902209828375e-07,
                    0.9997857213020325,
                    0.020707281306385994,
                    0.02484900690615177
                ],
                [
                    0,
                    0,
                    0,
                    1
                ]
            ]
        },
        {
            "file_path": "001.png",
            "transform_matrix": [
                [
                    -0.4959650933742523,
                    -0.18454481661319733,
                    0.8485058546066284,
                    1.0182069540023804
                ],
                [
                    0.8683426380157471,
                    -0.10540519654750824,
                    0.4846349358558655,
                    0.5815618634223938
                ],
                [
                    -3.101258982951549e-08,
                    0.9771556854248047,
                    0.21252524852752686,
                    0.2550305128097534
                ],
                [
                    0,
                    0,
                    0,
                    1
                ]
            ]
        },
        {
            "file_path": "002.png",
            "transform_matrix": [
                [
                    0.7567103505134583,
                    -0.02761916257441044,
                    0.653166651725769,
                    0.7838000059127808
                ],
                [
                    0.6537503004074097,
                    0.03196887671947479,
                    -0.756034791469574,
                    -0.907241702079773
                ],
                [
                    2.179857183648437e-08,
                    0.9991072416305542,
                    0.04224720597267151,
                    0.050696663558483124
                ],
                [
                    0,
                    0,
                    0,
                    1
                ]
            ]
        },
        {
            "file_path": "003.png",
            "transform_matrix": [
                [
                    0.6383295655250549,
                    0.11352334171533585,
                    -0.7613460421562195,
                    -0.9136152863502502
                ],
                [
                    -0.769763171672821,
                    0.09413973987102509,
                    -0.6313496232032776,
                    -0.7576195597648621
                ],
                [
                    -3.025197514716638e-08,
                    0.9890652298927307,
                    0.14747828245162964,
                    0.1769738793373108
                ],
                [
                    0,
                    0,
                    0,
                    1
                ]
            ]
        },
        {
            "file_path": "004.png",
            "transform_matrix": [
                [
                    -0.7640155553817749,
                    -0.29063376784324646,
                    0.5760315656661987,
                    0.6912379264831543
                ],
                [
                    0.645197868347168,
                    -0.34415608644485474,
                    0.6821116805076599,
                    0.8185340762138367
                ],
                [
                    4.094361827355897e-08,
                    0.8927982449531555,
                    0.450456827878952,
                    0.5405481457710266
                ],
                [
                    0,
                    0,
                    0,
                    1
                ]
            ]
        },
        {
            "file_path": "005.png",
            "transform_matrix": [
                [
                    0.1126367375254631,
                    -0.2269059270620346,
                    0.9673814177513123,
                    1.1608575582504272
                ],
                [
                    0.9936363101005554,
                    0.025721535086631775,
                    -0.10966063290834427,
                    -0.1315927952528
                ],
                [
                    1.8658010247918355e-08,
                    0.973577082157135,
                    0.22835905849933624,
                    0.27403101325035095
                ],
                [
                    0,
                    0,
                    0,
                    1
                ]
            ]
        }
    ]
}