{
    "camera_angle_x": 0.8575560450553894,
    "aabb": [
        [
            -0.35,
            -0.35,
            -0.35
        ],
        [
            0.35,
            0.35,
            0.35
        ]
    ],
    "frames": [
        {
            "file_path": "000.png",
            "transform_matrix": [
                [
                    -0.8361541032791138,
                    -0.10190850496292114,
                    0.5389444828033447,
                    0.6467333436012268
                ],
                [
                    0.5484947562217712,
                    -0.15535461902618408,
                    0.8215951323509216,
                    0.9859141111373901
                ],
                [
                    -3.3845307001456604e-08,
                    0.9825882911682129,
                    0.1857965886592865,
                    0.22295618057250977
                ],
                [
                    0,
                    0,
                    0,
                    1
                ]
            ]
        },
        {
            "file_path": "001.png",
            "transform_matrix": [
                [
                    0.6090969443321228,
                    0.0003282280813436955,
                    -0.7930957078933716,
                    -0.9517148733139038
                ],
                [
                    -0.7930957674980164,
                    0.00025219880626536906,
                    -0.609096884727478,
                    -0.7309162616729736
                ],
                [
                    8.676410345742624e-08,
                    0.9999998807907104,
                    0.0004139339434914291,
                    0.0004966340493410826
                ],
                [
                    0,
                    0,
                    0,
                    1
                ]
            ]
        },
        {
            "file_path": "002.png",
            "transform_matrix": [
                [
                    -0.332683801651001,
                    -0.4206352233886719,
                    0.8440306186676025,
                    1.0128366947174072
                ],
                [
                    0.9430385231971741,
                    -0.14839103817939758,
                    0.2977558970451355,
                    0.3573071360588074
                ],
                [
                    -1.0054395715997089e-07,
                    0.895011842250824,
                    0.44604238867759705,
                    0.5352510213851929
                ],
                [
                    0,
                    0,
                    0,
                    1
                ]
            ]
        },
        {
            "file_path": "003.png",
            "transform_matrix": [
                [
                    0.3306257426738739,
                    -0.11191706359386444,
                    0.9371025562286377,
                    1.1245231628417969
                ],
                [
                    0.9437620043754578,
                    0.0392075851559639,
                    -0.3282928168773651,
                    -0.39395132660865784
                ],
                [
                    -1.367453705825028e-09,
                    0.9929438233375549,
                    0.11858607083559036,
                    0.14230342209339142
                ],
                [
                    0,
                    0,
                    0,
                    1
                ]
            ]
        },
        {
            "file_path": "004.png",
            "transform_matrix": [
                [
                    -0.7905715107917786,
                    -0.002926341723650694,
                    0.6123631596565247,
                    0.7348357439041138
                ],
                [
                    0.6123701930046082,
                    -0.0037779517006129026,
                    0.7905623316764832,
                    0.9486746788024902
                ],
                [
                    -6.205948466231348e-08,
                    0.9999887347221375,
                    0.0047784955240786076,
                    0.00573450792580843
                ],
                [
                    0,
                    0,
                    0,
                    1
                ]
            ]
        },
        {
            "file_path": "005.png",
            "transform_matrix": [
                [
                    -0.39582568407058716,
                    -0.37762752175331116,
                    0.837090015411377,
                    1.0045078992843628
                ],
                [
                    0.9183257818222046,
                    -0.16276878118515015,
                    0.3608105480670929,
                    0.43297266960144043
                ],
                [
                    5.156636717629226e-08,
                    0.9115393161773682,
                    0.4112130105495453,
                    0.4934557378292084
                ],
                [
                    0,
                    0,
                    0,
                    1
                ]
            ]
        }
    ]
}