{
    "camera_angle_x": 0.8575560450553894,
    "aabb": [
        [
            -0.35,
            -0.35,
            -0.35
        ],
        [
            0.35,
            0.35,
            0.35
        ]
    ],
    "frames": [
        {
            "file_path": "000.png",
            "transform_matrix": [
                [
                    -0.9896900653839111,
                    0.04629726707935333,
                    -0.13553760945796967,
                    -0.1626451164484024
                ],
                [
                    -0.14322666823863983,
                    -0.3199121356010437,
                    0.9365588426589966,
                    1.123870611190796
                ],
                [
                    -1.748362787878932e-09,
                    0.9463154673576355,
                    0.32324469089508057,
                    0.3878936171531677
                ],
                [
                    0,
                    0,
                    0,
                    1
                ]
            ]
        },
        {
            "file_path": "001.png",
            "transform_matrix": [
                [
                    0.09550335258245468,
                    -0.18821874260902405,
                    0.977472722530365,
                    1.1729671955108643
                ],
                [
                    0.9954291582107544,
                    0.018057895824313164,
                    -0.09378068149089813,
                    -0.11253681033849716
                ],
                [
                    9.591074956460943e-08,
                    0.981961190700531,
                    0.18908292055130005,
                    0.22689974308013916
                ],
                [
                    0,
                    0,
                    0,
                    1
                ]
            ]
        },
        {
            "file_path": "002.png",
            "transform_matrix": [
                [
                    -0.9669290781021118,
                    0.010091454721987247,
                    -0.25484609603881836,
                    -0.30581533908843994
                ],
                [
                    -0.2550458312034607,
                    -0.03825872763991356,
                    0.9661718606948853,
                    1.1594061851501465
                ],
                [
                    6.539638164326789e-09,
                    0.9992169737815857,
                    0.039567142724990845,
                    0.04748067259788513
                ],
                [
                    0,
                    0,
                    0,
                    1
                ]
            ]
        },
        {
            "file_path": "003.png",
            "transform_matrix": [
                [
                    0.7579946517944336,
                    0.13083167374134064,
                    -0.6390049457550049,
                    -0.7668057680130005
                ],
                [
                    -0.6522608995437622,
                    0.15203973650932312,
                    -0.742590069770813,
                    -0.891107976436615
                ],
                [
                    -1.785613790161733e-08,
                    0.9796772003173828,
                    0.2005816102027893,
                    0.24069827795028687
                ],
                [
                    0,
                    0,
                    0,
                    1
                ]
            ]
        },
        {
            "file_path": "004.png",
            "transform_matrix": [
                [
                    -0.9215903282165527,
                    0.07032141834497452,
                    -0.381741464138031,
                    -0.4580897092819214
                ],
                [
                    -0.3881644606590271,
                    -0.1669590324163437,
                    0.9063405990600586,
                    1.0876085758209229
                ],
                [
                    2.5555841887126007e-09,
                    0.9834529757499695,
                    0.18116390705108643,
                    0.2173968106508255
                ],
                [
                    0,
                    0,
                    0,
                    1
                ]
            ]
        },
        {
            "file_path": "005.png",
            "transform_matrix": [
                [
                    -0.9298056960105896,
                    -0.0035705724731087685,
                    0.36803409457206726,
                    0.4416408836841583
                ],
                [
                    0.3680514097213745,
                    -0.00902037974447012,
                    0.9297618269920349,
                    1.1157140731811523
                ],
                [
                    -2.3893694134358157e-08,
                    0.9999530911445618,
                    0.009701094590127468,
                    0.0116415498778224
                ],
                [
                    0,
                    0,
                    0,
                    1
                ]
            ]
        }
    ]
}