{
    "camera_angle_x": 0.8575560450553894,
    "aabb": [
        [
            -0.35,
            -0.35,
            -0.35
        ],
        [
            0.35,
            0.35,
            0.35
        ]
    ],
    "frames": [
        {
            "file_path": "000.png",
            "transform_matrix": [
                [
                    -0.9645156860351562,
                    -0.12715090811252594,
                    0.23139192163944244,
                    0.277670294046402
                ],
                [
                    0.2640257179737091,
                    -0.4644967019557953,
                    0.8453007340431213,
                    1.0143609046936035
                ],
                [
                    2.0186517346587607e-08,
                    0.8763991594314575,
                    0.48158541321754456,
                    0.5779024362564087
                ],
                [
                    0,
                    0,
                    0,
                    1
                ]
            ]
        },
        {
            "file_path": "001.png",
            "transform_matrix": [
                [
                    0.185336172580719,
                    0.18415158987045288,
                    -0.9652661681175232,
                    -1.158319354057312
                ],
                [
                    -0.9826752543449402,
                    0.034731559455394745,
                    -0.1820528507232666,
                    -0.21846343576908112
                ],
                [
                    -4.711955625680275e-08,
                    0.9822841286659241,
                    0.18739813566207886,
                    0.22487790882587433
                ],
                [
                    0,
                    0,
                    0,
                    1
                ]
            ]
        },
        {
            "file_path": "002.png",
            "transform_matrix": [
                [
                    -0.050778478384017944,
                    0.20832043886184692,
                    -0.97674161195755,
                    -1.17208993434906
                ],
                [
                    -0.9987099766731262,
                    -0.010591942816972733,
                    0.04966147989034653,
                    0.059593770653009415
                ],
                [
                    -6.517517192605737e-08,
                    0.9780033230781555,
                    0.20858950912952423,
                    0.25030744075775146
                ],
                [
                    0,
                    0,
                    0,
                    1
                ]
            ]
        },
        {
            "file_path": "003.png",
            "transform_matrix": [
                [
                    -0.008879152126610279,
                    -0.3193219304084778,
                    0.9476048350334167,
                    1.1371257305145264
                ],
                [
                    0.9999606609344482,
                    -0.002835419960319996,
                    0.008414181880652905,
                    0.010097028687596321
                ],
                [
                    -7.58232374664658e-08,
                    0.9476421475410461,
                    0.3193344175815582,
                    0.38320133090019226
                ],
                [
                    0,
                    0,
                    0,
                    1
                ]
            ]
        },
        {
            "file_path": "004.png",
            "transform_matrix": [
                [
                    0.7466559410095215,
                    0.19117209315299988,
                    -0.6371484398841858,
                    -0.764578104019165
                ],
                [
                    -0.6652104258537292,
                    0.2145783007144928,
                    -0.715158224105835,
                    -0.8581898808479309
                ],
                [
                    -5.225357568861e-08,
                    0.9578149318695068,
                    0.28738582134246826,
                    0.34486305713653564
                ],
                [
                    0,
                    0,
                    0,
                    1
                ]
            ]
        },
        {
            "file_path": "005.png",
            "transform_matrix": [
                [
                    -0.006395562086254358,
                    0.4655970633029938,
                    -0.8849737644195557,
                    -1.061968445777893
                ],
                [
                    -0.9999796152114868,
                    -0.002977897645905614,
                    0.005659949965775013,
                    0.006791948806494474
                ],
                [
                    -6.532207663667577e-08,
                    0.8849918842315674,
                    0.46560657024383545,
                    0.5587279200553894
                ],
                [
                    0,
                    0,
                    0,
                    1
                ]
            ]
        }
    ]
}