{
    "camera_angle_x": 0.8575560450553894,
    "aabb": [
        [
            -0.35,
            -0.35,
            -0.35
        ],
        [
            0.35,
            0.35,
            0.35
        ]
    ],
    "frames": [
        {
            "file_path": "000.png",
            "transform_matrix": [
                [
                    -0.8303591012954712,
                    0.22412794828414917,
                    -0.5101671814918518,
                    -0.6122006177902222
                ],
                [
                    -0.5572288036346436,
                    -0.3339861035346985,
                    0.7602298855781555,
                    0.9122758507728577
                ],
                [
                    3.184412378232082e-08,
                    0.9155436158180237,
                    0.40221884846687317,
                    0.4826626777648926
                ],
                [
                    0,
                    0,
                    0,
                    1
                ]
            ]
        },
        {
            "file_path": "001.png",
            "transform_matrix": [
                [
                    0.319189190864563,
                    -0.35370391607284546,
                    0.8792109489440918,
                    1.0550531148910522
                ],
                [
                    0.9476910829544067,
                    0.11912994831800461,
                    -0.2961246967315674,
                    -0.35534965991973877
                ],
                [
                    2.3155671158292535e-08,
                    0.9277401566505432,
                    0.37322694063186646,
                    0.44787245988845825
                ],
                [
                    0,
                    0,
                    0,
                    1
                ]
            ]
        },
        {
            "file_path": "002.png",
            "transform_matrix": [
                [
                    0.9115074276924133,
                    -0.14458979666233063,
                    0.3850298523902893,
                    0.4620358347892761
                ],
                [
                    0.41128361225128174,
                    0.3204471468925476,
                    -0.8533226251602173,
                    -1.0239871740341187
                ],
                [
                    -2.099120877119276e-09,
                    0.9361664056777954,
                    0.3515573740005493,
                    0.4218688905239105
                ],
                [
                    0,
                    0,
                    0,
                    1
                ]
            ]
        },
        {
            "file_path": "003.png",
            "transform_matrix": [
                [
                    -0.9215537309646606,
                    -0.08983239531517029,
                    0.37771549820899963,
                    0.45325857400894165
                ],
                [
                    0.38825100660324097,
                    -0.21322643756866455,
                    0.8965465426445007,
                    1.0758558511734009
                ],
                [
                    -7.0123320483617135e-09,
                    0.9728641510009766,
                    0.23137706518173218,
                    0.2776526212692261
                ],
                [
                    0,
                    0,
                    0,
                    1
                ]
            ]
        },
        {
            "file_path": "004.png",
            "transform_matrix": [
                [
                    -0.8162740468978882,
                    0.2750014364719391,
                    -0.5080070495605469,
                    -0.6096084713935852
                ],
                [
                    -0.5776650905609131,
                    -0.3885929584503174,
                    0.7178431153297424,
                    0.8614117503166199
                ],
                [
                    -1.790050774275187e-08,
                    0.8794144988059998,
                    0.47605690360069275,
                    0.5712682604789734
                ],
                [
                    0,
                    0,
                    0,
                    1
                ]
            ]
        },
        {
            "file_path": "005.png",
            "transform_matrix": [
                [
                    -0.6435185074806213,
                    -0.1734897941350937,
                    0.7455100417137146,
                    0.8946120738983154
                ],
                [
                    0.7654305100440979,
                    -0.14585758745670319,
                    0.6267707943916321,
                    0.7521249651908875
                ],
                [
                    -4.473839609886454e-08,
                    0.9739747643470764,
                    0.22665643692016602,
                    0.27198776602745056
                ],
                [
                    0,
                    0,
                    0,
                    1
                ]
            ]
        }
    ]
}