{
    "camera_angle_x": 0.8575560450553894,
    "aabb": [
        [
            -0.35,
            -0.35,
            -0.35
        ],
        [
            0.35,
            0.35,
            0.35
        ]
    ],
    "frames": [
        {
            "file_path": "000.png",
            "transform_matrix": [
                [
                    -0.9809268116950989,
                    0.07879295945167542,
                    -0.1776939481496811,
                    -0.21323271095752716
                ],
                [
                    -0.19437971711158752,
                    -0.3976246118545532,
                    0.8967227935791016,
                    1.0760672092437744
                ],
                [
                    -6.7508292289630845e-09,
                    0.9141591191291809,
                    0.4053557813167572,
                    0.4864271581172943
                ],
                [
                    0,
                    0,
                    0,
                    1
                ]
            ]
        },
        {
            "file_path": "001.png",
            "transform_matrix": [
                [
                    0.9371899962425232,
                    -0.08119764178991318,
                    0.3392370939254761,
                    0.40708455443382263
                ],
                [
                    0.3488192558288574,
                    0.2181577831506729,
                    -0.9114452004432678,
                    -1.0937342643737793
                ],
                [
                    -1.7040564515014012e-08,
                    0.9725297689437866,
                    0.23277859389781952,
                    0.2793341875076294
                ],
                [
                    0,
                    0,
                    0,
                    1
                ]
            ]
        },
        {
            "file_path": "002.png",
            "transform_matrix": [
                [
                    0.9921749234199524,
                    -0.006613429635763168,
                    0.12468027323484421,
                    0.1496163308620453
                ],
                [
                    0.12485554814338684,
                    0.05255412310361862,
                    -0.9907821416854858,
                    -1.1889384984970093
                ],
                [
                    -1.925030801430694e-09,
                    0.9985962510108948,
                    0.05296860635280609,
                    0.06356234103441238
                ],
                [
                    0,
                    0,
                    0,
                    1
                ]
            ]
        },
        {
            "file_path": "003.png",
            "transform_matrix": [
                [
                    0.9511374831199646,
                    0.12354124337434769,
                    -0.2829752564430237,
                    -0.3395703136920929
                ],
                [
                    -0.3087676167488098,
                    0.38056036829948425,
                    -0.8716859221458435,
                    -1.0460231304168701
                ],
                [
                    1.724920295487209e-08,
                    0.9164667725563049,
                    0.40011078119277954,
                    0.48013290762901306
                ],
                [
                    0,
                    0,
                    0,
                    1
                ]
            ]
        },
        {
            "file_path": "004.png",
            "transform_matrix": [
                [
                    -0.8073047399520874,
                    0.25706571340560913,
                    -0.5312027931213379,
                    -0.6374434232711792
                ],
                [
                    -0.5901349186897278,
                    -0.35166600346565247,
                    0.7266855835914612,
                    0.8720226883888245
                ],
                [
                    -7.827342329846942e-09,
                    0.9001379609107971,
                    0.4356049597263336,
                    0.5227259397506714
                ],
                [
                    0,
                    0,
                    0,
                    1
                ]
            ]
        },
        {
            "file_path": "005.png",
            "transform_matrix": [
                [
                    0.9524069428443909,
                    0.11061623692512512,
                    -0.2840510904788971,
                    -0.3408612906932831
                ],
                [
                    -0.3048294186592102,
                    0.3456084728240967,
                    -0.8874873518943787,
                    -1.0649847984313965
                ],
                [
                    -3.8878759767158044e-08,
                    0.9318363070487976,
                    0.3628790080547333,
                    0.43545496463775635
                ],
                [
                    0,
                    0,
                    0,
                    1
                ]
            ]
        }
    ]
}