{
    "camera_angle_x": 0.8575560450553894,
    "aabb": [
        [
            -0.35,
            -0.35,
            -0.35
        ],
        [
            0.35,
            0.35,
            0.35
        ]
    ],
    "frames": [
        {
            "file_path": "000.png",
            "transform_matrix": [
                [
                    -0.5219034552574158,
                    -0.03784647211432457,
                    0.8521646857261658,
                    1.0225975513458252
                ],
                [
                    0.8530046939849854,
                    -0.02315608784556389,
                    0.5213894248008728,
                    0.62566739320755
                ],
                [
                    -7.454843853338389e-09,
                    0.9990153312683105,
                    0.044368352741003036,
                    0.053242024034261703
                ],
                [
                    0,
                    0,
                    0,
                    1
                ]
            ]
        },
        {
            "file_path": "001.png",
            "transform_matrix": [
                [
                    0.33894965052604675,
                    -0.36288198828697205,
                    0.8680034875869751,
                    1.0416040420532227
                ],
                [
                    0.940804660320282,
                    0.13073772192001343,
                    -0.31272128224372864,
                    -0.375265508890152
                ],
                [
                    -3.840473539185041e-08,
                    0.9226183295249939,
                    0.38571441173553467,
                    0.4628574848175049
                ],
                [
                    0,
                    0,
                    0,
                    1
                ]
            ]
        },
        {
            "file_path": "002.png",
            "transform_matrix": [
                [
                    0.385820597410202,
                    0.3341340720653534,
                    -0.8599401712417603,
                    -1.0319280624389648
                ],
                [
                    -0.9225739240646362,
                    0.13973480463027954,
                    -0.35962727665901184,
                    -0.43155282735824585
                ],
                [
                    -4.444771661837876e-08,
                    0.9321098923683167,
                    0.3621758222579956,
                    0.43461117148399353
                ],
                [
                    0,
                    0,
                    0,
                    1
                ]
            ]
        },
        {
            "file_path": "003.png",
            "transform_matrix": [
                [
                    -0.19028319418430328,
                    0.4260093569755554,
                    -0.8844820261001587,
                    -1.0613784790039062
                ],
                [
                    -0.98172926902771,
                    -0.0825711041688919,
                    0.17143423855304718,
                    0.20572111010551453
                ],
                [
                    -2.995247427861614e-08,
                    0.9009429216384888,
                    0.4339376986026764,
                    0.5207251310348511
                ],
                [
                    0,
                    0,
                    0,
                    1
                ]
            ]
        },
        {
            "file_path": "004.png",
            "transform_matrix": [
                [
                    -0.7291075587272644,
                    0.28514158725738525,
                    -0.6221713423728943,
                    -0.746605396270752
                ],
                [
                    -0.6843996644020081,
                    -0.30376842617988586,
                    0.6628140211105347,
                    0.795376718044281
                ],
                [
                    -4.043658208274792e-08,
                    0.9090762138366699,
                    0.4166301488876343,
                    0.499956339597702
                ],
                [
                    0,
                    0,
                    0,
                    1
                ]
            ]
        },
        {
            "file_path": "005.png",
            "transform_matrix": [
                [
                    0.511835515499115,
                    -0.10804614424705505,
                    0.8522619605064392,
                    1.022714376449585
                ],
                [
                    0.8590834736824036,
                    0.06437303870916367,
                    -0.507771372795105,
                    -0.609325647354126
                ],
                [
                    1.1463168192449302e-08,
                    0.992059588432312,
                    0.12576904892921448,
                    0.1509230136871338
                ],
                [
                    0,
                    0,
                    0,
                    1
                ]
            ]
        }
    ]
}