{
    "camera_angle_x": 0.8575560450553894,
    "aabb": [
        [
            -0.35,
            -0.35,
            -0.35
        ],
        [
            0.35,
            0.35,
            0.35
        ]
    ],
    "frames": [
        {
            "file_path": "000.png",
            "transform_matrix": [
                [
                    0.6872275471687317,
                    -0.20099826157093048,
                    0.6980816721916199,
                    0.8376980423927307
                ],
                [
                    0.7264422178268433,
                    0.1901480108499527,
                    -0.6603979468345642,
                    -0.792477548122406
                ],
                [
                    -4.576452994342617e-09,
                    0.9609596729278564,
                    0.2766885757446289,
                    0.33202624320983887
                ],
                [
                    0,
                    0,
                    0,
                    1
                ]
            ]
        },
        {
            "file_path": "001.png",
            "transform_matrix": [
                [
                    0.9757653474807739,
                    0.0669877827167511,
                    -0.20831380784511566,
                    -0.24997657537460327
                ],
                [
                    -0.21881957352161407,
                    0.29871344566345215,
                    -0.9289178252220154,
                    -1.1147013902664185
                ],
                [
                    -1.6486332299336937e-09,
                    0.951988935470581,
                    0.3061324656009674,
                    0.36735907196998596
                ],
                [
                    0,
                    0,
                    0,
                    1
                ]
            ]
        },
        {
            "file_path": "002.png",
            "transform_matrix": [
                [
                    0.23060725629329681,
                    -0.03729734197258949,
                    0.9723318815231323,
                    1.1667982339859009
                ],
                [
                    0.9730469584465027,
                    0.008839275687932968,
                    -0.23043781518936157,
                    -0.27652543783187866
                ],
                [
                    -1.4014410965046409e-08,
                    0.9992651343345642,
                    0.03833044692873955,
                    0.045996520668268204
                ],
                [
                    0,
                    0,
                    0,
                    1
                ]
            ]
        },
        {
            "file_path": "003.png",
            "transform_matrix": [
                [
                    -0.2716549038887024,
                    -0.46530941128730774,
                    0.8424316048622131,
                    1.0109177827835083
                ],
                [
                    0.9623948335647583,
                    -0.13134276866912842,
                    0.23779284954071045,
                    0.2853514850139618
                ],
                [
                    -4.2486831830501615e-08,
                    0.8753493428230286,
                    0.48349112272262573,
                    0.5801894664764404
                ],
                [
                    0,
                    0,
                    0,
                    1
                ]
            ]
        },
        {
            "file_path": "004.png",
            "transform_matrix": [
                [
                    -0.9672300815582275,
                    0.005236455239355564,
                    -0.25384825468063354,
                    -0.30461788177490234
                ],
                [
                    -0.25390225648880005,
                    -0.01994813233613968,
                    0.9670242667198181,
                    1.1604290008544922
                ],
                [
                    8.119777739068468e-09,
                    0.9997873902320862,
                    0.020623764023184776,
                    0.024748757481575012
                ],
                [
                    0,
                    0,
                    0,
                    1
                ]
            ]
        },
        {
            "file_path": "005.png",
            "transform_matrix": [
                [
                    0.9863765239715576,
                    0.04641136899590492,
                    -0.15782061219215393,
                    -0.18938474357128143
                ],
                [
                    -0.16450338065624237,
                    0.2782866060733795,
                    -0.9463061094284058,
                    -1.135567307472229
                ],
                [
                    8.481157998119215e-09,
                    0.9593761563301086,
                    0.2821302115917206,
                    0.33855634927749634
                ],
                [
                    0,
                    0,
                    0,
                    1
                ]
            ]
        }
    ]
}