{
    "camera_angle_x": 0.8575560450553894,
    "aabb": [
        [
            -0.35,
            -0.35,
            -0.35
        ],
        [
            0.35,
            0.35,
            0.35
        ]
    ],
    "frames": [
        {
            "file_path": "000.png",
            "transform_matrix": [
                [
                    -0.7875195145606995,
                    -0.07974525541067123,
                    0.6111087203025818,
                    0.733330488204956
                ],
                [
                    0.6162898540496826,
                    -0.10190168023109436,
                    0.7808988094329834,
                    0.9370785355567932
                ],
                [
                    -7.2842105680592795e-09,
                    0.991593062877655,
                    0.12939564883708954,
                    0.15527494251728058
                ],
                [
                    0,
                    0,
                    0,
                    1
                ]
            ]
        },
        {
            "file_path": "001.png",
            "transform_matrix": [
                [
                    0.9842310547828674,
                    0.006285067647695541,
                    -0.17677608132362366,
                    -0.2121313065290451
                ],
                [
                    -0.17688778042793274,
                    0.034970950335264206,
                    -0.9836096167564392,
                    -1.1803314685821533
                ],
                [
                    -1.7229936588591954e-08,
                    0.9993686079978943,
                    0.03553124517202377,
                    0.0426376573741436
                ],
                [
                    0,
                    0,
                    0,
                    1
                ]
            ]
        },
        {
            "file_path": "002.png",
            "transform_matrix": [
                [
                    0.5737277269363403,
                    0.10454137623310089,
                    -0.8123469948768616,
                    -0.9748162627220154
                ],
                [
                    -0.8190460801124573,
                    0.0732293650507927,
                    -0.5690352320671082,
                    -0.6828422546386719
                ],
                [
                    -7.744148433630471e-09,
                    0.9918208718299866,
                    0.12763789296150208,
                    0.15316560864448547
                ],
                [
                    0,
                    0,
                    0,
                    1
                ]
            ]
        },
        {
            "file_path": "003.png",
            "transform_matrix": [
                [
                    0.11432180553674698,
                    0.2519840896129608,
                    -0.960955023765564,
                    -1.1531461477279663
                ],
                [
                    -0.9934437870979309,
                    0.028997400775551796,
                    -0.11058312654495239,
                    -0.13269978761672974
                ],
                [
                    1.772842850300549e-08,
                    0.967296838760376,
                    0.2536470592021942,
                    0.3043763041496277
                ],
                [
                    0,
                    0,
                    0,
                    1
                ]
            ]
        },
        {
            "file_path": "004.png",
            "transform_matrix": [
                [
                    -0.9357044696807861,
                    -0.06996097415685654,
                    0.34577861428260803,
                    0.41493427753448486
                ],
                [
                    0.3527851700782776,
                    -0.1855599582195282,
                    0.917120635509491,
                    1.1005446910858154
                ],
                [
                    -5.229896515857035e-09,
                    0.9801393151283264,
                    0.19831036031246185,
                    0.23797252774238586
                ],
                [
                    0,
                    0,
                    0,
                    1
                ]
            ]
        },
        {
            "file_path": "005.png",
            "transform_matrix": [
                [
                    -0.36204054951667786,
                    0.16881226003170013,
                    -0.916749119758606,
                    -1.100098967552185
                ],
                [
                    -0.9321622848510742,
                    -0.0655645877122879,
                    0.35605430603027344,
                    0.4272652864456177
                ],
                [
                    2.7162634808064468e-08,
                    0.9834651350975037,
                    0.18109752237796783,
                    0.21731707453727722
                ],
                [
                    0,
                    0,
                    0,
                    1
                ]
            ]
        }
    ]
}