{
    "camera_angle_x": 0.8575560450553894,
    "aabb": [
        [
            -0.35,
            -0.35,
            -0.35
        ],
        [
            0.35,
            0.35,
            0.35
        ]
    ],
    "frames": [
        {
            "file_path": "000.png",
            "transform_matrix": [
                [
                    -0.998171329498291,
                    0.00018161062325816602,
                    -0.060452353209257126,
                    -0.07254282385110855
                ],
                [
                    -0.060452625155448914,
                    -0.0029988731257617474,
                    0.9981666803359985,
                    1.1977999210357666
                ],
                [
                    -4.11807121736274e-09,
                    0.9999955892562866,
                    0.0030041311401873827,
                    0.0036050574854016304
                ],
                [
                    0,
                    0,
                    0,
                    1
                ]
            ]
        },
        {
            "file_path": "001.png",
            "transform_matrix": [
                [
                    0.536403477191925,
                    0.3919203281402588,
                    -0.7474422454833984,
                    -0.8969306349754333
                ],
                [
                    -0.843961775302887,
                    0.24909578263759613,
                    -0.4750579297542572,
                    -0.5700694918632507
                ],
                [
                    -5.421770765678957e-08,
                    0.8856353163719177,
                    0.46438151597976685,
                    0.557257890701294
                ],
                [
                    0,
                    0,
                    0,
                    1
                ]
            ]
        },
        {
            "file_path": "002.png",
            "transform_matrix": [
                [
                    -0.8759783506393433,
                    -0.02888449840247631,
                    0.48148515820503235,
                    0.577782154083252
                ],
                [
                    0.48235079646110535,
                    -0.052456073462963104,
                    0.8744062185287476,
                    1.0492874383926392
                ],
                [
                    -6.281064557356331e-09,
                    0.9982054829597473,
                    0.059882670640945435,
                    0.07185930758714676
                ],
                [
                    0,
                    0,
                    0,
                    1
                ]
            ]
        },
        {
            "file_path": "003.png",
            "transform_matrix": [
                [
                    -0.10236383229494095,
                    0.48830386996269226,
                    -0.866649329662323,
                    -1.0399792194366455
                ],
                [
                    -0.9947471022605896,
                    -0.050248585641384125,
                    0.08918199688196182,
                    0.10701840370893478
                ],
                [
                    4.5152596328534855e-08,
                    0.8712258338928223,
                    0.49088239669799805,
                    0.589059054851532
                ],
                [
                    0,
                    0,
                    0,
                    1
                ]
            ]
        },
        {
            "file_path": "004.png",
            "transform_matrix": [
                [
                    -0.46434175968170166,
                    0.4246358573436737,
                    -0.7772201299667358,
                    -0.9326642155647278
                ],
                [
                    -0.8856560587882996,
                    -0.22263289988040924,
                    0.40748971700668335,
                    0.4889877140522003
                ],
                [
                    -1.7956530484752875e-08,
                    0.8775641918182373,
                    0.47945910692214966,
                    0.5753509402275085
                ],
                [
                    0,
                    0,
                    0,
                    1
                ]
            ]
        },
        {
            "file_path": "005.png",
            "transform_matrix": [
                [
                    -0.9819977879524231,
                    0.07581637799739838,
                    -0.1730094701051712,
                    -0.20761136710643768
                ],
                [
                    -0.18889257311820984,
                    -0.3941473960876465,
                    0.8994262218475342,
                    1.079311490058899
                ],
                [
                    4.734111769266747e-09,
                    0.9159147143363953,
                    0.4013729691505432,
                    0.4816475510597229
                ],
                [
                    0,
                    0,
                    0,
                    1
                ]
            ]
        }
    ]
}