{
    "camera_angle_x": 0.8575560450553894,
    "aabb": [
        [
            -0.35,
            -0.35,
            -0.35
        ],
        [
            0.35,
            0.35,
            0.35
        ]
    ],
    "frames": [
        {
            "file_path": "000.png",
            "transform_matrix": [
                [
                    0.8895954489707947,
                    0.22770173847675323,
                    -0.39594435691833496,
                    -0.4751332104206085
                ],
                [
                    -0.4567493796348572,
                    0.4434869885444641,
                    -0.7711675763130188,
                    -0.925400972366333
                ],
                [
                    9.224578434441355e-09,
                    0.8668744564056396,
                    0.49852660298347473,
                    0.5982320308685303
                ],
                [
                    0,
                    0,
                    0,
                    1
                ]
            ]
        },
        {
            "file_path": "001.png",
            "transform_matrix": [
                [
                    0.007251983042806387,
                    0.2239011824131012,
                    -0.9745848774909973,
                    -1.1695019006729126
                ],
                [
                    -0.999973714351654,
                    0.0016238539246842265,
                    -0.007067840546369553,
                    -0.008481401950120926
                ],
                [
                    8.664467543439969e-08,
                    0.9746105074882507,
                    0.22390706837177277,
                    0.26868847012519836
                ],
                [
                    0,
                    0,
                    0,
                    1
                ]
            ]
        },
        {
            "file_path": "002.png",
            "transform_matrix": [
                [
                    0.47266119718551636,
                    -0.30469459295272827,
                    0.8268933892250061,
                    0.9922720193862915
                ],
                [
                    0.8812442421913147,
                    0.1634249985218048,
                    -0.4435097277164459,
                    -0.5322116613388062
                ],
                [
                    -4.8722963441605316e-08,
                    0.9383248686790466,
                    0.3457549810409546,
                    0.41490602493286133
                ],
                [
                    0,
                    0,
                    0,
                    1
                ]
            ]
        },
        {
            "file_path": "003.png",
            "transform_matrix": [
                [
                    0.43979644775390625,
                    0.12062675505876541,
                    -0.8899597525596619,
                    -1.0679516792297363
                ],
                [
                    -0.898097574710846,
                    0.05907057598233223,
                    -0.43581148982048035,
                    -0.5229737162590027
                ],
                [
                    2.889180450438289e-09,
                    0.9909389615058899,
                    0.13431355357170105,
                    0.16117647290229797
                ],
                [
                    0,
                    0,
                    0,
                    1
                ]
            ]
        },
        {
            "file_path": "004.png",
            "transform_matrix": [
                [
                    -0.5559335350990295,
                    -0.03132079169154167,
                    0.8306363821029663,
                    0.9967637658119202
                ],
                [
                    0.831226646900177,
                    -0.020947692915797234,
                    0.5555387735366821,
                    0.6666465401649475
                ],
                [
                    3.7600045743602095e-08,
                    0.9992898106575012,
                    0.03768027573823929,
                    0.04521626979112625
                ],
                [
                    0,
                    0,
                    0,
                    1
                ]
            ]
        },
        {
            "file_path": "005.png",
            "transform_matrix": [
                [
                    0.7503576278686523,
                    0.1197686716914177,
                    -0.6500914692878723,
                    -0.7801098227500916
                ],
                [
                    -0.6610320806503296,
                    0.13595300912857056,
                    -0.737938642501831,
                    -0.8855263590812683
                ],
                [
                    5.112864798206829e-09,
                    0.9834492206573486,
                    0.1811842918395996,
                    0.2174212485551834
                ],
                [
                    0,
                    0,
                    0,
                    1
                ]
            ]
        }
    ]
}