{
    "camera_angle_x": 0.8575560450553894,
    "aabb": [
        [
            -0.35,
            -0.35,
            -0.35
        ],
        [
            0.35,
            0.35,
            0.35
        ]
    ],
    "frames": [
        {
            "file_path": "000.png",
            "transform_matrix": [
                [
                    -0.9236114621162415,
                    -0.14574792981147766,
                    0.35454174876213074,
                    0.42545005679130554
                ],
                [
                    0.3833305537700653,
                    -0.35117074847221375,
                    0.8542464971542358,
                    1.0250957012176514
                ],
                [
                    -1.426290729966695e-08,
                    0.9248983263969421,
                    0.380214661359787,
                    0.45625776052474976
                ],
                [
                    0,
                    0,
                    0,
                    1
                ]
            ]
        },
        {
            "file_path": "001.png",
            "transform_matrix": [
                [
                    0.2832644581794739,
                    0.36272069811820984,
                    -0.8878034353256226,
                    -1.065364122390747
                ],
                [
                    -0.9590418338775635,
                    0.1071338802576065,
                    -0.26222339272499084,
                    -0.31466808915138245
                ],
                [
                    1.0845944586890255e-08,
                    0.9257192015647888,
                    0.37821152806282043,
                    0.4538538455963135
                ],
                [
                    0,
                    0,
                    0,
                    1
                ]
            ]
        },
        {
            "file_path": "002.png",
            "transform_matrix": [
                [
                    0.5567905902862549,
                    -0.1918347030878067,
                    0.8081977963447571,
                    0.9698373675346375
                ],
                [
                    0.8306528925895691,
                    0.1285877674818039,
                    -0.5417388081550598,
                    -0.6500865817070007
                ],
                [
                    -3.39282451022882e-08,
                    0.9729669094085693,
                    0.23094452917575836,
                    0.27713337540626526
                ],
                [
                    0,
                    0,
                    0,
                    1
                ]
            ]
        },
        {
            "file_path": "003.png",
            "transform_matrix": [
                [
                    -0.8576317429542542,
                    -0.1929578185081482,
                    0.47669219970703125,
                    0.5720306038856506
                ],
                [
                    0.514264702796936,
                    -0.32179293036460876,
                    0.7949725985527039,
                    0.9539670348167419
                ],
                [
                    -3.8361473997383655e-08,
                    0.9269394874572754,
                    0.3752109706401825,
                    0.45025336742401123
                ],
                [
                    0,
                    0,
                    0,
                    1
                ]
            ]
        },
        {
            "file_path": "004.png",
            "transform_matrix": [
                [
                    0.8498232364654541,
                    0.06776690483093262,
                    -0.5226932168006897,
                    -0.6272318959236145
                ],
                [
                    -0.5270678400993347,
                    0.1092645600438118,
                    -0.8427697420120239,
                    -1.0113235712051392
                ],
                [
                    -1.6685614667721893e-08,
                    0.9917000532150269,
                    0.12857329845428467,
                    0.15428805351257324
                ],
                [
                    0,
                    0,
                    0,
                    1
                ]
            ]
        },
        {
            "file_path": "005.png",
            "transform_matrix": [
                [
                    -0.9981839060783386,
                    -0.017218196764588356,
                    0.05772869288921356,
                    0.0692744329571724
                ],
                [
                    0.06024174764752388,
                    -0.28529930114746094,
                    0.9565434455871582,
                    1.1478521823883057
                ],
                [
                    5.692919469169055e-10,
                    0.9582838416099548,
                    0.28581830859184265,
                    0.3429819345474243
                ],
                [
                    0,
                    0,
                    0,
                    1
                ]
            ]
        }
    ]
}