{
    "camera_angle_x": 0.8575560450553894,
    "aabb": [
        [
            -0.35,
            -0.35,
            -0.35
        ],
        [
            0.35,
            0.35,
            0.35
        ]
    ],
    "frames": [
        {
            "file_path": "000.png",
            "transform_matrix": [
                [
                    0.4664657413959503,
                    -0.005320531316101551,
                    0.884523332118988,
                    1.0614279508590698
                ],
                [
                    0.8845393061637878,
                    0.002805683994665742,
                    -0.46645739674568176,
                    -0.5597488284111023
                ],
                [
                    3.912028745389762e-08,
                    0.9999819993972778,
                    0.006014932878315449,
                    0.007217960432171822
                ],
                [
                    0,
                    0,
                    0,
                    1
                ]
            ]
        },
        {
            "file_path": "001.png",
            "transform_matrix": [
                [
                    -0.9965530037879944,
                    0.007972130551934242,
                    -0.08257486671209335,
                    -0.0990898385643959
                ],
                [
                    -0.08295880258083344,
                    -0.09576625376939774,
                    0.9919408559799194,
                    1.1903290748596191
                ],
                [
                    -1.7738663871114113e-09,
                    0.99537193775177,
                    0.09609746932983398,
                    0.11531694233417511
                ],
                [
                    0,
                    0,
                    0,
                    1
                ]
            ]
        },
        {
            "file_path": "002.png",
            "transform_matrix": [
                [
                    0.364196240901947,
                    -0.295244038105011,
                    0.883284866809845,
                    1.0599417686462402
                ],
                [
                    0.9313223361968994,
                    0.11545596271753311,
                    -0.34541118144989014,
                    -0.41449350118637085
                ],
                [
                    -1.6421353166151675e-08,
                    0.9484202861785889,
                    0.3170158863067627,
                    0.38041916489601135
                ],
                [
                    0,
                    0,
                    0,
                    1
                ]
            ]
        },
        {
            "file_path": "003.png",
            "transform_matrix": [
                [
                    -0.10966404527425766,
                    0.3811621069908142,
                    -0.9179811477661133,
                    -1.1015774011611938
                ],
                [
                    -0.9939687848091125,
                    -0.04205344617366791,
                    0.1012803241610527,
                    0.12153644859790802
                ],
                [
                    -7.0385297590291884e-09,
                    0.9235513210296631,
                    0.3834749162197113,
                    0.4601700007915497
                ],
                [
                    0,
                    0,
                    0,
                    1
                ]
            ]
        },
        {
            "file_path": "004.png",
            "transform_matrix": [
                [
                    0.2565501630306244,
                    0.01013905182480812,
                    -0.9664777517318726,
                    -1.159773349761963
                ],
                [
                    -0.9665309190750122,
                    0.00269120535813272,
                    -0.256536066532135,
                    -0.30784326791763306
                ],
                [
                    -2.6221393056857778e-08,
                    0.9999449849128723,
                    0.010490124113857746,
                    0.012588159181177616
                ],
                [
                    0,
                    0,
                    0,
                    1
                ]
            ]
        },
        {
            "file_path": "005.png",
            "transform_matrix": [
                [
                    0.17053860425949097,
                    0.014691353775560856,
                    -0.9852415323257446,
                    -1.1822898387908936
                ],
                [
                    -0.9853510856628418,
                    0.0025426011998206377,
                    -0.17051972448825836,
                    -0.204623743891716
                ],
                [
                    -1.678415983974446e-08,
                    0.9998888969421387,
                    0.01490969117730856,
                    0.017891762778162956
                ],
                [
                    0,
                    0,
                    0,
                    1
                ]
            ]
        }
    ]
}