{
    "camera_angle_x": 0.8575560450553894,
    "aabb": [
        [
            -0.35,
            -0.35,
            -0.35
        ],
        [
            0.35,
            0.35,
            0.35
        ]
    ],
    "frames": [
        {
            "file_path": "000.png",
            "transform_matrix": [
                [
                    0.7913365364074707,
                    0.01212061382830143,
                    -0.6112606525421143,
                    -0.7335128784179688
                ],
                [
                    -0.6113808155059814,
                    0.015688281506299973,
                    -0.7911809682846069,
                    -0.9494171738624573
                ],
                [
                    2.3582108710229477e-08,
                    0.9998034834861755,
                    0.019825022667646408,
                    0.023789992555975914
                ],
                [
                    0,
                    0,
                    0,
                    1
                ]
            ]
        },
        {
            "file_path": "001.png",
            "transform_matrix": [
                [
                    0.7913822531700134,
                    0.2056991457939148,
                    -0.5756752490997314,
                    -0.6908103227615356
                ],
                [
                    -0.6113216280937195,
                    0.2662864327430725,
                    -0.7452364563941956,
                    -0.8942838311195374
                ],
                [
                    -1.8376676180764662e-08,
                    0.9416896104812622,
                    0.3364827036857605,
                    0.40377917885780334
                ],
                [
                    0,
                    0,
                    0,
                    1
                ]
            ]
        },
        {
            "file_path": "002.png",
            "transform_matrix": [
                [
                    -0.026541825383901596,
                    0.34254083037376404,
                    -0.9391281008720398,
                    -1.1269536018371582
                ],
                [
                    -0.999647855758667,
                    -0.00909492839127779,
                    0.024934841319918633,
                    0.02992188185453415
                ],
                [
                    1.7683710495930427e-08,
                    0.9394590854644775,
                    0.34266141057014465,
                    0.41119369864463806
                ],
                [
                    0,
                    0,
                    0,
                    1
                ]
            ]
        },
        {
            "file_path": "003.png",
            "transform_matrix": [
                [
                    -0.6378041505813599,
                    0.19679586589336395,
                    -0.7446324229240417,
                    -0.8935588598251343
                ],
                [
                    -0.7701987028121948,
                    -0.16296735405921936,
                    0.6166325807571411,
                    0.7399590611457825
                ],
                [
                    8.799158734973389e-09,
                    0.966805636882782,
                    0.255513072013855,
                    0.30661576986312866
                ],
                [
                    0,
                    0,
                    0,
                    1
                ]
            ]
        },
        {
            "file_path": "004.png",
            "transform_matrix": [
                [
                    0.590121865272522,
                    0.07281794399023056,
                    -0.8040235042572021,
                    -0.9648281931877136
                ],
                [
                    -0.8073142170906067,
                    0.05322767421603203,
                    -0.5877164006233215,
                    -0.7052597999572754
                ],
                [
                    -1.4787318036724173e-08,
                    0.9959238767623901,
                    0.09019777923822403,
                    0.10823739320039749
                ],
                [
                    0,
                    0,
                    0,
                    1
                ]
            ]
        },
        {
            "file_path": "005.png",
            "transform_matrix": [
                [
                    -0.928091287612915,
                    -0.08842144161462784,
                    0.3617021143436432,
                    0.43404248356819153
                ],
                [
                    0.3723530173301697,
                    -0.22039075195789337,
                    0.9015438556671143,
                    1.0818525552749634
                ],
                [
                    -2.8702135779212767e-08,
                    0.97139573097229,
                    0.23746658861637115,
                    0.284960001707077
                ],
                [
                    0,
                    0,
                    0,
                    1
                ]
            ]
        }
    ]
}