{
    "camera_angle_x": 0.8575560450553894,
    "aabb": [
        [
            -0.35,
            -0.35,
            -0.35
        ],
        [
            0.35,
            0.35,
            0.35
        ]
    ],
    "frames": [
        {
            "file_path": "000.png",
            "transform_matrix": [
                [
                    -0.9554885625839233,
                    -0.12601134181022644,
                    0.2667640149593353,
                    0.3201168179512024
                ],
                [
                    0.2950286567211151,
                    -0.4081040918827057,
                    0.8639498353004456,
                    1.0367398262023926
                ],
                [
                    -6.3335043876122654e-09,
                    0.904197096824646,
                    0.4271155297756195,
                    0.5125387907028198
                ],
                [
                    0,
                    0,
                    0,
                    1
                ]
            ]
        },
        {
            "file_path": "001.png",
            "transform_matrix": [
                [
                    0.5896811485290527,
                    0.1936354637145996,
                    -0.7840800285339355,
                    -0.9408959746360779
                ],
                [
                    -0.8076361417770386,
                    0.14137941598892212,
                    -0.5724821090698242,
                    -0.6869785785675049
                ],
                [
                    -4.669142583679786e-08,
                    0.9708332419395447,
                    0.2397557646036148,
                    0.28770703077316284
                ],
                [
                    0,
                    0,
                    0,
                    1
                ]
            ]
        },
        {
            "file_path": "002.png",
            "transform_matrix": [
                [
                    0.4533916115760803,
                    0.20306549966335297,
                    -0.8678713440895081,
                    -1.0414454936981201
                ],
                [
                    -0.891311526298523,
                    0.10329506546258926,
                    -0.4414682388305664,
                    -0.529761791229248
                ],
                [
                    5.975039130134974e-09,
                    0.9737015962600708,
                    0.22782762348651886,
                    0.2733931839466095
                ],
                [
                    0,
                    0,
                    0,
                    1
                ]
            ]
        },
        {
            "file_path": "003.png",
            "transform_matrix": [
                [
                    0.8084689378738403,
                    -0.039742957800626755,
                    0.5871954560279846,
                    0.7046345472335815
                ],
                [
                    0.5885388851165771,
                    0.054594408720731735,
                    -0.8066235184669495,
                    -0.9679481983184814
                ],
                [
                    -1.908165359054692e-08,
                    0.9977174401283264,
                    0.0675281435251236,
                    0.08103372156620026
                ],
                [
                    0,
                    0,
                    0,
                    1
                ]
            ]
        },
        {
            "file_path": "004.png",
            "transform_matrix": [
                [
                    -0.8803099393844604,
                    -0.12712256610393524,
                    0.4570499658584595,
                    0.5484598875045776
                ],
                [
                    0.4743994176387787,
                    -0.23589253425598145,
                    0.8481156826019287,
                    1.017738699913025
                ],
                [
                    -1.7216279957210645e-08,
                    0.9634286761283875,
                    0.267965167760849,
                    0.3215583264827728
                ],
                [
                    0,
                    0,
                    0,
                    1
                ]
            ]
        },
        {
            "file_path": "005.png",
            "transform_matrix": [
                [
                    0.7725052237510681,
                    -0.12659558653831482,
                    0.6222614049911499,
                    0.7467136383056641
                ],
                [
                    0.6350084543228149,
                    0.1540069729089737,
                    -0.7569982409477234,
                    -0.9083977937698364
                ],
                [
                    -1.806740357324088e-08,
                    0.9799262881278992,
                    0.1993604302406311,
                    0.23923270404338837
                ],
                [
                    0,
                    0,
                    0,
                    1
                ]
            ]
        }
    ]
}