{
    "camera_angle_x": 0.8575560450553894,
    "aabb": [
        [
            -0.35,
            -0.35,
            -0.35
        ],
        [
            0.35,
            0.35,
            0.35
        ]
    ],
    "frames": [
        {
            "file_path": "000.png",
            "transform_matrix": [
                [
                    -0.5863599181175232,
                    -0.212224081158638,
                    0.7817563414573669,
                    0.9381076693534851
                ],
                [
                    0.8100506663322449,
                    -0.15361961722373962,
                    0.5658789277076721,
                    0.6790547370910645
                ],
                [
                    -1.9417459640180823e-08,
                    0.9650709629058838,
                    0.26198863983154297,
                    0.3143864572048187
                ],
                [
                    0,
                    0,
                    0,
                    1
                ]
            ]
        },
        {
            "file_path": "001.png",
            "transform_matrix": [
                [
                    -0.7492360472679138,
                    -0.3220720589160919,
                    0.5787186622619629,
                    0.6944623589515686
                ],
                [
                    0.6623033285140991,
                    -0.3643466830253601,
                    0.6546801328659058,
                    0.7856160998344421
                ],
                [
                    -2.1423925744556982e-08,
                    0.8737971186637878,
                    0.4862907826900482,
                    0.5835490822792053
                ],
                [
                    0,
                    0,
                    0,
                    1
                ]
            ]
        },
        {
            "file_path": "002.png",
            "transform_matrix": [
                [
                    0.40940916538238525,
                    0.405570387840271,
                    -0.8172495365142822,
                    -0.9806994795799255
                ],
                [
                    -0.9123508930206299,
                    0.18199600279331207,
                    -0.3667333126068115,
                    -0.4400799870491028
                ],
                [
                    -4.6389209140684784e-10,
                    0.8957623243331909,
                    0.4445333182811737,
                    0.5334399938583374
                ],
                [
                    0,
                    0,
                    0,
                    1
                ]
            ]
        },
        {
            "file_path": "003.png",
            "transform_matrix": [
                [
                    0.949181318283081,
                    -0.11256971210241318,
                    0.29390963912010193,
                    0.3526915907859802
                ],
                [
                    0.3147297501564026,
                    0.33949458599090576,
                    -0.8863908052444458,
                    -1.063668966293335
                ],
                [
                    1.3268517840003824e-08,
                    0.9338476657867432,
                    0.35767096281051636,
                    0.4292052686214447
                ],
                [
                    0,
                    0,
                    0,
                    1
                ]
            ]
        },
        {
            "file_path": "004.png",
            "transform_matrix": [
                [
                    -0.9779585599899292,
                    -0.07247422635555267,
                    0.19581831991672516,
                    0.23498199880123138
                ],
                [
                    0.20879973471164703,
                    -0.3394487202167511,
                    0.9171572327613831,
                    1.1005886793136597
                ],
                [
                    3.572355744552169e-09,
                    0.9378284811973572,
                    0.3470992147922516,
                    0.41651904582977295
                ],
                [
                    0,
                    0,
                    0,
                    1
                ]
            ]
        },
        {
            "file_path": "005.png",
            "transform_matrix": [
                [
                    0.8912023305892944,
                    0.13136257231235504,
                    -0.43416860699653625,
                    -0.5210022926330566
                ],
                [
                    -0.45360609889030457,
                    0.2580886483192444,
                    -0.8530135154724121,
                    -1.023616075515747
                ],
                [
                    2.8496620174678355e-08,
                    0.9571491479873657,
                    0.2895960211753845,
                    0.34751540422439575
                ],
                [
                    0,
                    0,
                    0,
                    1
                ]
            ]
        }
    ]
}